# timestamp tx ty tz qx qy qz qw
1649856227.767436 0.006333 -0.031179 0.019300 0.022280 0.021291 -0.000176 0.999525
1649856227.842431 0.007778 -0.030886 0.017771 0.022428 0.021279 0.000750 0.999522
1649856227.867430 -0.018383 -0.020935 0.033089 0.021312 0.020500 -0.007124 0.999537
1649856227.892428 -0.007842 -0.019175 0.013398 0.012532 0.013821 -0.005360 0.999812
1649856227.917427 -0.002512 -0.018679 0.013346 0.014921 0.014242 -0.002778 0.999783
1649856227.942425 0.002093 -0.018252 0.013122 0.015923 0.016057 -0.001001 0.999744
1649856227.967423 0.003928 -0.017325 0.015749 0.016723 0.017220 0.000092 0.999712
1649856227.992422 0.003986 -0.017178 0.016878 0.016898 0.017506 0.000378 0.999704
1649856228.017420 0.003049 -0.017785 0.016818 0.016251 0.016978 -0.000485 0.999724
1649856228.042419 0.001896 -0.017791 0.016791 0.015759 0.016742 -0.000962 0.999735
1649856228.067417 0.000536 -0.017786 0.016998 0.015460 0.016640 -0.001378 0.999741
1649856228.092416 -0.000583 -0.017555 0.016991 0.015231 0.016546 -0.001659 0.999746
1649856228.117414 -0.001027 -0.017790 0.016591 0.015188 0.016426 -0.001609 0.999748
1649856228.142413 -0.001779 -0.017628 0.016452 0.015235 0.016427 -0.001565 0.999748
1649856228.192410 -0.003306 -0.016662 0.016035 0.015379 0.016354 -0.001523 0.999747
1649856228.217408 -0.003104 -0.016726 0.015516 0.015503 0.016267 -0.001733 0.999746
1649856228.242407 -0.003330 -0.016406 0.015101 0.015616 0.016207 -0.001762 0.999745
1649856228.267405 -0.003716 -0.016009 0.015027 0.015647 0.016167 -0.001827 0.999745
1649856228.292403 -0.004106 -0.015506 0.015121 0.015663 0.016190 -0.001908 0.999744
1649856228.317402 -0.004426 -0.015404 0.015012 0.015617 0.016247 -0.002007 0.999744
1649856228.342400 -0.004901 -0.015002 0.015055 0.015601 0.016241 -0.001965 0.999744
1649856228.367399 -0.005493 -0.014512 0.015289 0.015494 0.016303 -0.001919 0.999745
1649856228.392397 -0.005798 -0.014122 0.015503 0.015454 0.016239 -0.001887 0.999747
1649856228.417396 -0.005946 -0.014189 0.015500 0.015425 0.016224 -0.002079 0.999747
1649856228.442394 -0.006327 -0.014030 0.015697 0.015427 0.016185 -0.002124 0.999748
1649856228.467393 -0.006652 -0.013810 0.016008 0.015389 0.016150 -0.002122 0.999749
1649856228.492391 -0.006836 -0.013549 0.016205 0.015410 0.016070 -0.002191 0.999750
1649856228.517390 -0.006844 -0.013630 0.016226 0.015389 0.016114 -0.002319 0.999749
1649856228.542388 -0.007032 -0.013425 0.016341 0.015386 0.016103 -0.002287 0.999749
1649856228.567386 -0.007202 -0.013163 0.016552 0.015357 0.016112 -0.002239 0.999750
1649856228.592385 -0.007153 -0.012948 0.016717 0.015321 0.016168 -0.002201 0.999749
1649856228.617383 -0.006851 -0.013150 0.016669 0.015269 0.016204 -0.002376 0.999749
1649856228.642382 -0.006696 -0.013099 0.016768 0.015276 0.016159 -0.002389 0.999750
1649856228.667380 -0.006507 -0.013053 0.016955 0.015256 0.016106 -0.002359 0.999751
1649856228.692379 -0.006378 -0.013082 0.017153 0.015252 0.016074 -0.002293 0.999752
1649856228.717377 -0.006294 -0.013417 0.017168 0.015274 0.016024 -0.002292 0.999752
1649856228.742376 -0.006435 -0.013464 0.017273 0.015292 0.016004 -0.002241 0.999752
1649856228.767374 -0.006615 -0.013462 0.017267 0.015337 0.015974 -0.002162 0.999752
1649856228.792373 -0.006541 -0.013609 0.017186 0.015389 0.015978 -0.002108 0.999752
1649856228.817371 -0.006449 -0.013854 0.017023 0.015319 0.015957 -0.002309 0.999753
1649856228.842370 -0.006504 -0.013862 0.016893 0.015302 0.015966 -0.002311 0.999753
1649856228.867368 -0.006526 -0.013888 0.016788 0.015295 0.016041 -0.002278 0.999752
1649856228.892366 -0.006476 -0.013823 0.016669 0.015324 0.016071 -0.002286 0.999751
1649856228.917365 -0.006272 -0.013805 0.016455 0.015338 0.016002 -0.002349 0.999752
1649856228.942363 -0.006260 -0.013583 0.016281 0.015365 0.015974 -0.002282 0.999752
1649856228.967362 -0.006243 -0.013320 0.016235 0.015346 0.015947 -0.002204 0.999753
1649856228.992360 -0.006176 -0.013084 0.016238 0.015345 0.015905 -0.002174 0.999753
1649856229.017359 -0.006077 -0.013248 0.016282 0.015336 0.015973 -0.002266 0.999752
1649856229.042357 -0.006097 -0.013193 0.016336 0.015328 0.016002 -0.002248 0.999752
1649856229.067356 -0.006161 -0.013139 0.016593 0.015264 0.016047 -0.002206 0.999752
1649856229.092354 -0.006153 -0.013088 0.016763 0.015247 0.016010 -0.002167 0.999753
1649856229.117352 -0.006271 -0.013231 0.016885 0.015251 0.016054 -0.002252 0.999752
1649856229.142351 -0.006532 -0.013185 0.016982 0.015272 0.016061 -0.002232 0.999752
1649856229.167349 -0.006804 -0.013141 0.017114 0.015271 0.016067 -0.002227 0.999752
1649856229.192348 -0.006856 -0.013151 0.017103 0.015279 0.016096 -0.002190 0.999751
1649856229.217346 -0.006746 -0.013411 0.017022 0.015249 0.016093 -0.002262 0.999752
1649856229.267343 -0.007991 -0.012446 0.017221 0.015214 0.016098 -0.002255 0.999752
1649856229.292342 -0.007911 -0.012580 0.017307 0.015185 0.016096 -0.002228 0.999753
1649856229.317340 -0.007681 -0.013013 0.017186 0.015172 0.016058 -0.002293 0.999753
1649856229.342339 -0.007639 -0.013098 0.017098 0.015199 0.016003 -0.002235 0.999754
1649856229.367337 -0.007610 -0.013154 0.017046 0.015218 0.015947 -0.002191 0.999755
1649856229.392335 -0.007479 -0.013183 0.016978 0.015260 0.015848 -0.002161 0.999756
1649856229.417334 -0.007356 -0.013410 0.016884 0.015275 0.015916 -0.002344 0.999754
1649856229.442333 -0.007402 -0.013446 0.016895 0.015280 0.015983 -0.002313 0.999753
1649856229.467331 -0.007467 -0.013503 0.017028 0.015265 0.016020 -0.002327 0.999752
1649856229.492329 -0.007436 -0.013564 0.017120 0.015263 0.016052 -0.002337 0.999752
1649856229.517328 -0.007381 -0.013672 0.017211 0.015254 0.016089 -0.002334 0.999751
1649856229.542326 -0.007468 -0.013527 0.017299 0.015296 0.016061 -0.002259 0.999751
1649856229.567325 -0.007581 -0.013352 0.017381 0.015313 0.016052 -0.002212 0.999751
1649856229.592323 -0.007516 -0.013189 0.017420 0.015339 0.016085 -0.002160 0.999751
1649856229.617322 -0.007159 -0.013063 0.017353 0.015308 0.016057 -0.002305 0.999751
1649856229.642320 -0.006985 -0.012756 0.017362 0.015257 0.016085 -0.002249 0.999752
1649856229.667319 -0.006845 -0.012377 0.017432 0.015190 0.016089 -0.002233 0.999753
1649856229.692317 -0.006760 -0.012009 0.017497 0.015109 0.016122 -0.002258 0.999753
1649856229.717315 -0.006454 -0.012011 0.017442 0.015152 0.016132 -0.002323 0.999752
1649856229.742314 -0.006268 -0.011876 0.017473 0.015195 0.016118 -0.002233 0.999752
1649856229.767312 -0.006047 -0.011830 0.017661 0.015173 0.016090 -0.002158 0.999753
1649856229.792311 -0.005704 -0.011853 0.017695 0.015145 0.016069 -0.002087 0.999754
1649856229.817309 -0.005545 -0.011894 0.017561 0.015102 0.016090 -0.002217 0.999754
1649856229.842308 -0.005474 -0.011689 0.017421 0.015101 0.016112 -0.002177 0.999754
1649856229.867306 -0.005452 -0.011466 0.017252 0.015101 0.016118 -0.002187 0.999754
1649856229.892305 -0.005438 -0.011222 0.017130 0.015155 0.016099 -0.002147 0.999753
1649856229.917303 -0.005687 -0.011151 0.017041 0.015218 0.016068 -0.002145 0.999753
1649856229.942302 -0.006083 -0.010864 0.016963 0.015290 0.016043 -0.002095 0.999752
1649856229.967300 -0.006486 -0.010545 0.017003 0.015326 0.016023 -0.002042 0.999752
1649856229.992299 -0.006746 -0.010306 0.016993 0.015366 0.016035 -0.001957 0.999751
1649856230.017297 -0.006724 -0.010480 0.016635 0.015238 0.016134 -0.002099 0.999752
1649856230.042295 -0.006815 -0.010305 0.016247 0.015181 0.016218 -0.002027 0.999751
1649856230.067294 -0.006881 -0.010084 0.015979 0.015140 0.016276 -0.001981 0.999751
1649856230.092292 -0.006730 -0.009841 0.016081 0.015094 0.016276 -0.001928 0.999752
1649856230.117291 -0.006801 -0.009981 0.016319 0.015117 0.016275 -0.002057 0.999751
1649856230.142289 -0.007019 -0.010002 0.016688 0.015122 0.016185 -0.002160 0.999752
1649856230.167288 -0.007312 -0.010053 0.017043 0.015140 0.016150 -0.002235 0.999752
1649856230.192286 -0.007502 -0.010132 0.017344 0.015162 0.016121 -0.002298 0.999752
1649856230.217285 -0.007649 -0.010409 0.017330 0.014982 0.016193 -0.002410 0.999754
1649856230.242283 -0.007970 -0.010439 0.017472 0.014958 0.016252 -0.002396 0.999753
1649856230.267280 -0.008270 -0.010504 0.017578 0.014931 0.016295 -0.002355 0.999753
1649856230.292278 -0.008362 -0.010537 0.017540 0.014884 0.016389 -0.002324 0.999752
1649856230.317277 -0.008282 -0.010498 0.017475 0.014946 0.016404 -0.002374 0.999751
1649856230.342275 -0.008380 -0.010278 0.017396 0.014991 0.016442 -0.002313 0.999750
1649856230.367274 -0.008492 -0.009999 0.017428 0.015036 0.016473 -0.002262 0.999749
1649856230.392272 -0.008459 -0.009709 0.017562 0.015082 0.016452 -0.002220 0.999748
1649856230.417270 -0.008150 -0.009652 0.017584 0.015014 0.016453 -0.002291 0.999749
1649856230.442269 -0.007972 -0.009435 0.017613 0.014980 0.016452 -0.002265 0.999750
1649856230.467267 -0.007752 -0.009167 0.017714 0.014947 0.016444 -0.002227 0.999751
1649856230.492266 -0.007585 -0.008871 0.017823 0.014918 0.016437 -0.002227 0.999751
1649856230.517264 -0.007501 -0.008607 0.017943 0.014963 0.016388 -0.002279 0.999751
1649856230.542263 -0.007594 -0.008076 0.018112 0.015011 0.016334 -0.002236 0.999751
1649856230.567261 -0.007669 -0.007582 0.018309 0.015022 0.016292 -0.002201 0.999752
1649856230.592259 -0.007694 -0.007239 0.018439 0.015017 0.016308 -0.002166 0.999752
1649856230.617258 -0.007413 -0.007036 0.018349 0.014948 0.016415 -0.002206 0.999751
1649856230.642256 -0.007324 -0.006686 0.018235 0.014914 0.016532 -0.002152 0.999750
1649856230.667255 -0.007242 -0.006342 0.018171 0.014868 0.016683 -0.002097 0.999748
1649856230.692253 -0.007086 -0.006003 0.018331 0.014887 0.016678 -0.001992 0.999748
1649856230.717252 -0.007060 -0.006121 0.018358 0.014932 0.016488 -0.002057 0.999750
1649856230.742250 -0.007155 -0.006147 0.018619 0.014978 0.016314 -0.002040 0.999753
1649856230.767249 -0.007309 -0.006222 0.018803 0.015061 0.016134 -0.002079 0.999754
1649856230.792247 -0.007452 -0.006404 0.018730 0.015049 0.016097 -0.002124 0.999755
1649856230.817245 -0.007427 -0.006638 0.018617 0.014950 0.016292 -0.002030 0.999753
1649856230.842244 -0.007552 -0.006860 0.018532 0.014887 0.016469 -0.001901 0.999752
1649856230.867242 -0.007741 -0.007109 0.018558 0.014786 0.016705 -0.001765 0.999750
1649856230.892241 -0.007704 -0.007499 0.018606 0.014715 0.016846 -0.001671 0.999748
1649856230.917239 -0.007809 -0.007871 0.018533 0.014693 0.016814 -0.002067 0.999749
1649856230.942238 -0.007768 -0.008089 0.018401 0.014641 0.016927 -0.002194 0.999747
1649856230.967236 -0.007550 -0.008468 0.018371 0.014547 0.017038 -0.002255 0.999746
1649856230.992235 -0.007405 -0.008794 0.018466 0.014574 0.016973 -0.002282 0.999747
1649856231.017233 -0.007107 -0.008765 0.018656 0.014645 0.016835 -0.002290 0.999748
1649856231.042232 -0.005774 -0.010686 0.018559 0.014800 0.016665 -0.001950 0.999750
1649856231.067230 -0.004477 -0.012416 0.018358 0.014951 0.016476 -0.001635 0.999751
1649856231.092228 -0.003351 -0.014242 0.018125 0.015021 0.016475 -0.001387 0.999750
1649856231.117227 -0.002638 -0.015463 0.018034 0.014991 0.016547 -0.001429 0.999750
1649856231.142225 -0.002013 -0.016011 0.017982 0.014953 0.016622 -0.001397 0.999749
1649856231.167224 -0.001547 -0.016467 0.017963 0.014902 0.016710 -0.001415 0.999748
1649856231.192222 -0.001164 -0.016742 0.017929 0.014875 0.016807 -0.001381 0.999747
1649856231.217221 -0.000943 -0.016873 0.017669 0.014920 0.016822 -0.001223 0.999746
1649856231.242219 -0.000798 -0.016892 0.017391 0.014952 0.016854 -0.001081 0.999746
1649856231.267217 -0.000897 -0.016729 0.017154 0.014974 0.016880 -0.000974 0.999745
1649856231.292216 -0.001027 -0.016477 0.016909 0.015005 0.016905 -0.000884 0.999744
1649856231.317214 -0.001242 -0.016257 0.016385 0.014985 0.017030 -0.001019 0.999742
1649856231.342213 -0.001338 -0.015966 0.015842 0.014998 0.017132 -0.000993 0.999740
1649856231.367211 -0.001601 -0.015477 0.015554 0.014963 0.017236 -0.001007 0.999739
1649856231.392210 -0.001832 -0.014936 0.015433 0.014925 0.017250 -0.001037 0.999739
1649856231.417208 -0.002014 -0.014567 0.015388 0.014970 0.017264 -0.001123 0.999738
1649856231.442207 -0.002165 -0.014258 0.015338 0.015002 0.017270 -0.001083 0.999738
1649856231.467205 -0.002422 -0.013890 0.015481 0.015007 0.017273 -0.001068 0.999738
1649856231.492203 -0.002572 -0.013554 0.015618 0.014955 0.017355 -0.001031 0.999737
1649856231.517202 -0.002604 -0.013587 0.015605 0.014932 0.017404 -0.001148 0.999736
1649856231.542201 -0.002687 -0.013844 0.015654 0.014903 0.017466 -0.001110 0.999736
1649856231.567199 -0.002835 -0.013990 0.015766 0.014862 0.017518 -0.001095 0.999735
1649856231.592197 -0.002909 -0.014147 0.015915 0.014867 0.017541 -0.001112 0.999735
1649856231.617196 -0.002914 -0.014397 0.015965 0.014865 0.017530 -0.001142 0.999735
1649856231.642194 -0.002750 -0.014366 0.016073 0.014838 0.017557 -0.001040 0.999735
1649856231.667193 -0.002673 -0.014255 0.016247 0.014838 0.017508 -0.000971 0.999736
1649856231.692191 -0.002450 -0.014280 0.016451 0.014827 0.017544 -0.000923 0.999736
1649856231.717190 -0.002178 -0.014165 0.016712 0.014822 0.017506 -0.001124 0.999736
1649856231.742188 -0.002060 -0.014183 0.017078 0.014826 0.017473 -0.001142 0.999737
1649856231.767186 -0.002037 -0.014225 0.017383 0.014933 0.017366 -0.001175 0.999737
1649856231.792185 -0.002072 -0.014245 0.017554 0.014944 0.017329 -0.001175 0.999737
1649856231.817183 -0.002213 -0.014061 0.017649 0.014888 0.017307 -0.001232 0.999739
1649856231.842182 -0.002334 -0.014043 0.017771 0.014968 0.017232 -0.001183 0.999739
1649856231.867180 -0.002506 -0.013928 0.017886 0.015060 0.017159 -0.001164 0.999739
1649856231.892179 -0.002633 -0.013922 0.017877 0.015155 0.017066 -0.001137 0.999739
1649856231.917177 -0.002637 -0.013913 0.017884 0.015085 0.017028 -0.001306 0.999740
1649856231.942176 -0.002585 -0.014045 0.017874 0.015044 0.016987 -0.001296 0.999742
1649856231.967174 -0.002657 -0.014043 0.017895 0.014971 0.016943 -0.001331 0.999743
1649856231.992172 -0.002662 -0.014086 0.017893 0.014890 0.016950 -0.001332 0.999745
1649856232.017171 -0.002696 -0.014232 0.017709 0.014775 0.017091 -0.001338 0.999744
1649856232.042169 -0.002633 -0.014067 0.017477 0.014851 0.017126 -0.001275 0.999742
1649856232.067168 -0.002650 -0.013801 0.017290 0.014914 0.017189 -0.001235 0.999740
1649856232.092166 -0.002574 -0.013534 0.017132 0.014974 0.017229 -0.001167 0.999739
1649856232.117165 -0.002512 -0.013452 0.017071 0.015040 0.017057 -0.001256 0.999741
1649856232.142163 -0.002473 -0.013616 0.016985 0.015078 0.017029 -0.001222 0.999741
1649856232.167162 -0.002478 -0.013706 0.017000 0.015148 0.016962 -0.001175 0.999741
1649856232.192160 -0.002476 -0.013822 0.016914 0.015181 0.016966 -0.001134 0.999740
1649856232.217158 -0.002275 -0.013996 0.016650 0.015124 0.016987 -0.001270 0.999741
