# timestamp tx ty tz qx qy qz qw
1649856227.767436 0.006333 -0.031179 0.019300 0.022280 0.021291 -0.000176 0.999525
1649856227.842431 0.007778 -0.030886 0.017771 0.022428 0.021279 0.000750 0.999522
1649856227.867430 -0.018383 -0.020935 0.033089 0.021312 0.020500 -0.007124 0.999537
1649856227.892428 -0.007842 -0.019175 0.013398 0.012532 0.013821 -0.005360 0.999812
1649856227.917427 -0.002512 -0.018679 0.013346 0.014921 0.014242 -0.002778 0.999783
1649856227.942425 0.002093 -0.018252 0.013122 0.015923 0.016057 -0.001001 0.999744
1649856227.967423 0.003928 -0.017325 0.015749 0.016723 0.017220 0.000092 0.999712
1649856227.992422 0.003986 -0.017178 0.016878 0.016898 0.017506 0.000378 0.999704
1649856228.017420 0.003049 -0.017785 0.016818 0.016251 0.016978 -0.000485 0.999724
1649856228.042419 0.001896 -0.017791 0.016791 0.015759 0.016742 -0.000962 0.999735
1649856228.067417 0.000536 -0.017786 0.016998 0.015460 0.016640 -0.001378 0.999741
1649856228.092416 -0.000583 -0.017555 0.016991 0.015231 0.016546 -0.001659 0.999746
1649856228.117414 -0.001027 -0.017790 0.016591 0.015188 0.016426 -0.001609 0.999748
1649856228.142413 -0.001779 -0.017628 0.016452 0.015235 0.016427 -0.001565 0.999748
1649856228.167411 -0.002577 -0.017382 0.016280 0.015302 0.016401 -0.001476 0.999747
1649856228.192410 -0.002963 -0.017084 0.016079 0.015410 0.016379 -0.001456 0.999746
1649856228.217408 -0.003059 -0.016965 0.015686 0.015507 0.016316 -0.001700 0.999745
1649856228.242407 -0.003378 -0.016569 0.015337 0.015598 0.016245 -0.001764 0.999745
1649856228.267405 -0.003788 -0.016063 0.015258 0.015630 0.016221 -0.001870 0.999745
1649856228.292403 -0.004176 -0.015465 0.015313 0.015627 0.016216 -0.001958 0.999744
1649856228.317402 -0.004441 -0.015329 0.015132 0.015553 0.016342 -0.002008 0.999743
1649856228.342400 -0.004939 -0.014934 0.015144 0.015487 0.016383 -0.001943 0.999744
1649856228.367399 -0.005466 -0.014511 0.015320 0.015394 0.016418 -0.001878 0.999745
1649856228.392397 -0.005710 -0.014161 0.015582 0.015330 0.016383 -0.001813 0.999747
1649856228.417396 -0.005946 -0.014185 0.015659 0.015330 0.016329 -0.002041 0.999747
1649856228.442394 -0.006231 -0.014013 0.015846 0.015358 0.016249 -0.002085 0.999748
1649856228.467393 -0.006481 -0.013768 0.016150 0.015342 0.016185 -0.002104 0.999749
1649856228.492391 -0.006683 -0.013456 0.016288 0.015383 0.016107 -0.002174 0.999750
1649856228.517390 -0.006666 -0.013546 0.016242 0.015347 0.016146 -0.002291 0.999749
1649856228.542388 -0.006830 -0.013354 0.016284 0.015347 0.016136 -0.002250 0.999749
1649856228.567386 -0.006977 -0.013117 0.016435 0.015294 0.016166 -0.002199 0.999750
1649856228.592385 -0.006920 -0.012916 0.016639 0.015260 0.016212 -0.002168 0.999750
1649856228.617383 -0.006677 -0.013104 0.016696 0.015227 0.016243 -0.002329 0.999749
1649856228.642382 -0.006545 -0.013098 0.016872 0.015234 0.016259 -0.002339 0.999749
1649856228.667380 -0.006448 -0.013076 0.017136 0.015219 0.016264 -0.002308 0.999749
1649856228.692379 -0.006369 -0.013088 0.017413 0.015216 0.016259 -0.002270 0.999749
1649856228.717377 -0.006332 -0.013416 0.017421 0.015215 0.016177 -0.002282 0.999751
1649856228.742376 -0.006454 -0.013438 0.017481 0.015232 0.016134 -0.002200 0.999751
1649856228.767374 -0.006654 -0.013450 0.017468 0.015282 0.016076 -0.002117 0.999752
1649856228.792373 -0.006614 -0.013608 0.017390 0.015338 0.016050 -0.002075 0.999751
1649856228.817371 -0.006495 -0.013871 0.017197 0.015264 0.016024 -0.002288 0.999752
1649856228.842370 -0.006518 -0.013933 0.017089 0.015272 0.016072 -0.002293 0.999752
1649856228.867368 -0.006598 -0.013961 0.016965 0.015281 0.016150 -0.002283 0.999750
1649856228.892366 -0.006542 -0.013899 0.016832 0.015314 0.016176 -0.002300 0.999749
1649856228.917365 -0.006321 -0.013904 0.016575 0.015316 0.016087 -0.002343 0.999751
1649856228.942363 -0.006255 -0.013694 0.016403 0.015334 0.016067 -0.002257 0.999751
1649856228.967362 -0.006157 -0.013425 0.016341 0.015314 0.016029 -0.002172 0.999752
1649856228.992360 -0.006029 -0.013203 0.016316 0.015312 0.015988 -0.002113 0.999753
1649856229.017359 -0.005908 -0.013344 0.016340 0.015297 0.016049 -0.002216 0.999752
1649856229.042357 -0.005919 -0.013257 0.016396 0.015286 0.016087 -0.002204 0.999751
1649856229.067356 -0.005936 -0.013190 0.016628 0.015228 0.016127 -0.002169 0.999752
1649856229.092354 -0.005967 -0.013139 0.016797 0.015208 0.016104 -0.002146 0.999752
1649856229.117352 -0.006113 -0.013320 0.016883 0.015217 0.016139 -0.002230 0.999751
1649856229.142351 -0.006422 -0.013280 0.016985 0.015243 0.016136 -0.002219 0.999751
1649856229.167349 -0.006753 -0.013242 0.017136 0.015244 0.016136 -0.002220 0.999751
1649856229.192348 -0.006845 -0.013251 0.017158 0.015251 0.016169 -0.002184 0.999751
1649856229.217346 -0.006782 -0.013465 0.017060 0.015215 0.016150 -0.002255 0.999751
1649856229.242345 -0.006869 -0.013425 0.017033 0.015215 0.016110 -0.002241 0.999752
1649856229.267343 -0.006957 -0.013392 0.017025 0.015212 0.016088 -0.002205 0.999752
1649856229.292342 -0.006966 -0.013450 0.017058 0.015202 0.016068 -0.002182 0.999753
1649856229.317340 -0.006914 -0.013628 0.017002 0.015201 0.016062 -0.002227 0.999753
1649856229.342339 -0.007051 -0.013542 0.016984 0.015212 0.016023 -0.002164 0.999754
1649856229.367337 -0.007194 -0.013416 0.016976 0.015213 0.015988 -0.002111 0.999754
1649856229.392335 -0.007185 -0.013325 0.016975 0.015242 0.015898 -0.002075 0.999755
1649856229.417334 -0.007075 -0.013525 0.016893 0.015254 0.016014 -0.002250 0.999753
1649856229.442333 -0.007117 -0.013521 0.016893 0.015252 0.016124 -0.002198 0.999751
1649856229.467331 -0.007196 -0.013525 0.017025 0.015228 0.016206 -0.002179 0.999750
1649856229.492329 -0.007181 -0.013586 0.017096 0.015208 0.016302 -0.002167 0.999749
1649856229.517328 -0.007114 -0.013739 0.017195 0.015183 0.016364 -0.002188 0.999748
1649856229.542326 -0.007207 -0.013634 0.017302 0.015213 0.016352 -0.002119 0.999748
1649856229.567325 -0.007353 -0.013491 0.017396 0.015224 0.016347 -0.002100 0.999748
1649856229.592323 -0.007292 -0.013379 0.017434 0.015263 0.016355 -0.002055 0.999748
1649856229.617322 -0.006982 -0.013321 0.017337 0.015277 0.016285 -0.002209 0.999748
1649856229.642320 -0.006845 -0.013019 0.017348 0.015223 0.016297 -0.002148 0.999749
1649856229.692317 -0.007609 -0.011659 0.017510 0.015120 0.016318 -0.002166 0.999750
1649856229.717315 -0.006925 -0.011974 0.017384 0.015142 0.016303 -0.002282 0.999750
1649856229.742314 -0.006483 -0.011903 0.017360 0.015175 0.016216 -0.002253 0.999751
1649856229.767312 -0.005985 -0.011921 0.017536 0.015139 0.016152 -0.002216 0.999752
1649856229.792311 -0.005514 -0.011946 0.017559 0.015103 0.016098 -0.002164 0.999754
1649856229.817309 -0.005308 -0.011953 0.017484 0.015043 0.016166 -0.002172 0.999754
1649856229.842308 -0.005253 -0.011700 0.017373 0.015040 0.016203 -0.002120 0.999753
1649856229.867306 -0.005294 -0.011443 0.017268 0.015039 0.016224 -0.002102 0.999753
1649856229.892305 -0.005320 -0.011207 0.017240 0.015094 0.016209 -0.002061 0.999753
1649856229.917303 -0.005591 -0.011091 0.017157 0.015152 0.016191 -0.002074 0.999752
1649856229.942302 -0.006006 -0.010789 0.017091 0.015244 0.016136 -0.002059 0.999751
1649856229.967300 -0.006457 -0.010503 0.017130 0.015291 0.016114 -0.002005 0.999751
1649856229.992299 -0.006787 -0.010269 0.017069 0.015325 0.016156 -0.001910 0.999750
1649856230.017297 -0.006728 -0.010508 0.016693 0.015177 0.016256 -0.002087 0.999750
1649856230.042295 -0.006780 -0.010298 0.016305 0.015125 0.016342 -0.002037 0.999750
1649856230.067294 -0.006801 -0.010091 0.016013 0.015073 0.016432 -0.002016 0.999749
1649856230.092292 -0.006665 -0.009849 0.016178 0.015027 0.016428 -0.001990 0.999750
1649856230.117291 -0.006693 -0.009960 0.016407 0.015059 0.016400 -0.002061 0.999750
1649856230.142289 -0.006905 -0.009947 0.016777 0.015066 0.016299 -0.002131 0.999751
1649856230.167288 -0.007128 -0.009952 0.017141 0.015091 0.016233 -0.002176 0.999752
1649856230.192286 -0.007266 -0.009974 0.017422 0.015106 0.016191 -0.002222 0.999752
1649856230.217285 -0.007400 -0.010212 0.017513 0.015005 0.016254 -0.002291 0.999753
1649856230.242283 -0.007695 -0.010209 0.017729 0.014998 0.016294 -0.002267 0.999752
1649856230.267280 -0.007975 -0.010246 0.017986 0.015043 0.016276 -0.002216 0.999752
1649856230.292278 -0.008007 -0.010228 0.018035 0.015033 0.016320 -0.002191 0.999751
1649856230.317277 -0.007822 -0.010097 0.018031 0.014939 0.016298 -0.002292 0.999753
1649856230.342275 -0.007850 -0.009745 0.018072 0.014917 0.016356 -0.002236 0.999752
1649856230.367274 -0.007861 -0.009347 0.018112 0.014908 0.016415 -0.002191 0.999752
1649856230.392272 -0.007747 -0.008918 0.018319 0.014916 0.016366 -0.002182 0.999752
1649856230.417270 -0.007431 -0.008871 0.018293 0.014934 0.016381 -0.002189 0.999752
1649856230.442269 -0.007272 -0.008603 0.018339 0.014945 0.016376 -0.002154 0.999752
1649856230.467267 -0.007092 -0.008295 0.018432 0.014949 0.016372 -0.002109 0.999752
1649856230.492266 -0.006938 -0.008056 0.018436 0.014940 0.016409 -0.002100 0.999752
1649856230.517264 -0.006836 -0.007866 0.018472 0.014963 0.016413 -0.002147 0.999751
1649856230.542263 -0.006856 -0.007376 0.018494 0.014998 0.016412 -0.002093 0.999751
1649856230.567261 -0.006893 -0.006933 0.018586 0.014992 0.016418 -0.002044 0.999751
1649856230.592259 -0.006780 -0.006523 0.018573 0.014994 0.016434 -0.001994 0.999751
1649856230.617258 -0.006503 -0.006370 0.018352 0.014943 0.016521 -0.002035 0.999750
1649856230.642256 -0.006478 -0.006141 0.018105 0.014900 0.016615 -0.001996 0.999749
1649856230.667255 -0.006444 -0.005964 0.017920 0.014855 0.016688 -0.001988 0.999748
1649856230.692253 -0.006388 -0.005836 0.017988 0.014868 0.016641 -0.001913 0.999749
1649856230.717252 -0.006570 -0.006021 0.018188 0.014919 0.016466 -0.001943 0.999751
1649856230.742250 -0.006809 -0.006047 0.018424 0.014956 0.016293 -0.001941 0.999754
1649856230.767249 -0.007090 -0.006150 0.018599 0.015029 0.016123 -0.001977 0.999755
1649856230.792247 -0.007303 -0.006451 0.018496 0.014996 0.016124 -0.002023 0.999755
1649856230.817245 -0.007285 -0.006696 0.018409 0.014939 0.016329 -0.001959 0.999753
1649856230.842244 -0.007389 -0.006935 0.018258 0.014868 0.016521 -0.001832 0.999751
1649856230.867242 -0.007565 -0.007112 0.018307 0.014750 0.016771 -0.001690 0.999749
1649856230.917239 -0.008466 -0.007155 0.018145 0.014703 0.016786 -0.002177 0.999749
1649856230.942238 -0.008609 -0.007283 0.017936 0.014713 0.016833 -0.002170 0.999748
1649856230.967236 -0.008687 -0.007520 0.017959 0.014670 0.016883 -0.002133 0.999748
1649856230.992235 -0.008457 -0.007740 0.018118 0.014716 0.016803 -0.002111 0.999748
1649856231.017233 -0.008027 -0.007838 0.018273 0.014706 0.016766 -0.002199 0.999749
1649856231.042232 -0.006401 -0.010029 0.018195 0.014842 0.016632 -0.001915 0.999750
1649856231.067230 -0.004957 -0.011804 0.017947 0.014936 0.016535 -0.001691 0.999750
1649856231.092228 -0.003792 -0.013563 0.017685 0.014959 0.016584 -0.001524 0.999749
1649856231.117227 -0.002986 -0.014828 0.017662 0.014925 0.016685 -0.001513 0.999748
1649856231.142225 -0.002235 -0.015471 0.017583 0.014883 0.016796 -0.001423 0.999747
1649856231.167224 -0.001586 -0.016074 0.017480 0.014841 0.016878 -0.001376 0.999746
1649856231.192222 -0.000989 -0.016498 0.017493 0.014855 0.016930 -0.001294 0.999745
1649856231.217221 -0.000606 -0.016780 0.017417 0.014901 0.016901 -0.001141 0.999745
1649856231.242219 -0.000372 -0.016950 0.017353 0.014931 0.016904 -0.001018 0.999745
1649856231.267217 -0.000362 -0.016909 0.017309 0.014956 0.016895 -0.000934 0.999745
1649856231.292216 -0.000427 -0.016788 0.017086 0.014987 0.016917 -0.000867 0.999744
1649856231.317214 -0.000602 -0.016633 0.016613 0.014986 0.017011 -0.000953 0.999743
1649856231.342213 -0.000733 -0.016336 0.016154 0.015022 0.017050 -0.000924 0.999741
1649856231.367211 -0.000977 -0.015901 0.015871 0.015023 0.017087 -0.000924 0.999741
1649856231.392210 -0.001161 -0.015314 0.015755 0.015024 0.017060 -0.000953 0.999741
1649856231.417208 -0.001246 -0.014960 0.015679 0.015086 0.017062 -0.001026 0.999740
1649856231.442207 -0.001279 -0.014735 0.015625 0.015086 0.017097 -0.000956 0.999740
1649856231.467205 -0.001442 -0.014412 0.015729 0.015058 0.017135 -0.000915 0.999739
1649856231.492203 -0.001551 -0.014108 0.015751 0.014992 0.017244 -0.000885 0.999739
1649856231.517202 -0.001560 -0.014146 0.015713 0.014981 0.017316 -0.001002 0.999737
1649856231.542201 -0.001631 -0.014484 0.015847 0.014950 0.017396 -0.000975 0.999736
1649856231.567199 -0.001763 -0.014617 0.016002 0.014904 0.017467 -0.000963 0.999736
1649856231.592197 -0.001874 -0.014684 0.016220 0.014880 0.017547 -0.000964 0.999735
1649856231.617196 -0.001959 -0.014818 0.016221 0.014823 0.017590 -0.001011 0.999735
1649856231.642194 -0.001826 -0.014859 0.015977 0.014797 0.017693 -0.000941 0.999734
1649856231.667193 -0.001812 -0.014723 0.015941 0.014782 0.017701 -0.000909 0.999734
1649856231.692191 -0.001702 -0.014649 0.016019 0.014759 0.017731 -0.000882 0.999733
1649856231.717190 -0.001598 -0.014508 0.016168 0.014748 0.017715 -0.001032 0.999734
1649856231.742188 -0.001557 -0.014476 0.016399 0.014752 0.017685 -0.001025 0.999734
1649856231.767186 -0.001562 -0.014487 0.016607 0.014806 0.017592 -0.001036 0.999735
1649856231.792185 -0.001609 -0.014503 0.016789 0.014864 0.017496 -0.001032 0.999736
1649856231.817183 -0.001684 -0.014334 0.017003 0.014969 0.017362 -0.001176 0.999737
1649856231.842182 -0.001703 -0.014284 0.017194 0.015067 0.017236 -0.001149 0.999737
1649856231.867180 -0.001778 -0.014202 0.017437 0.015161 0.017089 -0.001147 0.999738
1649856231.892179 -0.001851 -0.014196 0.017491 0.015267 0.017019 -0.001120 0.999738
1649856231.917177 -0.001886 -0.014124 0.017491 0.015260 0.016978 -0.001255 0.999739
1649856231.967174 -0.002209 -0.015656 0.018621 0.014917 0.017211 -0.001051 0.999740
1649856231.992172 -0.001850 -0.016392 0.018002 0.014951 0.017266 -0.000960 0.999739
1649856232.017171 -0.001562 -0.016969 0.017329 0.014958 0.017338 -0.001033 0.999737
1649856232.042169 -0.001278 -0.017294 0.016767 0.015080 0.017337 -0.000931 0.999736
1649856232.067168 -0.001441 -0.016802 0.016512 0.015107 0.017362 -0.001000 0.999735
1649856232.092166 -0.001509 -0.016125 0.016252 0.015099 0.017339 -0.001036 0.999735
1649856232.117165 -0.001564 -0.015379 0.016102 0.015229 0.017142 -0.001118 0.999736
1649856232.142163 -0.001521 -0.014878 0.015961 0.015308 0.017032 -0.001076 0.999737
1649856232.167162 -0.001507 -0.014327 0.015951 0.015381 0.016910 -0.001004 0.999738
1649856232.192160 -0.001442 -0.013875 0.015866 0.015390 0.016888 -0.000965 0.999738
1649856232.217158 -0.001099 -0.013664 0.015600 0.015349 0.016894 -0.001088 0.999739
1649856232.242157 -0.000794 -0.013525 0.015448 0.015302 0.016913 -0.001072 0.999739
1649856232.267155 -0.000586 -0.013378 0.015406 0.015196 0.016936 -0.001099 0.999740
1649856232.292154 -0.000433 -0.013206 0.015555 0.015145 0.016842 -0.001098 0.999743
1649856232.317152 -0.000360 -0.013185 0.015481 0.015153 0.016839 -0.001022 0.999743
1649856232.342151 -0.000577 -0.013285 0.015547 0.015127 0.016909 -0.000990 0.999742
1649856232.367149 -0.000933 -0.013324 0.015695 0.015118 0.016997 -0.000964 0.999741
1649856232.392148 -0.001236 -0.013518 0.015774 0.015105 0.017095 -0.000923 0.999739
1649856232.417146 -0.001542 -0.013905 0.015758 0.015087 0.017053 -0.001129 0.999740
1649856232.442144 -0.001675 -0.014069 0.015681 0.015108 0.016986 -0.001104 0.999741
1649856232.467143 -0.001877 -0.014164 0.015613 0.015116 0.016952 -0.001065 0.999741
1649856232.492141 -0.002029 -0.014266 0.015524 0.015106 0.016927 -0.001021 0.999742
1649856232.517140 -0.002101 -0.014501 0.015307 0.015142 0.016968 -0.001173 0.999741
1649856232.542138 -0.002050 -0.014490 0.015119 0.015183 0.016925 -0.001192 0.999741
1649856232.567137 -0.002075 -0.014406 0.014985 0.015211 0.016887 -0.001256 0.999741
1649856232.592135 -0.002034 -0.014270 0.014972 0.015245 0.016792 -0.001336 0.999742
1649856232.617134 -0.001895 -0.014231 0.014760 0.015198 0.016704 -0.001369 0.999744
1649856232.642132 -0.001827 -0.014094 0.014623 0.015178 0.016686 -0.001342 0.999745
1649856232.667130 -0.001787 -0.013908 0.014625 0.015149 0.016667 -0.001292 0.999746
1649856232.692129 -0.001654 -0.013737 0.014533 0.015089 0.016707 -0.001300 0.999746
1649856232.717127 -0.001475 -0.013782 0.014579 0.015259 0.016747 -0.001341 0.999742
1649856232.742126 -0.001441 -0.013783 0.014744 0.015320 0.016757 -0.001295 0.999741
1649856232.767124 -0.001497 -0.013715 0.014955 0.015377 0.016740 -0.001297 0.999741
1649856232.792123 -0.001511 -0.013766 0.015096 0.015398 0.016762 -0.001332 0.999740
1649856232.817121 -0.001443 -0.013949 0.015158 0.015348 0.016788 -0.001442 0.999740
1649856232.842120 -0.001229 -0.014061 0.015201 0.015354 0.016721 -0.001385 0.999741
1649856232.867118 -0.001143 -0.014108 0.015302 0.015331 0.016698 -0.001356 0.999742
1649856232.892117 -0.001040 -0.014185 0.015385 0.015331 0.016617 -0.001313 0.999744
1649856232.917115 -0.000888 -0.014293 0.015490 0.015310 0.016656 -0.001394 0.999743
1649856232.942113 -0.000801 -0.014453 0.015708 0.015315 0.016665 -0.001342 0.999743
1649856232.967112 -0.000805 -0.014703 0.015893 0.015330 0.016706 -0.001311 0.999742
1649856232.992110 -0.000790 -0.015077 0.016136 0.015379 0.016722 -0.001296 0.999741
1649856233.017109 -0.000778 -0.015440 0.016234 0.015235 0.016773 -0.001383 0.999742
1649856233.067106 -0.000544 -0.017140 0.017147 0.014996 0.016889 -0.001029 0.999744
1649856233.092104 -0.000386 -0.018078 0.016725 0.014982 0.016979 -0.000965 0.999743
1649856233.117103 -0.000439 -0.018694 0.016436 0.015034 0.016928 -0.001034 0.999743
1649856233.142101 -0.000274 -0.019153 0.016142 0.015103 0.016961 -0.000975 0.999742
1649856233.167099 -0.000495 -0.018719 0.016079 0.015203 0.016901 -0.001013 0.999741
1649856233.192098 -0.000620 -0.018048 0.015983 0.015318 0.016818 -0.001042 0.999741
1649856233.217096 -0.000641 -0.017285 0.015769 0.015245 0.016795 -0.001112 0.999742
1649856233.242095 -0.000592 -0.016711 0.015490 0.015208 0.016749 -0.001043 0.999744
1649856233.267093 -0.000686 -0.015977 0.015347 0.015170 0.016741 -0.001046 0.999744
1649856233.292092 -0.000671 -0.015205 0.015296 0.015113 0.016716 -0.001127 0.999745
1649856233.317090 -0.000694 -0.014460 0.015322 0.015091 0.016654 -0.001207 0.999747
1649856233.342089 -0.000595 -0.014302 0.015204 0.015204 0.016648 -0.001083 0.999745
1649856233.367087 -0.000593 -0.014150 0.015192 0.015239 0.016546 -0.000925 0.999747
1649856233.392085 -0.000536 -0.014026 0.015085 0.015218 0.016554 -0.000866 0.999747
1649856233.417084 -0.000693 -0.013519 0.015250 0.015151 0.016469 -0.001080 0.999749
1649856233.442082 -0.000810 -0.013415 0.015491 0.015107 0.016508 -0.001170 0.999749
1649856233.467081 -0.000984 -0.013341 0.015707 0.015094 0.016535 -0.001288 0.999749
1649856233.492079 -0.001086 -0.013642 0.015879 0.015109 0.016399 -0.001293 0.999751
1649856233.517078 -0.001268 -0.013786 0.015982 0.015075 0.016383 -0.001236 0.999751
1649856233.542076 -0.001252 -0.013846 0.015995 0.015061 0.016333 -0.001085 0.999753
1649856233.567075 -0.001260 -0.014009 0.016098 0.014987 0.016348 -0.000953 0.999754
1649856233.592073 -0.001217 -0.014210 0.016145 0.014935 0.016287 -0.000808 0.999755
1649856233.617071 -0.001364 -0.014064 0.016202 0.014928 0.016399 -0.000944 0.999754
1649856233.642070 -0.001516 -0.014382 0.016203 0.014994 0.016494 -0.000899 0.999751
1649856233.667068 -0.001640 -0.014666 0.016049 0.015029 0.016581 -0.000923 0.999749
1649856233.692067 -0.001626 -0.015126 0.016208 0.015140 0.016648 -0.001017 0.999746
1649856233.717065 -0.001714 -0.015509 0.016504 0.015174 0.016778 -0.000982 0.999744
1649856233.742064 -0.001594 -0.015680 0.016718 0.015170 0.016901 -0.000870 0.999742
1649856233.792061 -0.002324 -0.015218 0.016899 0.015166 0.017140 -0.000832 0.999738
1649856233.817059 -0.001876 -0.015507 0.016681 0.015057 0.017185 -0.001003 0.999738
1649856233.842057 -0.001228 -0.015705 0.016280 0.014989 0.017188 -0.000995 0.999739
1649856233.867056 -0.000772 -0.015768 0.016035 0.014941 0.017157 -0.001018 0.999741
1649856233.917053 -0.000915 -0.014952 0.015863 0.015016 0.017033 -0.001150 0.999741
1649856233.942051 -0.000729 -0.015092 0.015778 0.015091 0.017059 -0.001060 0.999740
1649856233.967050 -0.000797 -0.015018 0.015872 0.015079 0.017130 -0.001045 0.999739
1649856233.992048 -0.000828 -0.015076 0.016030 0.015086 0.017164 -0.001028 0.999738
1649856234.017047 -0.000689 -0.015545 0.015995 0.015073 0.017227 -0.001168 0.999737
1649856234.042045 -0.000604 -0.015912 0.015937 0.015065 0.017263 -0.001231 0.999737
1649856234.067044 -0.000606 -0.016136 0.015828 0.015052 0.017313 -0.001274 0.999736
1649856234.092042 -0.000628 -0.016424 0.015599 0.015068 0.017322 -0.001380 0.999735
1649856234.117040 -0.000704 -0.016694 0.015332 0.015114 0.017271 -0.001465 0.999736
1649856234.142039 -0.000391 -0.016758 0.014984 0.015157 0.017241 -0.001371 0.999736
1649856234.167037 -0.000204 -0.016696 0.014618 0.015190 0.017158 -0.001330 0.999737
1649856234.192036 -0.000033 -0.016671 0.014255 0.015252 0.017060 -0.001223 0.999737
1649856234.217034 0.000147 -0.016549 0.013761 0.015289 0.017006 -0.001242 0.999738
1649856234.242033 0.000206 -0.016422 0.013290 0.015305 0.016998 -0.001189 0.999738
1649856234.267031 0.000124 -0.016259 0.012984 0.015245 0.017054 -0.001178 0.999738
1649856234.292030 0.000086 -0.016001 0.012820 0.015217 0.017050 -0.001169 0.999738
1649856234.317028 -0.000005 -0.015649 0.013152 0.015345 0.016909 -0.001223 0.999739
1649856234.342026 -0.000140 -0.015306 0.013607 0.015414 0.016784 -0.001169 0.999740
1649856234.367025 -0.000369 -0.014851 0.014218 0.015453 0.016687 -0.001117 0.999741
1649856234.392023 -0.000590 -0.014361 0.014767 0.015457 0.016668 -0.001069 0.999741
1649856234.417022 -0.000658 -0.014158 0.015016 0.015282 0.016643 -0.001228 0.999744
1649856234.442020 -0.000653 -0.014046 0.015357 0.015239 0.016645 -0.001187 0.999745
1649856234.467019 -0.000762 -0.013902 0.015758 0.015185 0.016676 -0.001199 0.999745
1649856234.492017 -0.000824 -0.013776 0.015887 0.015128 0.016701 -0.001174 0.999745
1649856234.517015 -0.000831 -0.014044 0.015944 0.015167 0.016741 -0.001195 0.999744
1649856234.542014 -0.000773 -0.014156 0.015895 0.015200 0.016753 -0.001100 0.999744
1649856234.567012 -0.000851 -0.014187 0.015866 0.015205 0.016714 -0.001017 0.999744
1649856234.592011 -0.000950 -0.014263 0.015802 0.015213 0.016744 -0.000970 0.999744
1649856234.617009 -0.000966 -0.014576 0.015808 0.015191 0.016800 -0.001140 0.999743
1649856234.642008 -0.000968 -0.014995 0.015729 0.015201 0.016831 -0.001109 0.999742
1649856234.667006 -0.001032 -0.015264 0.015585 0.015195 0.016835 -0.001111 0.999742
1649856234.692005 -0.001026 -0.015579 0.015332 0.015199 0.016870 -0.001127 0.999742
1649856234.717003 -0.001025 -0.015722 0.015113 0.015198 0.016864 -0.001202 0.999742
1649856234.742002 -0.000866 -0.015712 0.014768 0.015264 0.016807 -0.001156 0.999742
1649856234.767000 -0.000846 -0.015574 0.014484 0.015276 0.016740 -0.001175 0.999742
1649856234.791999 -0.000795 -0.015391 0.014274 0.015287 0.016605 -0.001236 0.999744
1649856234.816997 -0.000710 -0.015293 0.013954 0.015163 0.016461 -0.001233 0.999749
1649856234.841995 -0.000766 -0.015219 0.013741 0.015101 0.016349 -0.001206 0.999752
1649856234.866994 -0.000831 -0.015149 0.013634 0.015068 0.016259 -0.001208 0.999754
1649856234.891992 -0.000804 -0.015126 0.013654 0.015050 0.016212 -0.001197 0.999755
1649856234.916991 -0.000801 -0.015242 0.013822 0.015139 0.016237 -0.001160 0.999753
1649856234.941989 -0.000661 -0.015311 0.013955 0.015188 0.016151 -0.001018 0.999754
1649856234.966988 -0.000645 -0.015285 0.014158 0.015211 0.016082 -0.000925 0.999755
1649856234.991986 -0.000598 -0.015213 0.014388 0.015240 0.016010 -0.000844 0.999755
1649856235.016984 -0.000437 -0.015396 0.014431 0.015171 0.016011 -0.000887 0.999756
1649856235.041983 -0.000228 -0.015576 0.014472 0.015136 0.015985 -0.000808 0.999757
1649856235.066981 -0.000181 -0.015564 0.014522 0.015088 0.015941 -0.000770 0.999759
1649856235.116978 -0.000615 -0.015127 0.014476 0.015099 0.015954 -0.000904 0.999758
1649856235.141977 -0.000414 -0.015579 0.014407 0.015173 0.015950 -0.000703 0.999757
1649856235.166975 -0.000440 -0.015847 0.014358 0.015192 0.016026 -0.000584 0.999756
1649856235.191973 -0.000454 -0.016117 0.014437 0.015221 0.016068 -0.000519 0.999755
1649856235.216972 -0.000363 -0.016282 0.014282 0.015161 0.016056 -0.000700 0.999756
1649856235.241970 -0.000281 -0.016306 0.013978 0.015157 0.015966 -0.000687 0.999757
1649856235.266969 -0.000384 -0.016070 0.013755 0.015132 0.015929 -0.000713 0.999758
1649856235.291967 -0.000430 -0.015797 0.013642 0.015136 0.015947 -0.000771 0.999758
1649856235.316966 -0.000469 -0.015654 0.013688 0.015239 0.016042 -0.000918 0.999755
1649856235.341964 -0.000440 -0.015491 0.013864 0.015320 0.016116 -0.000833 0.999752
1649856235.366963 -0.000505 -0.015236 0.014154 0.015344 0.016243 -0.000809 0.999750
1649856235.391961 -0.000499 -0.014976 0.014479 0.015379 0.016343 -0.000822 0.999748
1649856235.416960 -0.000442 -0.014932 0.014554 0.015304 0.016421 -0.000982 0.999748
1649856235.441958 -0.000439 -0.014827 0.014661 0.015265 0.016510 -0.001006 0.999747
1649856235.466956 -0.000546 -0.014644 0.014758 0.015222 0.016574 -0.001063 0.999746
1649856235.491955 -0.000621 -0.014570 0.014875 0.015222 0.016644 -0.001120 0.999745
1649856235.516953 -0.000711 -0.014644 0.014869 0.015191 0.016694 -0.001153 0.999745
1649856235.541952 -0.000714 -0.014850 0.014781 0.015177 0.016761 -0.001064 0.999744
1649856235.566950 -0.000851 -0.014970 0.014677 0.015204 0.016811 -0.001006 0.999743
1649856235.591949 -0.000935 -0.015154 0.014783 0.015209 0.016746 -0.000998 0.999744
1649856235.616947 -0.001016 -0.015451 0.014909 0.015259 0.016763 -0.001144 0.999742
1649856235.641946 -0.001052 -0.015570 0.015049 0.015247 0.016760 -0.001088 0.999743
1649856235.666944 -0.001182 -0.015625 0.015227 0.015254 0.016768 -0.001092 0.999742
1649856235.691942 -0.001285 -0.015630 0.015445 0.015259 0.016831 -0.001074 0.999741
1649856235.716941 -0.001336 -0.015595 0.015772 0.015214 0.016783 -0.001202 0.999743
1649856235.741939 -0.001334 -0.015269 0.016115 0.015211 0.016703 -0.001177 0.999744
1649856235.766938 -0.001407 -0.014858 0.016511 0.015199 0.016622 -0.001156 0.999746
1649856235.791936 -0.001374 -0.014320 0.016803 0.015176 0.016598 -0.001176 0.999746
1649856235.816935 -0.001241 -0.013984 0.016833 0.015073 0.016616 -0.001227 0.999748
1649856235.841933 -0.001223 -0.013991 0.016784 0.015065 0.016615 -0.001214 0.999748
1649856235.866932 -0.001307 -0.013907 0.016745 0.015030 0.016688 -0.001223 0.999747
1649856235.891930 -0.001424 -0.013840 0.016779 0.015032 0.016631 -0.001166 0.999748
1649856235.916929 -0.001468 -0.014021 0.016535 0.015019 0.016499 -0.001231 0.999750
1649856235.941927 -0.001448 -0.014086 0.016345 0.015071 0.016360 -0.001202 0.999752
1649856235.966925 -0.001543 -0.014066 0.016195 0.015113 0.016242 -0.001196 0.999753
1649856235.991924 -0.001535 -0.014090 0.015835 0.015129 0.016222 -0.001240 0.999753
1649856236.016922 -0.001555 -0.014376 0.015376 0.015089 0.016310 -0.001256 0.999752
1649856236.041921 -0.001629 -0.014368 0.014932 0.015086 0.016343 -0.001161 0.999752
1649856236.066919 -0.001663 -0.014299 0.014511 0.015081 0.016364 -0.001058 0.999752
1649856236.091918 -0.001443 -0.014481 0.014274 0.015089 0.016467 -0.001034 0.999750
1649856236.116916 -0.001112 -0.014896 0.014237 0.015151 0.016547 -0.001004 0.999748
1649856236.141915 -0.000937 -0.015327 0.014269 0.015148 0.016640 -0.000904 0.999746
1649856236.166913 -0.000818 -0.015714 0.014092 0.015121 0.016678 -0.000842 0.999746
1649856236.191911 -0.000685 -0.016066 0.013884 0.015096 0.016776 -0.000793 0.999745
1649856236.216910 -0.000619 -0.016276 0.013569 0.015112 0.016916 -0.000844 0.999742
1649856236.241908 -0.000562 -0.016477 0.013343 0.015141 0.016955 -0.000749 0.999741
1649856236.266909 -0.000633 -0.016558 0.013319 0.015169 0.016958 -0.000702 0.999741
1649856236.291907 -0.000662 -0.016468 0.013617 0.015195 0.016893 -0.000687 0.999742
1649856236.316906 -0.000559 -0.016469 0.013988 0.015256 0.016665 -0.000776 0.999744
1649856236.341904 -0.000358 -0.016284 0.014399 0.015254 0.016386 -0.000747 0.999749
1649856236.366903 -0.000246 -0.015977 0.014849 0.015275 0.016220 -0.000788 0.999751
1649856236.391901 -0.000106 -0.015610 0.015110 0.015287 0.016151 -0.000870 0.999752
1649856236.416899 -0.000036 -0.015522 0.015081 0.015191 0.016279 -0.000893 0.999752
1649856236.441898 -0.000054 -0.015657 0.014986 0.015143 0.016383 -0.000822 0.999751
1649856236.466896 -0.000173 -0.015683 0.014999 0.015079 0.016501 -0.000762 0.999750
1649856236.491895 -0.000307 -0.015613 0.014990 0.015008 0.016720 -0.000743 0.999747
1649856236.516893 -0.000448 -0.015824 0.015042 0.015073 0.016673 -0.000879 0.999747
1649856236.541892 -0.000435 -0.015759 0.014993 0.015106 0.016561 -0.000809 0.999748
1649856236.566890 -0.000493 -0.015651 0.015045 0.015101 0.016456 -0.000750 0.999750
1649856236.591889 -0.000446 -0.015626 0.015096 0.015139 0.016385 -0.000725 0.999751
1649856236.616887 -0.000326 -0.015568 0.015067 0.015135 0.016292 -0.000850 0.999752
1649856236.641886 -0.000334 -0.015481 0.015095 0.015154 0.016195 -0.000810 0.999754
1649856236.666884 -0.000465 -0.015300 0.015139 0.015162 0.016140 -0.000799 0.999754
1649856236.691882 -0.000495 -0.015332 0.015057 0.015165 0.016186 -0.000796 0.999754
1649856236.716881 -0.000501 -0.015411 0.015107 0.015174 0.016302 -0.000910 0.999752
1649856236.741879 -0.000509 -0.015555 0.015150 0.015188 0.016366 -0.000888 0.999750
1649856236.766878 -0.000586 -0.015694 0.015197 0.015207 0.016459 -0.000851 0.999749
1649856236.791876 -0.000592 -0.015808 0.015279 0.015224 0.016555 -0.000891 0.999747
1649856236.816875 -0.000666 -0.015910 0.015109 0.015199 0.016575 -0.000999 0.999747
1649856236.841873 -0.000637 -0.015911 0.014880 0.015201 0.016570 -0.000961 0.999747
1649856236.866872 -0.000711 -0.015771 0.014667 0.015191 0.016542 -0.000963 0.999747
1649856236.891870 -0.000750 -0.015595 0.014677 0.015157 0.016434 -0.000952 0.999750
1649856236.916868 -0.000797 -0.015538 0.014873 0.015206 0.016463 -0.001130 0.999748
1649856236.941867 -0.000913 -0.015670 0.015077 0.015231 0.016421 -0.001119 0.999749
1649856236.966865 -0.001100 -0.015701 0.015434 0.015245 0.016351 -0.001115 0.999749
1649856236.991864 -0.001259 -0.015802 0.015691 0.015283 0.016352 -0.001156 0.999749
1649856237.016862 -0.001483 -0.015924 0.015858 0.015219 0.016392 -0.001243 0.999749
1649856237.041861 -0.001707 -0.015899 0.016038 0.015175 0.016404 -0.001223 0.999750
1649856237.066859 -0.002013 -0.015785 0.016179 0.015119 0.016406 -0.001204 0.999750
1649856237.091857 -0.002154 -0.015608 0.016258 0.015082 0.016420 -0.001206 0.999751
1649856237.116856 -0.002071 -0.015640 0.016259 0.015099 0.016401 -0.001316 0.999751
1649856237.141855 -0.001723 -0.015505 0.016108 0.015137 0.016350 -0.001239 0.999751
1649856237.166853 -0.001469 -0.015318 0.016001 0.015160 0.016323 -0.001217 0.999751
1649856237.191851 -0.001152 -0.015203 0.015766 0.015160 0.016367 -0.001172 0.999750
1649856237.216850 -0.000768 -0.015195 0.015578 0.015228 0.016395 -0.001234 0.999749
1649856237.241848 -0.000736 -0.015355 0.015545 0.015256 0.016435 -0.001226 0.999748
1649856237.266846 -0.000795 -0.015456 0.015572 0.015281 0.016499 -0.001225 0.999746
1649856237.291845 -0.000772 -0.015626 0.015771 0.015305 0.016542 -0.001254 0.999745
1649856237.316844 -0.000873 -0.015983 0.015881 0.015281 0.016395 -0.001379 0.999748
1649856237.341842 -0.000829 -0.016183 0.016024 0.015296 0.016323 -0.001301 0.999749
1649856237.366840 -0.000890 -0.016283 0.016191 0.015279 0.016270 -0.001247 0.999750
1649856237.391839 -0.000943 -0.016366 0.016393 0.015302 0.016159 -0.001211 0.999752
1649856237.416837 -0.000933 -0.016579 0.016471 0.015234 0.016201 -0.001254 0.999752
1649856237.441836 -0.000898 -0.016456 0.016546 0.015243 0.016197 -0.001241 0.999752
1649856237.466834 -0.000978 -0.016249 0.016636 0.015224 0.016214 -0.001224 0.999752
1649856237.491832 -0.001058 -0.015991 0.016603 0.015208 0.016262 -0.001189 0.999751
1649856237.516831 -0.001097 -0.015792 0.016492 0.015210 0.016217 -0.001279 0.999752
1649856237.541830 -0.001243 -0.015735 0.016424 0.015218 0.016204 -0.001258 0.999752
1649856237.566828 -0.001464 -0.015599 0.016397 0.015230 0.016152 -0.001256 0.999753
1649856237.591826 -0.001613 -0.015546 0.016362 0.015249 0.016135 -0.001286 0.999753
1649856237.616825 -0.001647 -0.015608 0.016476 0.015258 0.016124 -0.001403 0.999753
1649856237.641823 -0.001721 -0.015704 0.016505 0.015285 0.016133 -0.001370 0.999752
1649856237.666822 -0.001837 -0.015731 0.016535 0.015290 0.016148 -0.001343 0.999752
1649856237.691820 -0.001846 -0.015703 0.016715 0.015265 0.016160 -0.001345 0.999752
1649856237.716819 -0.001830 -0.015790 0.016947 0.015249 0.016157 -0.001435 0.999752
1649856237.741817 -0.001719 -0.015704 0.017188 0.015236 0.016121 -0.001350 0.999753
1649856237.766815 -0.001652 -0.015525 0.017454 0.015246 0.016067 -0.001288 0.999754
1649856237.791814 -0.001616 -0.015342 0.017582 0.015283 0.016035 -0.001238 0.999754
1649856237.816813 -0.001602 -0.015303 0.017554 0.015255 0.016065 -0.001232 0.999754
1649856237.841811 -0.001560 -0.015281 0.017520 0.015257 0.016144 -0.001134 0.999753
1649856237.866809 -0.001600 -0.015223 0.017482 0.015258 0.016195 -0.001070 0.999752
1649856237.891808 -0.001599 -0.015145 0.017529 0.015255 0.016214 -0.001046 0.999752
1649856237.916806 -0.001544 -0.015195 0.017584 0.015275 0.016203 -0.001083 0.999751
1649856237.941805 -0.001575 -0.015251 0.017614 0.015299 0.016232 -0.001001 0.999751
1649856237.966803 -0.001635 -0.015257 0.017663 0.015318 0.016200 -0.000977 0.999751
1649856237.991802 -0.001637 -0.015350 0.017686 0.015335 0.016219 -0.000979 0.999750
1649856238.016800 -0.001481 -0.015709 0.017442 0.015306 0.016224 -0.001130 0.999751
1649856238.041799 -0.001378 -0.015929 0.017264 0.015327 0.016203 -0.001156 0.999751
1649856238.066797 -0.001368 -0.016038 0.017012 0.015344 0.016220 -0.001180 0.999750
1649856238.091795 -0.001380 -0.016128 0.016767 0.015345 0.016194 -0.001221 0.999750
1649856238.116794 -0.001398 -0.016002 0.016574 0.015437 0.016197 -0.001275 0.999749
1649856238.141792 -0.001358 -0.015823 0.016370 0.015513 0.016149 -0.001231 0.999748
1649856238.166791 -0.001312 -0.015583 0.016275 0.015568 0.016122 -0.001202 0.999748
1649856238.191789 -0.001313 -0.015351 0.016171 0.015628 0.016108 -0.001171 0.999747
1649856238.216788 -0.001198 -0.015452 0.015843 0.015549 0.016040 -0.001171 0.999750
1649856238.241786 -0.001149 -0.015461 0.015634 0.015513 0.015956 -0.001115 0.999752
1649856238.266784 -0.001185 -0.015410 0.015555 0.015432 0.015884 -0.001062 0.999754
1649856238.291783 -0.001138 -0.015368 0.015514 0.015369 0.015790 -0.001033 0.999757
1649856238.316782 -0.001046 -0.015511 0.015499 0.015398 0.015815 -0.001101 0.999756
1649856238.341780 -0.000971 -0.015672 0.015477 0.015434 0.015929 -0.001041 0.999753
1649856238.366778 -0.000977 -0.015720 0.015518 0.015465 0.016028 -0.001012 0.999751
1649856238.391777 -0.000942 -0.015812 0.015647 0.015519 0.016067 -0.001012 0.999750
1649856238.416775 -0.000938 -0.015819 0.015554 0.015417 0.016064 -0.001142 0.999751
1649856238.441773 -0.000922 -0.015783 0.015510 0.015384 0.016070 -0.001122 0.999752
1649856238.466772 -0.001028 -0.015717 0.015459 0.015358 0.016068 -0.001135 0.999752
1649856238.491771 -0.001187 -0.015550 0.015423 0.015308 0.016126 -0.001139 0.999752
1649856238.516769 -0.001208 -0.015757 0.015249 0.015393 0.016158 -0.001194 0.999750
1649856238.541767 -0.001204 -0.015959 0.015104 0.015442 0.016203 -0.001112 0.999749
1649856238.591764 -0.001945 -0.015514 0.015189 0.015510 0.016260 -0.001096 0.999747
1649856238.616763 -0.001711 -0.015713 0.015600 0.015459 0.016271 -0.001296 0.999747
1649856238.641761 -0.001496 -0.015857 0.016078 0.015421 0.016243 -0.001273 0.999748
1649856238.666760 -0.001415 -0.015895 0.016692 0.015380 0.016250 -0.001272 0.999749
1649856238.691758 -0.001423 -0.015734 0.017290 0.015365 0.016244 -0.001254 0.999749
1649856238.716756 -0.001480 -0.015369 0.017711 0.015306 0.016223 -0.001309 0.999750
1649856238.741755 -0.001608 -0.015066 0.018034 0.015279 0.016207 -0.001237 0.999751
1649856238.766753 -0.001802 -0.014662 0.018302 0.015256 0.016188 -0.001177 0.999752
1649856238.791752 -0.001893 -0.014213 0.018522 0.015240 0.016149 -0.001188 0.999753
1649856238.816750 -0.001777 -0.014209 0.018527 0.015173 0.016176 -0.001296 0.999753
1649856238.841749 -0.001672 -0.014182 0.018560 0.015164 0.016192 -0.001277 0.999753
1649856238.866747 -0.001640 -0.014112 0.018471 0.015160 0.016220 -0.001267 0.999753
1649856238.891746 -0.001568 -0.014170 0.018462 0.015175 0.016167 -0.001296 0.999753
1649856238.916744 -0.001486 -0.014326 0.018471 0.015239 0.016097 -0.001322 0.999753
1649856238.941742 -0.001268 -0.014564 0.018363 0.015318 0.016019 -0.001269 0.999754
1649856238.966741 -0.001135 -0.014681 0.018240 0.015390 0.015945 -0.001240 0.999754
1649856238.991739 -0.001023 -0.014791 0.018021 0.015431 0.015936 -0.001203 0.999753
1649856239.016738 -0.000941 -0.015018 0.017915 0.015408 0.016016 -0.001190 0.999752
1649856239.041736 -0.000908 -0.015303 0.017896 0.015408 0.016137 -0.001105 0.999750
1649856239.066735 -0.000938 -0.015523 0.017895 0.015403 0.016206 -0.001032 0.999750
1649856239.091733 -0.000962 -0.015832 0.017948 0.015384 0.016304 -0.000968 0.999748
1649856239.116732 -0.001033 -0.016301 0.017811 0.015307 0.016384 -0.000964 0.999748
1649856239.141730 -0.001157 -0.016570 0.017622 0.015266 0.016429 -0.000904 0.999748
1649856239.166728 -0.001380 -0.016761 0.017434 0.015222 0.016491 -0.000845 0.999748
1649856239.191727 -0.001397 -0.016977 0.017395 0.015198 0.016505 -0.000835 0.999748
1649856239.216725 -0.001425 -0.016959 0.017412 0.015220 0.016482 -0.001039 0.999748
1649856239.241724 -0.001259 -0.016730 0.017241 0.015273 0.016410 -0.001052 0.999748
1649856239.266722 -0.001208 -0.016407 0.017103 0.015314 0.016290 -0.001080 0.999749
1649856239.291721 -0.001172 -0.016170 0.016860 0.015363 0.016175 -0.001081 0.999751
1649856239.316719 -0.001259 -0.015964 0.016883 0.015452 0.016121 -0.001025 0.999750
1649856239.341718 -0.001340 -0.015991 0.016900 0.015465 0.016011 -0.000982 0.999752
1649856239.366716 -0.001579 -0.015945 0.017008 0.015477 0.015994 -0.000948 0.999752
1649856239.391715 -0.001690 -0.015968 0.017011 0.015474 0.015974 -0.000936 0.999752
1649856239.416713 -0.001475 -0.016256 0.016805 0.015503 0.015992 -0.001166 0.999751
1649856239.441711 -0.001227 -0.016405 0.016692 0.015551 0.015983 -0.001160 0.999751
1649856239.466710 -0.001095 -0.016462 0.016736 0.015572 0.016028 -0.001141 0.999750
1649856239.491708 -0.000892 -0.016472 0.016711 0.015586 0.015993 -0.001179 0.999750
1649856239.516707 -0.000706 -0.016276 0.016899 0.015572 0.016031 -0.001179 0.999750
1649856239.541705 -0.000602 -0.016218 0.017107 0.015552 0.015962 -0.001154 0.999751
1649856239.566704 -0.000658 -0.016059 0.017281 0.015533 0.015967 -0.001149 0.999751
1649856239.591702 -0.000595 -0.016015 0.017530 0.015518 0.015932 -0.001151 0.999752
1649856239.616700 -0.000609 -0.016114 0.017574 0.015439 0.015902 -0.001168 0.999754
1649856239.641699 -0.000563 -0.016226 0.017657 0.015416 0.015851 -0.001110 0.999755
1649856239.666698 -0.000622 -0.016273 0.017728 0.015401 0.015799 -0.001059 0.999756
1649856239.691696 -0.000683 -0.016306 0.017755 0.015381 0.015778 -0.001017 0.999757
1649856239.716694 -0.000671 -0.016341 0.017784 0.015371 0.015790 -0.001095 0.999757
1649856239.741693 -0.000706 -0.016259 0.017794 0.015379 0.015772 -0.001087 0.999757
1649856239.766691 -0.000802 -0.016103 0.017850 0.015360 0.015813 -0.001068 0.999756
1649856239.791690 -0.000886 -0.015902 0.018042 0.015366 0.015769 -0.001037 0.999757
1649856239.816688 -0.000947 -0.015781 0.018273 0.015398 0.015692 -0.001166 0.999758
1649856239.841687 -0.000936 -0.015870 0.018485 0.015417 0.015628 -0.001155 0.999758
1649856239.866685 -0.000974 -0.015844 0.018603 0.015454 0.015559 -0.001108 0.999759
1649856239.891683 -0.000902 -0.015995 0.018581 0.015466 0.015566 -0.001024 0.999759
1649856239.916682 -0.000796 -0.016467 0.018297 0.015335 0.015683 -0.001066 0.999759
1649856239.941680 -0.000654 -0.016875 0.017967 0.014895 0.015497 -0.001049 0.999768
1649856239.966679 -0.000487 -0.017317 0.017594 0.014132 0.015178 -0.001021 0.999784
1649856239.991677 -0.000154 -0.017848 0.017269 0.013130 0.014504 -0.000925 0.999808
1649856240.016676 0.000355 -0.018515 0.017331 0.013204 0.014040 -0.000331 0.999814
1649856240.041674 0.000896 -0.018955 0.017299 0.013530 0.014096 0.000754 0.999809
1649856240.066673 0.001534 -0.019237 0.017429 0.013679 0.014084 0.001651 0.999806
1649856240.091671 0.002315 -0.019443 0.017344 0.013566 0.014202 0.002424 0.999804
1649856240.116669 0.003358 -0.019835 0.016808 0.013529 0.014475 0.003254 0.999798
1649856240.141668 0.004299 -0.020258 0.015964 0.013263 0.014979 0.004193 0.999791
1649856240.166666 0.005092 -0.020140 0.014894 0.013443 0.016221 0.005203 0.999765
1649856240.191665 0.005972 -0.019827 0.014089 0.014337 0.017560 0.006179 0.999724
1649856240.216663 0.007026 -0.019707 0.012432 0.014899 0.018426 0.006923 0.999695
1649856240.241662 0.008534 -0.020057 0.010415 0.013927 0.018489 0.008179 0.999699
1649856240.266661 0.009917 -0.019779 0.007803 0.015070 0.017771 0.008828 0.999690
1649856240.291660 0.011290 -0.018681 0.004258 0.020448 0.016168 0.007937 0.999629
1649856240.316658 0.012584 -0.017381 -0.000004 0.024837 0.013201 0.005927 0.999587
1649856240.341656 0.013926 -0.018306 -0.004998 0.025913 0.008804 0.003238 0.999620
1649856240.366655 0.015139 -0.019038 -0.011537 0.024236 0.003818 0.001002 0.999698
1649856240.391653 0.015923 -0.018691 -0.019177 0.024616 -0.000721 -0.000872 0.999696
1649856240.416652 0.016573 -0.017084 -0.027107 0.027306 -0.003473 -0.002619 0.999618
1649856240.441650 0.018025 -0.015736 -0.035415 0.028461 -0.004587 -0.003337 0.999579
1649856240.466649 0.019267 -0.013060 -0.044337 0.029884 -0.004360 -0.003452 0.999538
1649856240.491647 0.021021 -0.009303 -0.053052 0.031713 -0.003498 -0.003450 0.999485
1649856240.516646 0.022884 -0.004011 -0.062569 0.033622 -0.002734 -0.003281 0.999426
1649856240.541644 0.025212 -0.000408 -0.071476 0.034783 -0.002108 -0.002729 0.999389
1649856240.566643 0.027890 0.004589 -0.081066 0.035876 -0.002161 -0.003580 0.999348
1649856240.591641 0.030946 0.010098 -0.090701 0.038105 -0.002059 -0.005875 0.999254
1649856240.616639 0.033728 0.016879 -0.100174 0.040520 -0.000919 -0.009028 0.999138
1649856240.641638 0.035685 0.021234 -0.110397 0.042726 0.001534 -0.012272 0.999010
1649856240.666636 0.037377 0.026378 -0.120044 0.042837 0.004890 -0.014848 0.998960
1649856240.691635 0.038868 0.032392 -0.129734 0.043313 0.008830 -0.017084 0.998876
1649856240.716633 0.039789 0.038629 -0.139055 0.041686 0.013556 -0.017831 0.998880
1649856240.741632 0.041827 0.042053 -0.148891 0.039738 0.018511 -0.016792 0.998898
1649856240.766630 0.042991 0.046413 -0.159560 0.039199 0.024341 -0.015821 0.998810
1649856240.791629 0.043839 0.050095 -0.169639 0.038799 0.030179 -0.014324 0.998688
1649856240.816627 0.044155 0.053657 -0.179190 0.038758 0.035683 -0.013468 0.998520
1649856240.841626 0.045824 0.054890 -0.189871 0.039253 0.040847 -0.013794 0.998299
1649856240.866624 0.046388 0.056176 -0.200524 0.039515 0.045835 -0.016097 0.998037
1649856240.891623 0.046587 0.055723 -0.211729 0.040038 0.050633 -0.019278 0.997728
1649856240.916621 0.045610 0.055375 -0.222895 0.041553 0.054957 -0.022401 0.997372
1649856240.941619 0.047622 0.056553 -0.233878 0.042909 0.059433 -0.026544 0.996956
1649856240.966618 0.048070 0.057902 -0.246179 0.043653 0.063834 -0.031643 0.996503
1649856240.991616 0.048260 0.058230 -0.258597 0.044965 0.067642 -0.037659 0.995984
1649856241.016615 0.048522 0.058092 -0.272107 0.047008 0.070488 -0.044611 0.995405
1649856241.041613 0.046008 0.064993 -0.282876 0.049309 0.071975 -0.053075 0.994772
1649856241.066612 0.042817 0.073496 -0.293593 0.051542 0.072830 -0.060892 0.994149
1649856241.091610 0.039610 0.082178 -0.303658 0.052759 0.073901 -0.069304 0.993455
1649856241.116609 0.035413 0.094460 -0.312640 0.053588 0.074246 -0.079335 0.992634
1649856241.141607 0.030620 0.106563 -0.321525 0.055250 0.074164 -0.090559 0.991588
1649856241.166606 0.026405 0.119660 -0.330228 0.057383 0.073814 -0.101888 0.990393
1649856241.191604 0.021654 0.131882 -0.337904 0.059564 0.073956 -0.112413 0.989114
1649856241.216603 0.016692 0.147269 -0.344071 0.061888 0.075354 -0.123053 0.987598
1649856241.241601 0.010453 0.161544 -0.350108 0.063897 0.077751 -0.132434 0.986070
1649856241.266599 0.004112 0.176483 -0.355672 0.064814 0.080388 -0.141143 0.984589
1649856241.291598 -0.002265 0.190782 -0.360531 0.063971 0.083712 -0.149364 0.983153
1649856241.316597 -0.009021 0.205030 -0.364647 0.062568 0.087516 -0.158084 0.981548
1649856241.341595 -0.016065 0.219974 -0.367969 0.061266 0.090979 -0.166765 0.979877
1649856241.366593 -0.023579 0.236259 -0.369793 0.058731 0.093991 -0.175015 0.978308
1649856241.391592 -0.030809 0.252243 -0.370955 0.055368 0.097007 -0.182696 0.976804
1649856241.416590 -0.038640 0.268031 -0.370649 0.051960 0.100210 -0.189957 0.975282
1649856241.441589 -0.046078 0.283259 -0.369285 0.049428 0.103912 -0.197917 0.973441
1649856241.466587 -0.054395 0.299098 -0.367106 0.047157 0.107645 -0.206233 0.971420
1649856241.491585 -0.062941 0.314840 -0.364027 0.043537 0.110867 -0.214264 0.969486
1649856241.516584 -0.071560 0.331608 -0.360139 0.040840 0.113405 -0.222839 0.967375
1649856241.541583 -0.080224 0.348285 -0.355951 0.039330 0.115219 -0.232109 0.965041
1649856241.566581 -0.089080 0.364838 -0.351862 0.036243 0.115998 -0.240107 0.963109
1649856241.591579 -0.097674 0.380973 -0.347051 0.032245 0.115563 -0.246955 0.961571
1649856241.616578 -0.105779 0.397049 -0.342108 0.028786 0.113999 -0.253699 0.960111
1649856241.641576 -0.112086 0.413883 -0.336284 0.026698 0.111443 -0.260451 0.958662
1649856241.691573 -0.118824 0.442294 -0.325933 0.026317 0.098118 -0.271564 0.957044
1649856241.716572 -0.123575 0.455799 -0.319951 0.026540 0.089887 -0.277902 0.956026
1649856241.741570 -0.128026 0.468575 -0.313902 0.026834 0.080719 -0.284801 0.954805
1649856241.766569 -0.131984 0.478176 -0.308477 0.026803 0.071421 -0.292454 0.953232
1649856241.791567 -0.136281 0.486964 -0.304387 0.023824 0.062595 -0.299100 0.951869
1649856241.816566 -0.140528 0.494397 -0.301571 0.019332 0.054433 -0.304041 0.950906
1649856241.841564 -0.144574 0.501329 -0.298124 0.017081 0.047098 -0.307321 0.950286
1649856241.866563 -0.149690 0.508841 -0.300292 0.018439 0.039532 -0.310132 0.949692
1649856241.891561 -0.155282 0.515547 -0.304404 0.018547 0.031482 -0.311483 0.949549
1649856241.916559 -0.161003 0.521656 -0.309595 0.019410 0.023014 -0.311696 0.949705
1649856241.941558 -0.166060 0.528082 -0.315144 0.024989 0.015595 -0.314574 0.948776
1649856241.966556 -0.169549 0.533381 -0.319457 0.029284 0.007441 -0.317383 0.947816
1649856241.991555 -0.173134 0.538127 -0.325058 0.032033 0.000420 -0.318993 0.947216
1649856242.016553 -0.176034 0.542707 -0.331068 0.036453 -0.005589 -0.319788 0.946771
1649856242.041552 -0.177189 0.547568 -0.337495 0.040087 -0.009409 -0.320890 0.946221
1649856242.066550 -0.177267 0.549734 -0.343809 0.038780 -0.012824 -0.318227 0.947134
1649856242.091549 -0.176689 0.552149 -0.350536 0.037681 -0.015078 -0.312561 0.949030
1649856242.116547 -0.175291 0.554733 -0.357870 0.037928 -0.015857 -0.304925 0.951489
1649856242.141546 -0.173744 0.556968 -0.365811 0.037244 -0.016302 -0.295400 0.954508
1649856242.166544 -0.172195 0.559398 -0.373635 0.036470 -0.017948 -0.285649 0.957472
1649856242.191542 -0.170854 0.562070 -0.381885 0.038580 -0.018768 -0.278410 0.959504
1649856242.216541 -0.169478 0.564145 -0.390519 0.039551 -0.019191 -0.274258 0.960651
1649856242.241539 -0.168055 0.566004 -0.399560 0.040562 -0.020070 -0.271884 0.961265
1649856242.266538 -0.165886 0.567169 -0.404181 0.041802 -0.022195 -0.269785 0.961757
1649856242.291536 -0.164427 0.568717 -0.408715 0.042711 -0.021951 -0.267021 0.962493
1649856242.316535 -0.163179 0.570100 -0.411384 0.044116 -0.021587 -0.262239 0.963752
1649856242.341533 -0.162161 0.571841 -0.412926 0.047157 -0.020260 -0.256625 0.965147
1649856242.366532 -0.161895 0.574502 -0.416782 0.052592 -0.016897 -0.251544 0.966268
1649856242.391530 -0.161955 0.576961 -0.420303 0.057726 -0.014158 -0.246644 0.967282
1649856242.416529 -0.162324 0.578908 -0.422957 0.061822 -0.012208 -0.242817 0.968023
1649856242.441527 -0.162039 0.580655 -0.425278 0.065259 -0.012099 -0.240535 0.968369
1649856242.466526 -0.158217 0.580362 -0.414910 0.065906 -0.016460 -0.239077 0.968621
1649856242.491524 -0.157211 0.580151 -0.410115 0.066646 -0.019358 -0.239919 0.968309
1649856242.516522 -0.156324 0.579973 -0.404753 0.067787 -0.023070 -0.241715 0.967702
1649856242.541521 -0.155816 0.580125 -0.398434 0.069507 -0.027171 -0.243300 0.967076
1649856242.566519 -0.156052 0.581182 -0.395110 0.072497 -0.030506 -0.244685 0.966407
1649856242.591518 -0.156789 0.582789 -0.391893 0.075918 -0.033248 -0.245888 0.965749
1649856242.616516 -0.157952 0.584590 -0.388985 0.077885 -0.035399 -0.246879 0.965262
1649856242.666513 -0.157453 0.587537 -0.386395 0.083849 -0.033506 -0.250075 0.964007
1649856242.691512 -0.158769 0.589585 -0.383602 0.087007 -0.031042 -0.252577 0.963157
1649856242.716510 -0.161039 0.591807 -0.380782 0.089723 -0.027906 -0.254731 0.962436
1649856242.741508 -0.164013 0.594772 -0.380192 0.093186 -0.026643 -0.256785 0.961597
1649856242.766507 -0.168004 0.598617 -0.378409 0.095693 -0.025199 -0.258123 0.961031
1649856242.791506 -0.172460 0.603541 -0.376419 0.098798 -0.023860 -0.259140 0.960477
1649856242.816504 -0.176872 0.609585 -0.374111 0.102744 -0.022244 -0.260651 0.959693
1649856242.841502 -0.182335 0.616685 -0.371882 0.107232 -0.020858 -0.263075 0.958571
1649856242.891499 -0.194846 0.629760 -0.376505 0.117832 -0.012346 -0.271787 0.955037
1649856242.916498 -0.203161 0.637140 -0.378584 0.121804 -0.007628 -0.277491 0.952945
1649856242.941496 -0.212627 0.644781 -0.381222 0.124130 -0.002520 -0.282699 0.951140
1649856242.966495 -0.223018 0.651735 -0.382392 0.125924 0.001409 -0.287124 0.949579
1649856242.991493 -0.235403 0.659340 -0.382627 0.125926 0.004416 -0.290464 0.948554
1649856243.016492 -0.249454 0.666865 -0.382556 0.124952 0.006629 -0.295138 0.947226
1649856243.041490 -0.263046 0.675224 -0.381697 0.125448 0.007905 -0.303518 0.944498
1649856243.066489 -0.278006 0.683710 -0.379569 0.125232 0.009968 -0.314059 0.941055
1649856243.091487 -0.293969 0.691894 -0.377311 0.123783 0.012576 -0.326186 0.937082
1649856243.116486 -0.310926 0.700137 -0.374241 0.120431 0.015418 -0.338872 0.932965
1649856243.141484 -0.326918 0.709284 -0.369400 0.117243 0.019005 -0.352846 0.928112
1649856243.166482 -0.344117 0.718160 -0.363501 0.113171 0.023984 -0.367431 0.922828
1649856243.191481 -0.361367 0.727431 -0.356536 0.108932 0.029240 -0.382132 0.917199
1649856243.216479 -0.378579 0.737002 -0.348238 0.106052 0.034384 -0.396536 0.911224
1649856243.241478 -0.395952 0.744106 -0.341009 0.103665 0.039635 -0.409056 0.905735
1649856243.266476 -0.413716 0.750475 -0.331747 0.099350 0.044670 -0.421046 0.900474
1649856243.291475 -0.431830 0.754992 -0.321664 0.094710 0.048228 -0.432872 0.895168
1649856243.316473 -0.450014 0.758153 -0.310720 0.090677 0.050231 -0.445730 0.889145
1649856243.341472 -0.469884 0.759802 -0.299968 0.085576 0.050058 -0.459780 0.882482
1649856243.366470 -0.490772 0.760406 -0.288657 0.079679 0.048966 -0.474310 0.875376
1649856243.391469 -0.511969 0.759965 -0.277386 0.074532 0.046739 -0.487793 0.868515
1649856243.416467 -0.533343 0.758888 -0.266672 0.069690 0.043407 -0.499549 0.862386
1649856243.441465 -0.555046 0.757556 -0.255094 0.063823 0.039699 -0.511337 0.856087
1649856243.466464 -0.577095 0.754457 -0.243634 0.057487 0.034351 -0.523395 0.849455
1649856243.491462 -0.599655 0.750670 -0.232423 0.051971 0.028037 -0.536731 0.841684
1649856243.516461 -0.622742 0.746081 -0.220637 0.048483 0.021169 -0.550880 0.832906
1649856243.541459 -0.642824 0.741538 -0.209487 0.045547 0.014023 -0.565379 0.823453
1649856243.566458 -0.663683 0.736130 -0.198569 0.043270 0.006524 -0.577996 0.814866
1649856243.591456 -0.684005 0.727337 -0.196144 0.041283 0.001378 -0.590346 0.806093
1649856243.616455 -0.705330 0.719740 -0.189305 0.037971 -0.002993 -0.602545 0.797175
1649856243.641453 -0.728062 0.711434 -0.183239 0.033675 -0.006129 -0.614116 0.788473
1649856243.666452 -0.751715 0.703167 -0.177382 0.029176 -0.008537 -0.625817 0.779377
1649856243.691450 -0.776340 0.695435 -0.168984 0.025296 -0.010754 -0.637320 0.770109
1649856243.716449 -0.801439 0.687694 -0.160241 0.022049 -0.012199 -0.648399 0.760883
1649856243.741447 -0.826887 0.679936 -0.151271 0.019257 -0.012412 -0.658540 0.752197
1649856243.766445 -0.852266 0.671998 -0.142748 0.017515 -0.012103 -0.667402 0.744393
1649856243.791444 -0.877265 0.664415 -0.134361 0.017343 -0.012340 -0.675921 0.736667
1649856243.816442 -0.901636 0.657078 -0.125969 0.018590 -0.013377 -0.684663 0.728500
1649856243.841441 -0.923154 0.647958 -0.119858 0.020675 -0.015539 -0.693963 0.719546
1649856243.866439 -0.943952 0.638990 -0.113639 0.023277 -0.017648 -0.703012 0.710578
1649856243.891438 -0.962756 0.629258 -0.108444 0.025179 -0.019604 -0.710522 0.702951
1649856243.916436 -0.980425 0.618875 -0.103707 0.026558 -0.021777 -0.717035 0.696191
1649856243.941435 -0.996204 0.607133 -0.101181 0.028233 -0.025396 -0.722492 0.690336
1649856243.966433 -1.010589 0.595229 -0.098487 0.030649 -0.028527 -0.726741 0.685634
1649856243.991431 -1.023043 0.582421 -0.096760 0.033501 -0.030659 -0.729649 0.682312
1649856244.016430 -1.033264 0.569072 -0.095674 0.035728 -0.032132 -0.732588 0.678975
1649856244.041429 -1.042546 0.555045 -0.095283 0.038739 -0.033587 -0.735330 0.675767
1649856244.066427 -1.050738 0.539999 -0.094386 0.042073 -0.034304 -0.737796 0.672837
1649856244.091425 -1.058253 0.524103 -0.093883 0.045929 -0.034246 -0.740646 0.669448
1649856244.116424 -1.066473 0.506267 -0.093126 0.050430 -0.033373 -0.743791 0.665671
1649856244.141422 -1.074216 0.487116 -0.091949 0.053229 -0.030908 -0.746601 0.662418
1649856244.166421 -1.082139 0.466953 -0.090897 0.053283 -0.026101 -0.748380 0.660611
1649856244.191419 -1.089530 0.445457 -0.089254 0.051833 -0.020691 -0.749147 0.660049
1649856244.216418 -1.096443 0.424012 -0.087755 0.050416 -0.015926 -0.750111 0.659195
1649856244.241416 -1.102902 0.401053 -0.085779 0.049388 -0.012155 -0.751192 0.658121
1649856244.266414 -1.108749 0.376736 -0.083762 0.048731 -0.009510 -0.751808 0.657510
1649856244.291413 -1.113644 0.351429 -0.081475 0.048777 -0.008009 -0.751931 0.657386
1649856244.316411 -1.118338 0.325167 -0.079292 0.048644 -0.006035 -0.752041 0.657291
1649856244.341410 -1.121143 0.299752 -0.077344 0.048042 -0.003601 -0.751967 0.657438
1649856244.366408 -1.124006 0.274040 -0.075370 0.046761 -0.000887 -0.751502 0.658071
1649856244.391407 -1.125428 0.248490 -0.074271 0.045135 0.002323 -0.750399 0.659438
1649856244.416405 -1.126898 0.222942 -0.073318 0.043748 0.005603 -0.749693 0.660314
1649856244.441404 -1.127356 0.195147 -0.072347 0.043663 0.008614 -0.749362 0.660663
1649856244.466402 -1.128261 0.167336 -0.071768 0.044199 0.011822 -0.749627 0.660277
1649856244.491401 -1.128994 0.139485 -0.071914 0.044193 0.016126 -0.749935 0.659837
1649856244.516399 -1.130198 0.112076 -0.072419 0.042822 0.021248 -0.750447 0.659200
1649856244.541398 -1.129650 0.083613 -0.073639 0.040933 0.026892 -0.751231 0.658219
1649856244.566396 -1.129399 0.055840 -0.075155 0.039443 0.032321 -0.751723 0.657504
1649856244.591395 -1.128787 0.028485 -0.076897 0.038772 0.036871 -0.752092 0.656883
1649856244.616393 -1.127968 0.000966 -0.078316 0.038090 0.039843 -0.752520 0.656259
1649856244.641392 -1.127720 -0.025064 -0.080632 0.036692 0.040598 -0.752504 0.656311
1649856244.666390 -1.127634 -0.050847 -0.082951 0.034202 0.040052 -0.752267 0.656750
1649856244.691388 -1.128023 -0.076333 -0.085163 0.030174 0.038183 -0.751983 0.657383
1649856244.716387 -1.128793 -0.101776 -0.087449 0.025189 0.035946 -0.751486 0.658287
1649856244.741385 -1.128876 -0.130546 -0.086504 0.019409 0.034651 -0.750942 0.659172
1649856244.766384 -1.132200 -0.156659 -0.088580 0.013746 0.033407 -0.749914 0.660548
1649856244.791382 -1.136098 -0.182516 -0.091128 0.008847 0.033173 -0.748660 0.662064
1649856244.816381 -1.140821 -0.207965 -0.093927 0.005465 0.033543 -0.747776 0.663080
1649856244.866378 -1.141248 -0.256145 -0.098155 0.003118 0.037369 -0.746348 0.664498
1649856244.891376 -1.142900 -0.281037 -0.101712 0.004426 0.039989 -0.745292 0.665523
1649856244.916374 -1.144492 -0.305915 -0.105319 0.006446 0.042896 -0.744664 0.666029
1649856244.941373 -1.144350 -0.334411 -0.106476 0.008642 0.046038 -0.743995 0.666541
1649856244.991370 -1.144861 -0.391667 -0.109757 0.011937 0.051674 -0.740804 0.669624
1649856245.016368 -1.143510 -0.422933 -0.110976 0.014165 0.054260 -0.739237 0.671106
1649856245.041367 -1.142983 -0.453301 -0.114129 0.016220 0.056764 -0.737446 0.672821
1649856245.066365 -1.142985 -0.483557 -0.117170 0.017814 0.059102 -0.735507 0.674699
1649856245.091364 -1.142897 -0.514041 -0.120862 0.019037 0.059785 -0.733716 0.676554
1649856245.116362 -1.143068 -0.544449 -0.125506 0.020364 0.059828 -0.732766 0.677539
1649856245.141361 -1.143128 -0.575281 -0.130940 0.021748 0.059633 -0.732197 0.678129
1649856245.166359 -1.143398 -0.606388 -0.136516 0.022993 0.059626 -0.731402 0.678946
1649856245.191358 -1.143340 -0.637359 -0.141884 0.023960 0.059333 -0.730289 0.680135
1649856245.216356 -1.143197 -0.668571 -0.147249 0.024197 0.058307 -0.729439 0.681126
1649856245.241354 -1.140377 -0.700283 -0.152387 0.023819 0.056176 -0.728890 0.681907
1649856245.266353 -1.137763 -0.732460 -0.156742 0.023235 0.052876 -0.728244 0.682880
1649856245.291352 -1.134583 -0.764555 -0.160851 0.021523 0.049076 -0.727353 0.684168
1649856245.316350 -1.131145 -0.797097 -0.163919 0.020503 0.045825 -0.726981 0.684820
1649856245.341348 -1.128502 -0.829630 -0.167090 0.019705 0.043238 -0.726636 0.685378
1649856245.366347 -1.126286 -0.862432 -0.168771 0.019236 0.041988 -0.726359 0.685762
1649856245.391345 -1.124284 -0.894797 -0.169850 0.018824 0.041942 -0.726474 0.685655
1649856245.416344 -1.122405 -0.927424 -0.170003 0.019431 0.042957 -0.726963 0.685056
1649856245.441342 -1.120507 -0.959813 -0.169723 0.020024 0.045549 -0.727774 0.684009
1649856245.466341 -1.118149 -0.992063 -0.169349 0.021086 0.048882 -0.729023 0.682416
1649856245.491339 -1.114798 -1.024247 -0.168781 0.022960 0.052125 -0.730749 0.680266
1649856245.516337 -1.110735 -1.056194 -0.168102 0.025470 0.055606 -0.733295 0.677154
1649856245.541336 -1.107214 -1.087446 -0.167797 0.028787 0.058571 -0.736485 0.673298
1649856245.566334 -1.105590 -1.117853 -0.168319 0.032564 0.062066 -0.740244 0.668675
1649856245.591333 -1.104790 -1.148337 -0.169905 0.036194 0.066258 -0.744482 0.663360
1649856245.616331 -1.104700 -1.178395 -0.172220 0.038951 0.070820 -0.748855 0.657786
1649856245.641330 -1.102197 -1.209550 -0.174929 0.040922 0.074397 -0.753676 0.651738
1649856245.666328 -1.100611 -1.240178 -0.178068 0.042385 0.075911 -0.758636 0.645687
1649856245.691327 -1.098854 -1.271291 -0.181719 0.042781 0.075918 -0.763256 0.640192
1649856245.716325 -1.097578 -1.301944 -0.185920 0.041579 0.075482 -0.767520 0.635206
1649856245.741324 -1.096982 -1.332707 -0.189880 0.039284 0.074349 -0.771151 0.631075
1649856245.766322 -1.097264 -1.363169 -0.193834 0.036791 0.072845 -0.774108 0.627771
1649856245.791321 -1.098162 -1.393682 -0.198954 0.033717 0.071184 -0.776517 0.625154
1649856245.816319 -1.099760 -1.424440 -0.202936 0.031414 0.070276 -0.778596 0.622786
1649856245.841318 -1.102146 -1.454921 -0.205322 0.028599 0.070907 -0.780268 0.620754
1649856245.866316 -1.104963 -1.485646 -0.206843 0.025876 0.071905 -0.781842 0.618776
1649856245.891315 -1.107927 -1.516757 -0.207253 0.023784 0.073058 -0.783459 0.616676
1649856245.916313 -1.111358 -1.547862 -0.206683 0.021941 0.074804 -0.785144 0.614387
1649856245.941311 -1.115360 -1.579361 -0.205284 0.020568 0.077192 -0.786870 0.611927
1649856245.966310 -1.119465 -1.611321 -0.203261 0.019977 0.079675 -0.788624 0.609364
1649856245.991308 -1.123224 -1.643623 -0.201210 0.020674 0.081626 -0.790073 0.607202
1649856246.016307 -1.127108 -1.675985 -0.199162 0.021606 0.083104 -0.791514 0.605089
1649856246.041305 -1.130940 -1.708789 -0.197459 0.022913 0.083969 -0.792702 0.603364
1649856246.066304 -1.134996 -1.741813 -0.196276 0.024398 0.084614 -0.793554 0.602094
1649856246.091302 -1.138971 -1.774696 -0.195083 0.025818 0.085670 -0.793685 0.601713
1649856246.116301 -1.143429 -1.807433 -0.194353 0.027012 0.087036 -0.793826 0.601278
1649856246.141299 -1.148285 -1.840727 -0.194007 0.028080 0.087677 -0.794119 0.600748
1649856246.166297 -1.153576 -1.874187 -0.193938 0.028789 0.086951 -0.795068 0.599565
1649856246.191296 -1.159445 -1.907939 -0.195485 0.028499 0.084943 -0.796167 0.598407
1649856246.216294 -1.165911 -1.941442 -0.197626 0.027608 0.082718 -0.797365 0.597164
1649856246.241293 -1.172759 -1.975228 -0.199631 0.026314 0.080156 -0.798361 0.596240
1649856246.266291 -1.179788 -2.009260 -0.201695 0.024801 0.077062 -0.799143 0.595665
1649856246.291290 -1.185869 -2.042859 -0.203711 0.023264 0.074028 -0.799248 0.595971
1649856246.316288 -1.192578 -2.076677 -0.205562 0.021095 0.071355 -0.799603 0.595901
1649856246.341287 -1.199534 -2.110980 -0.206564 0.018841 0.068985 -0.800076 0.595622
1649856246.366285 -1.206736 -2.145845 -0.206748 0.017414 0.066555 -0.800777 0.594998
1649856246.391284 -1.212830 -2.181508 -0.206129 0.016648 0.064255 -0.801519 0.594273
1649856246.416282 -1.218830 -2.217028 -0.205229 0.016486 0.062484 -0.802466 0.593188
1649856246.441281 -1.224958 -2.252807 -0.204273 0.016716 0.061895 -0.803237 0.592199
1649856246.466279 -1.231315 -2.288803 -0.202901 0.017532 0.062192 -0.804050 0.591040
1649856246.491277 -1.237789 -2.324172 -0.202647 0.019574 0.062641 -0.805009 0.589621
1649856246.516276 -1.244832 -2.359492 -0.201789 0.022408 0.063311 -0.806608 0.587260
1649856246.541275 -1.252282 -2.395096 -0.201190 0.025800 0.064142 -0.808618 0.584258
1649856246.566273 -1.260301 -2.430909 -0.200243 0.029246 0.065240 -0.811000 0.580662
1649856246.591271 -1.268648 -2.467443 -0.199213 0.032649 0.066122 -0.813560 0.576785
1649856246.616270 -1.277559 -2.503578 -0.198607 0.035931 0.066782 -0.816502 0.572341
1649856246.641268 -1.287836 -2.540151 -0.197058 0.039290 0.066917 -0.819564 0.567709
1649856246.666267 -1.299444 -2.576135 -0.199476 0.040539 0.067321 -0.822344 0.563538
1649856246.691265 -1.311452 -2.611983 -0.202163 0.040174 0.067506 -0.824579 0.560266
1649856246.716264 -1.324065 -2.647542 -0.205203 0.039984 0.066308 -0.827210 0.556532
1649856246.741262 -1.334583 -2.682383 -0.209217 0.039611 0.064892 -0.830320 0.552077
1649856246.766260 -1.346113 -2.717290 -0.213522 0.038910 0.063189 -0.833025 0.548235
1649856246.791259 -1.357492 -2.751221 -0.218106 0.036738 0.062010 -0.834797 0.545820
1649856246.816257 -1.369695 -2.784961 -0.222762 0.033533 0.061061 -0.836618 0.543339
1649856246.841256 -1.381508 -2.818316 -0.227483 0.029652 0.060250 -0.838253 0.541131
1649856246.866254 -1.393769 -2.852316 -0.229643 0.026311 0.059716 -0.839810 0.538945
1649856246.891253 -1.405975 -2.886568 -0.230640 0.023702 0.059570 -0.841311 0.536736
1649856246.916251 -1.418369 -2.920931 -0.230352 0.022503 0.059954 -0.842837 0.534346
1649856246.941250 -1.431704 -2.955585 -0.229028 0.022306 0.061021 -0.844082 0.532264
1649856246.966248 -1.440963 -2.993110 -0.225169 0.023359 0.062190 -0.845177 0.530342
1649856246.991247 -1.452378 -3.027714 -0.221763 0.024778 0.064073 -0.846048 0.528662
1649856247.016245 -1.464111 -3.062452 -0.218029 0.026438 0.065657 -0.846390 0.527839
1649856247.041244 -1.475838 -3.097193 -0.214743 0.028350 0.066443 -0.846261 0.527848
1649856247.066242 -1.491465 -3.130450 -0.212830 0.030504 0.066303 -0.845753 0.528559
1649856247.091241 -1.507532 -3.164180 -0.213074 0.032880 0.065820 -0.844747 0.530084
1649856247.116239 -1.524486 -3.197530 -0.214049 0.035083 0.065965 -0.843317 0.532198
1649856247.141237 -1.541894 -3.230390 -0.216378 0.037178 0.065872 -0.841630 0.534731
1649856247.166236 -1.553704 -3.263251 -0.220873 0.039436 0.064398 -0.839945 0.537392
1649856247.191234 -1.566850 -3.297695 -0.226447 0.041999 0.062449 -0.838912 0.539038
1649856247.216233 -1.579290 -3.331657 -0.232817 0.044409 0.061205 -0.838122 0.540215
1649856247.241231 -1.591429 -3.365656 -0.240006 0.046412 0.060674 -0.837143 0.541623
1649856247.266230 -1.599867 -3.401384 -0.246919 0.047790 0.059976 -0.835858 0.543562
1649856247.291228 -1.609916 -3.438442 -0.252835 0.047483 0.058790 -0.834727 0.545453
1649856247.316227 -1.619504 -3.475673 -0.257857 0.046208 0.056909 -0.833455 0.547703
1649856247.341225 -1.628792 -3.513908 -0.262060 0.044678 0.054092 -0.832285 0.549890
1649856247.366224 -1.645490 -3.552351 -0.264507 0.042634 0.050510 -0.831946 0.550905
1649856247.391222 -1.660906 -3.589677 -0.264587 0.040188 0.046452 -0.831260 0.552480
1649856247.416220 -1.677796 -3.627051 -0.263872 0.038225 0.043316 -0.830207 0.554454
1649856247.441219 -1.695805 -3.664267 -0.262883 0.036996 0.041281 -0.829259 0.556109
1649856247.466217 -1.711530 -3.702632 -0.259607 0.037393 0.040214 -0.828041 0.557973
1649856247.491216 -1.727819 -3.739780 -0.256969 0.038704 0.040643 -0.827116 0.559222
1649856247.516214 -1.743517 -3.777363 -0.253349 0.040978 0.042303 -0.827264 0.558718
1649856247.541213 -1.759165 -3.814990 -0.250242 0.043666 0.044343 -0.827790 0.557576
1649856247.566211 -1.770534 -3.854056 -0.247661 0.046764 0.046403 -0.827832 0.557094
1649856247.591210 -1.782565 -3.890738 -0.245993 0.049213 0.048180 -0.828509 0.555725
1649856247.616208 -1.793927 -3.927491 -0.245889 0.052433 0.050281 -0.829850 0.553237
1649856247.641207 -1.804808 -3.964313 -0.246725 0.055820 0.052747 -0.831629 0.549995
1649856247.666205 -1.814341 -3.998930 -0.249863 0.057872 0.055920 -0.833798 0.546173
1649856247.691204 -1.823482 -4.031738 -0.252009 0.058700 0.058868 -0.836337 0.541876
1649856247.716202 -1.832987 -4.064626 -0.254443 0.058622 0.060381 -0.838723 0.538016
1649856247.741200 -1.842594 -4.096729 -0.257823 0.057409 0.060570 -0.841028 0.534516
1649856247.766199 -1.853810 -4.126848 -0.262017 0.054346 0.059689 -0.843540 0.530966
1649856247.791198 -1.866013 -4.157950 -0.266292 0.049629 0.057491 -0.845417 0.528679
1649856247.816196 -1.879459 -4.188701 -0.270442 0.044457 0.055158 -0.846811 0.527155
1649856247.841194 -1.893540 -4.219008 -0.274055 0.039199 0.053104 -0.848005 0.525863
1649856247.866193 -1.909358 -4.248726 -0.276291 0.034347 0.051463 -0.848880 0.524952
1649856247.891191 -1.926620 -4.280616 -0.278098 0.029858 0.050732 -0.849252 0.524697
1649856247.916190 -1.944147 -4.312205 -0.278500 0.026281 0.051050 -0.849519 0.524424
1649856247.941188 -1.961565 -4.343603 -0.278039 0.023757 0.052069 -0.849773 0.524032
1649856247.966187 -1.977092 -4.375312 -0.276985 0.022818 0.053551 -0.849571 0.524252
1649856247.991185 -1.993574 -4.408476 -0.275384 0.023120 0.055511 -0.849291 0.524488
1649856248.016183 -2.009563 -4.441847 -0.272910 0.024083 0.057800 -0.849098 0.524511
1649856248.041182 -2.025901 -4.475246 -0.270639 0.025366 0.060447 -0.848569 0.525008
1649856248.066180 -2.039605 -4.510052 -0.268388 0.026636 0.063418 -0.847511 0.526302
1649856248.091179 -2.052951 -4.545040 -0.267931 0.028503 0.066584 -0.846395 0.527607
1649856248.116177 -2.065545 -4.580646 -0.267548 0.030827 0.069714 -0.845269 0.528876
1649856248.141176 -2.077655 -4.616831 -0.267988 0.032893 0.071928 -0.843964 0.530537
1649856248.166174 -2.088605 -4.652902 -0.268938 0.034530 0.071754 -0.842997 0.531992
1649856248.191173 -2.099129 -4.687965 -0.271047 0.034830 0.069777 -0.842800 0.532547
1649856248.216171 -2.109960 -4.722832 -0.273012 0.034401 0.068112 -0.842439 0.533360
1649856248.241170 -2.120927 -4.757749 -0.274895 0.033420 0.066984 -0.841834 0.534521
1649856248.266168 -2.135051 -4.794535 -0.276929 0.032013 0.066069 -0.841147 0.535800
1649856248.291167 -2.148064 -4.830739 -0.280715 0.030944 0.063939 -0.840707 0.536810
1649856248.316165 -2.161304 -4.866844 -0.283781 0.030089 0.061186 -0.840264 0.537874
1649856248.341164 -2.174792 -4.903182 -0.286478 0.029597 0.058215 -0.839755 0.539023
1649856248.366162 -2.192202 -4.938284 -0.290237 0.029451 0.055165 -0.839644 0.539525
1649856248.391160 -2.208178 -4.970749 -0.291148 0.030097 0.052792 -0.839588 0.539813
1649856248.416159 -2.224926 -5.002267 -0.291040 0.031383 0.051449 -0.839346 0.540246
1649856248.441157 -2.242403 -5.033279 -0.289667 0.033732 0.050943 -0.839230 0.540333
1649856248.466156 -2.258327 -5.064101 -0.286050 0.037227 0.051118 -0.839180 0.540165
1649856248.491154 -2.274315 -5.093820 -0.285998 0.040734 0.051615 -0.839592 0.539223
1649856248.516153 -2.290025 -5.123943 -0.286056 0.044285 0.052904 -0.840965 0.536672
1649856248.541151 -2.306204 -5.153569 -0.285526 0.047342 0.054591 -0.842894 0.533205
1649856248.566150 -2.320800 -5.184847 -0.283289 0.049612 0.056022 -0.844880 0.529696
1649856248.591148 -2.335471 -5.215942 -0.282611 0.051254 0.056812 -0.847234 0.525681
1649856248.616147 -2.349237 -5.247177 -0.282566 0.053155 0.057576 -0.849907 0.521074
1649856248.641145 -2.362528 -5.278330 -0.282986 0.054972 0.058624 -0.852539 0.516448
1649856248.666143 -2.376258 -5.310150 -0.283278 0.055687 0.060126 -0.854870 0.512328
1649856248.691142 -2.389638 -5.341364 -0.285379 0.055534 0.061181 -0.857263 0.508206
1649856248.716141 -2.402643 -5.372417 -0.288174 0.054729 0.060563 -0.859833 0.504008
1649856248.741139 -2.415394 -5.402951 -0.291770 0.053214 0.059506 -0.862330 0.500014
1649856248.766137 -2.432494 -5.432059 -0.294569 0.050849 0.058644 -0.864490 0.496620
1649856248.791136 -2.449966 -5.460693 -0.296671 0.047453 0.057678 -0.866113 0.494236
1649856248.816134 -2.476843 -5.489163 -0.286741 0.045114 0.057248 -0.865741 0.495157
1649856248.841133 -2.499758 -5.517865 -0.282950 0.041908 0.056512 -0.866155 0.494799
1649856248.866131 -2.520693 -5.547157 -0.271482 0.039157 0.056671 -0.865603 0.495971
1649856248.891129 -2.541829 -5.575375 -0.260553 0.037277 0.057195 -0.865103 0.496926
1649856248.916128 -2.556251 -5.603330 -0.255122 0.035434 0.058908 -0.866182 0.494978
1649856248.941127 -2.570336 -5.630976 -0.246952 0.035572 0.061261 -0.865940 0.495105
1649856248.991123 -2.592403 -5.683685 -0.252027 0.040132 0.068890 -0.861442 0.501558
1649856249.016122 -2.603000 -5.710929 -0.251169 0.043247 0.070711 -0.859282 0.504742
1649856249.041120 -2.613479 -5.738011 -0.249730 0.047101 0.071713 -0.856519 0.508933
1649856249.066119 -2.623976 -5.764790 -0.249456 0.051071 0.072438 -0.853208 0.513985
1649856249.091117 -2.635276 -5.792251 -0.248397 0.054547 0.073772 -0.849282 0.519906
1649856249.116116 -2.648047 -5.820151 -0.248055 0.058046 0.076454 -0.844488 0.526901
1649856249.141114 -2.661344 -5.849025 -0.248318 0.061094 0.079367 -0.839545 0.533978
1649856249.166113 -2.677128 -5.878479 -0.249997 0.063459 0.080677 -0.835340 0.540065
1649856249.191111 -2.693699 -5.908505 -0.251502 0.065189 0.079843 -0.831979 0.545148
1649856249.216110 -2.709089 -5.938175 -0.253154 0.066583 0.078184 -0.828988 0.549758
1649856249.241108 -2.723722 -5.968279 -0.255031 0.067519 0.076144 -0.826045 0.554341
1649856249.266107 -2.735221 -5.997329 -0.257731 0.068048 0.073301 -0.822936 0.559261
1649856249.291105 -2.746619 -6.025198 -0.260510 0.068413 0.070284 -0.819073 0.565242
1649856249.316103 -2.757384 -6.053154 -0.262907 0.067815 0.067547 -0.815167 0.571263
1649856249.341102 -2.767947 -6.080876 -0.265212 0.066965 0.064889 -0.811070 0.577469
1649856249.366100 -2.774906 -6.106877 -0.265894 0.067033 0.062499 -0.806784 0.583695
1649856249.391099 -2.783961 -6.130179 -0.266623 0.066399 0.060029 -0.802576 0.589796
1649856249.416097 -2.793171 -6.152684 -0.266701 0.066450 0.058098 -0.797569 0.596736
1649856249.441096 -2.802009 -6.174272 -0.265935 0.067179 0.056825 -0.791854 0.604338
1649856249.466094 -2.808164 -6.203009 -0.266731 0.067928 0.055881 -0.784802 0.613474
1649856249.491093 -2.815600 -6.230819 -0.269254 0.068840 0.055099 -0.777327 0.622887
1649856249.516091 -2.822566 -6.259347 -0.272145 0.070037 0.054153 -0.769554 0.632415
1649856249.541090 -2.828478 -6.289543 -0.274202 0.072196 0.053415 -0.761294 0.642158
1649856249.566088 -2.835380 -6.318581 -0.275807 0.074794 0.052448 -0.753119 0.651511
1649856249.616085 -2.848278 -6.375762 -0.276469 0.081286 0.051280 -0.734175 0.672123
1649856249.641083 -2.855423 -6.411043 -0.276431 0.084743 0.052119 -0.722712 0.683952
1649856249.666082 -2.861391 -6.443375 -0.276473 0.087996 0.052761 -0.710527 0.696150
1649856249.691080 -2.866349 -6.474558 -0.275952 0.090622 0.054160 -0.697444 0.708821
1649856249.716079 -2.870465 -6.505243 -0.275811 0.092185 0.054875 -0.683587 0.721941
1649856249.741077 -2.871346 -6.533555 -0.277305 0.093227 0.053302 -0.670063 0.734495
1649856249.766076 -2.871695 -6.559578 -0.277724 0.094691 0.051117 -0.655517 0.747475
1649856249.791074 -2.871530 -6.584659 -0.278673 0.095489 0.048986 -0.640152 0.760715
1649856249.816073 -2.870277 -6.608232 -0.279568 0.095600 0.047801 -0.623912 0.774151
1649856249.841071 -2.868669 -6.628955 -0.279798 0.094919 0.047566 -0.607236 0.787396
1649856249.866070 -2.866232 -6.648064 -0.280123 0.094199 0.047716 -0.590254 0.800281
1649856249.891068 -2.862964 -6.665743 -0.280362 0.093185 0.047464 -0.572797 0.812999
1649856249.916066 -2.859053 -6.682144 -0.280470 0.092645 0.047570 -0.555462 0.824994
1649856249.941065 -2.853979 -6.697138 -0.281407 0.092733 0.046182 -0.540554 0.834907
1649856249.966063 -2.847287 -6.710936 -0.283138 0.093321 0.045346 -0.523805 0.845496
1649856249.991062 -2.839130 -6.723531 -0.286438 0.093271 0.044638 -0.506022 0.856300
1649856250.016060 -2.829926 -6.735123 -0.289816 0.093331 0.043955 -0.487080 0.867243
1649856250.041059 -2.815818 -6.746074 -0.292893 0.092678 0.045025 -0.464297 0.879666
1649856250.066057 -2.801706 -6.755959 -0.296813 0.092796 0.045495 -0.440039 0.892012
1649856250.091056 -2.786590 -6.765198 -0.300777 0.093800 0.045962 -0.414758 0.903916
1649856250.116054 -2.770267 -6.773374 -0.304880 0.096538 0.046766 -0.388692 0.915102
1649856250.141052 -2.751238 -6.772035 -0.310115 0.099571 0.048310 -0.363748 0.924900
1649856250.166051 -2.734931 -6.772324 -0.315007 0.101861 0.050949 -0.338214 0.934152
1649856250.191050 -2.718623 -6.770748 -0.320075 0.103709 0.052078 -0.312987 0.942641
1649856250.216048 -2.702117 -6.767120 -0.326052 0.104474 0.052530 -0.287888 0.950498
1649856250.241046 -2.698119 -6.773033 -0.330670 0.105763 0.054435 -0.260949 0.957996
1649856250.266045 -2.692361 -6.777563 -0.336466 0.106897 0.055818 -0.236415 0.964140
1649856250.291043 -2.688455 -6.782971 -0.341904 0.107492 0.056774 -0.212977 0.969465
1649856250.316042 -2.685854 -6.790456 -0.347459 0.106752 0.057788 -0.191024 0.974050
1649856250.341040 -2.680341 -6.799561 -0.352516 0.104769 0.058107 -0.169816 0.978166
1649856250.366039 -2.673528 -6.808208 -0.357298 0.102122 0.057969 -0.148702 0.981885
1649856250.391037 -2.665980 -6.817663 -0.361373 0.099352 0.058006 -0.127313 0.985168
1649856250.416036 -2.658285 -6.826873 -0.365925 0.096675 0.058235 -0.105367 0.988008
1649856250.441034 -2.643438 -6.833583 -0.369063 0.092219 0.059025 -0.083636 0.990463
1649856250.466033 -2.627574 -6.838964 -0.373787 0.091133 0.059209 -0.062207 0.992129
1649856250.491031 -2.609938 -6.843259 -0.379059 0.090085 0.059436 -0.040608 0.993329
1649856250.516030 -2.590930 -6.847068 -0.385089 0.089677 0.060274 -0.018930 0.993965
1649856250.541028 -2.575529 -6.851873 -0.390496 0.089739 0.062062 0.000834 0.994029
1649856250.566026 -2.560727 -6.855450 -0.396117 0.090085 0.064425 0.020899 0.993628
1649856250.591025 -2.546557 -6.859095 -0.401409 0.088713 0.066923 0.040798 0.992969
1649856250.616023 -2.533821 -6.862601 -0.406933 0.085868 0.068983 0.060429 0.992077
1649856250.641022 -2.522514 -6.861428 -0.411602 0.082054 0.072342 0.078455 0.990898
1649856250.666020 -2.511504 -6.860047 -0.416486 0.078715 0.075347 0.096052 0.989394
1649856250.691019 -2.501099 -6.857426 -0.421540 0.074289 0.077970 0.113914 0.987636
1649856250.716017 -2.491284 -6.853556 -0.426387 0.068208 0.079815 0.131811 0.985699
1649856250.741016 -2.481360 -6.849812 -0.430428 0.061740 0.080893 0.148463 0.983668
1649856250.766014 -2.471790 -6.845186 -0.434411 0.055916 0.081946 0.164187 0.981428
1649856250.791013 -2.462629 -6.839020 -0.437635 0.053322 0.083993 0.178895 0.978825
1649856250.816011 -2.453609 -6.831287 -0.440578 0.054113 0.087270 0.193091 0.975793
1649856250.841009 -2.445050 -6.826491 -0.443482 0.055442 0.091520 0.206995 0.972473
1649856250.866008 -2.436651 -6.821437 -0.446520 0.054455 0.094599 0.222293 0.968851
1649856250.891006 -2.427550 -6.816789 -0.449548 0.051603 0.096234 0.237725 0.965175
1649856250.916005 -2.418564 -6.812392 -0.452097 0.049271 0.097548 0.252756 0.961338
1649856250.941003 -2.412286 -6.806285 -0.456410 0.047035 0.098398 0.267108 0.957475
1649856250.966002 -2.405923 -6.799158 -0.461050 0.045757 0.098604 0.283063 0.952921
1649856250.991000 -2.400657 -6.791440 -0.465691 0.045028 0.098305 0.300470 0.947643
1649856251.015999 -2.395716 -6.783116 -0.469996 0.045027 0.097860 0.318268 0.941861
1649856251.040997 -2.390432 -6.775425 -0.476518 0.043872 0.097270 0.337694 0.935188
1649856251.065996 -2.385511 -6.766866 -0.482858 0.043460 0.096237 0.355945 0.928522
1649856251.090994 -2.379875 -6.757992 -0.488586 0.044089 0.095492 0.372512 0.922048
1649856251.115993 -2.373632 -6.749070 -0.494487 0.044632 0.094448 0.388287 0.915599
1649856251.140991 -2.366033 -6.739280 -0.501265 0.046193 0.092702 0.403413 0.909137
1649856251.165989 -2.358095 -6.728824 -0.508099 0.048110 0.091246 0.417361 0.902867
1649856251.190988 -2.350265 -6.718102 -0.514844 0.051414 0.089675 0.430438 0.896682
1649856251.215986 -2.342780 -6.707349 -0.521990 0.054825 0.088259 0.443082 0.890440
1649856251.240985 -2.334172 -6.698693 -0.529487 0.057565 0.088148 0.457301 0.883058
1649856251.265981 -2.327920 -6.689798 -0.537612 0.062180 0.090007 0.468973 0.876411
1649856251.290979 -2.322125 -6.681775 -0.546051 0.066676 0.091945 0.480780 0.869455
1649856251.315978 -2.316655 -6.674314 -0.555131 0.070555 0.093334 0.492824 0.862227
1649856251.340976 -2.311588 -6.669164 -0.565583 0.072124 0.094136 0.503839 0.855618
1649856251.365975 -2.306643 -6.662610 -0.575952 0.072896 0.095532 0.514861 0.848810
1649856251.390973 -2.301833 -6.656395 -0.586287 0.073203 0.097840 0.524706 0.842468
1649856251.415972 -2.296823 -6.650877 -0.596687 0.071935 0.100501 0.533273 0.836866
1649856251.440970 -2.289342 -6.646376 -0.608233 0.067385 0.102465 0.542560 0.831017
1649856251.465969 -2.281844 -6.642087 -0.616739 0.060773 0.101770 0.553378 0.824453
1649856251.490967 -2.274494 -6.638214 -0.624338 0.055218 0.101792 0.565003 0.816922
1649856251.515965 -2.267014 -6.634408 -0.631145 0.051445 0.102899 0.575851 0.809420
1649856251.540964 -2.258721 -6.633231 -0.639151 0.048823 0.103693 0.585694 0.802388
1649856251.565963 -2.251521 -6.632162 -0.646211 0.046455 0.102951 0.593185 0.797104
1649856251.590961 -2.243087 -6.630707 -0.652888 0.042890 0.100448 0.598583 0.793580
1649856251.615959 -2.234296 -6.629308 -0.659294 0.040170 0.097281 0.601842 0.791650
1649856251.640958 -2.225452 -6.626545 -0.665329 0.038753 0.095147 0.603533 0.790692
1649856251.665956 -2.217978 -6.624808 -0.670381 0.038346 0.093295 0.604413 0.790260
1649856251.690955 -2.210680 -6.622914 -0.675002 0.038389 0.091114 0.605565 0.789630
1649856251.715953 -2.203629 -6.621152 -0.679132 0.038928 0.088899 0.606457 0.789172
1649856251.740952 -2.195127 -6.618415 -0.684466 0.040578 0.087380 0.606636 0.789120
1649856251.765950 -2.186604 -6.615524 -0.689192 0.042031 0.085805 0.605729 0.789913
1649856251.790949 -2.177816 -6.612491 -0.693859 0.043079 0.083365 0.604820 0.790814
1649856251.815947 -2.169140 -6.609931 -0.696153 0.043626 0.081017 0.604008 0.791648
1649856251.840945 -2.159493 -6.608244 -0.698496 0.042167 0.079752 0.603638 0.792138
1649856251.865944 -2.151957 -6.609530 -0.697234 0.042979 0.078218 0.601939 0.793539
1649856251.890943 -2.145165 -6.611562 -0.695758 0.043567 0.077199 0.600483 0.794709
1649856251.915941 -2.140779 -6.616932 -0.691599 0.043976 0.075487 0.598988 0.795978
1649856251.940939 -2.135266 -6.622092 -0.692254 0.043547 0.074008 0.598332 0.796634
1649856251.965938 -2.129886 -6.626454 -0.692516 0.044462 0.073480 0.597229 0.797460
1649856251.990936 -2.124514 -6.631101 -0.692878 0.045341 0.073243 0.595499 0.798724
1649856252.015935 -2.118031 -6.635152 -0.692886 0.045587 0.072579 0.593232 0.800456
1649856252.040933 -2.109933 -6.638103 -0.693645 0.043981 0.071184 0.590873 0.802414
1649856252.065932 -2.101171 -6.639802 -0.693996 0.043785 0.070416 0.587256 0.805143
1649856252.090930 -2.091858 -6.640948 -0.694112 0.043435 0.069451 0.583241 0.808158
1649856252.115929 -2.081983 -6.641438 -0.694185 0.042961 0.068547 0.578977 0.811321
1649856252.140927 -2.071029 -6.640366 -0.694035 0.043539 0.067810 0.574637 0.814431
1649856252.165926 -2.060359 -6.638148 -0.694556 0.043722 0.068582 0.570498 0.817262
1649856252.190924 -2.050061 -6.635635 -0.695381 0.043504 0.068714 0.567015 0.819682
1649856252.215922 -2.040175 -6.632696 -0.696291 0.043709 0.069022 0.563867 0.821815
1649856252.240921 -2.029760 -6.629579 -0.697380 0.044245 0.070926 0.560258 0.824089
1649856252.265919 -2.020572 -6.626160 -0.698212 0.044417 0.072284 0.555570 0.827130
1649856252.290918 -2.011313 -6.622255 -0.699181 0.047235 0.075893 0.549047 0.830997
1649856252.315916 -2.002373 -6.618013 -0.700088 0.050678 0.079794 0.541907 0.835106
1649856252.340915 -1.992742 -6.614935 -0.702102 0.053047 0.081969 0.536123 0.838474
1649856252.365913 -1.983967 -6.611960 -0.703470 0.056559 0.083491 0.531910 0.840775
1649856252.390912 -1.975816 -6.608997 -0.705003 0.058819 0.085091 0.528709 0.842476
1649856252.415910 -1.967887 -6.605791 -0.706777 0.061734 0.087406 0.525923 0.843774
1649856252.440909 -1.959931 -6.603288 -0.709340 0.064496 0.089789 0.523886 0.844584
1649856252.465907 -1.952972 -6.600429 -0.711890 0.065066 0.090855 0.522582 0.845234
1649856252.490906 -1.946309 -6.597748 -0.714119 0.066777 0.091609 0.521222 0.845858
1649856252.515904 -1.939465 -6.594498 -0.717275 0.069186 0.092655 0.519095 0.846858
1649856252.540902 -1.931509 -6.591392 -0.724926 0.072303 0.092819 0.516351 0.848256
1649856252.565901 -1.923567 -6.587772 -0.731732 0.079259 0.094927 0.511924 0.850083
1649856252.590899 -1.915614 -6.584253 -0.739265 0.085290 0.095679 0.507204 0.852242
1649856252.615898 -1.907986 -6.580968 -0.747951 0.089876 0.095866 0.503162 0.854143
1649856252.640896 -1.900285 -6.578552 -0.754213 0.092913 0.097783 0.500838 0.854966
1649856252.665895 -1.892853 -6.575399 -0.763682 0.093316 0.101321 0.498766 0.855721
1649856252.690893 -1.886422 -6.572039 -0.773458 0.093983 0.106023 0.498323 0.855337
1649856252.715892 -1.880743 -6.568847 -0.783080 0.093610 0.110187 0.499415 0.854214
1649856252.740890 -1.875368 -6.565315 -0.793214 0.092735 0.113792 0.500505 0.853197
1649856252.765888 -1.869726 -6.561002 -0.801376 0.095000 0.117521 0.499903 0.852796
1649856252.790887 -1.863640 -6.556415 -0.809017 0.095776 0.119586 0.498491 0.853248
1649856252.815886 -1.856138 -6.550981 -0.816607 0.095085 0.119964 0.497412 0.853902
1649856252.840884 -1.848660 -6.546566 -0.822352 0.093222 0.119659 0.496886 0.854456
1649856252.865882 -1.841219 -6.541826 -0.828713 0.090047 0.118720 0.496211 0.855320
1649856252.890881 -1.835069 -6.537537 -0.834741 0.086872 0.118164 0.495882 0.855915
1649856252.915879 -1.829671 -6.533373 -0.840228 0.083196 0.117568 0.496034 0.856275
1649856252.940878 -1.823629 -6.530341 -0.846247 0.079841 0.117276 0.496485 0.856373
1649856252.965876 -1.818614 -6.526797 -0.851326 0.076832 0.117082 0.496420 0.856712
1649856252.990875 -1.813740 -6.522931 -0.856325 0.073511 0.116553 0.496405 0.857084
1649856253.015873 -1.808966 -6.518906 -0.861019 0.070076 0.115492 0.496946 0.857202
1649856253.040872 -1.803917 -6.516140 -0.865321 0.067220 0.114428 0.497843 0.857053
1649856253.065870 -1.798859 -6.512645 -0.868838 0.064864 0.112424 0.498041 0.857385
1649856253.090868 -1.793805 -6.508825 -0.871917 0.064042 0.110908 0.497959 0.857692
1649856253.115867 -1.788789 -6.504735 -0.874802 0.064499 0.109459 0.497111 0.858335
1649856253.140866 -1.782093 -6.500695 -0.877443 0.065930 0.108021 0.496277 0.858891
1649856253.165864 -1.775126 -6.495836 -0.879652 0.068547 0.107308 0.493896 0.860147
1649856253.190862 -1.767843 -6.490693 -0.881393 0.070666 0.105460 0.491409 0.861628
1649856253.215861 -1.760334 -6.485400 -0.883013 0.072018 0.102701 0.489126 0.863146
1649856253.240859 -1.751860 -6.480768 -0.884850 0.072757 0.100107 0.486842 0.864679
1649856253.265858 -1.743952 -6.475303 -0.886177 0.071021 0.095745 0.485052 0.866322
1649856253.290856 -1.736429 -6.469889 -0.887885 0.069592 0.092952 0.483583 0.867562
1649856253.315855 -1.729079 -6.464399 -0.889686 0.067376 0.090679 0.482800 0.868414
1649856253.340853 -1.721791 -6.458653 -0.891187 0.065542 0.088529 0.481954 0.869245
1649856253.365852 -1.715184 -6.452739 -0.893134 0.063363 0.088026 0.480371 0.870333
1649856253.390850 -1.708764 -6.446554 -0.895494 0.061322 0.089178 0.478383 0.871457
1649856253.415848 -1.702072 -6.440320 -0.898406 0.057740 0.089915 0.477679 0.872012
1649856253.440847 -1.693942 -6.435129 -0.902165 0.051864 0.088769 0.480022 0.871211
1649856253.465845 -1.685275 -6.429429 -0.905680 0.045958 0.087810 0.483208 0.869878
1649856253.490844 -1.676843 -6.423211 -0.909362 0.040222 0.086704 0.486547 0.868410
1649856253.515842 -1.668846 -6.416565 -0.912670 0.036727 0.086277 0.489074 0.867187
1649856253.540841 -1.661808 -6.410760 -0.914982 0.034499 0.085031 0.491279 0.866155
1649856253.590838 -1.649196 -6.394640 -0.921751 0.031412 0.080827 0.497395 0.863179
1649856253.615836 -1.643791 -6.385989 -0.924855 0.032884 0.079560 0.500813 0.861264
1649856253.640835 -1.638315 -6.378255 -0.927790 0.036160 0.078382 0.504104 0.859318
1649856253.665833 -1.633408 -6.370091 -0.930362 0.039015 0.076028 0.507222 0.857568
1649856253.690832 -1.628864 -6.361972 -0.932970 0.041430 0.073118 0.510915 0.855513
1649856253.715830 -1.624822 -6.354094 -0.935502 0.044049 0.070593 0.514246 0.853597
1649856253.740829 -1.622198 -6.348417 -0.939982 0.045803 0.069158 0.517342 0.851749
1649856253.765827 -1.619639 -6.342019 -0.943752 0.048212 0.068130 0.519787 0.850209
1649856253.790825 -1.617694 -6.336111 -0.947596 0.050216 0.067446 0.522013 0.848782
1649856253.815824 -1.616262 -6.330678 -0.951385 0.052400 0.067205 0.523729 0.847612
1649856253.840822 -1.614435 -6.325178 -0.954952 0.054674 0.068128 0.524897 0.846671
1649856253.865821 -1.612719 -6.319282 -0.958188 0.057428 0.067781 0.526234 0.845687
1649856253.890819 -1.610611 -6.313461 -0.961036 0.059208 0.065735 0.527865 0.844708
1649856253.915818 -1.608131 -6.307635 -0.963746 0.060471 0.062905 0.529043 0.844097
1649856253.940816 -1.604129 -6.301899 -0.965296 0.062925 0.060805 0.529027 0.844082
1649856253.965815 -1.600789 -6.295605 -0.966982 0.065435 0.060214 0.528139 0.844489
1649856253.990813 -1.597400 -6.289061 -0.968270 0.068211 0.060531 0.527048 0.844928
1649856254.015811 -1.593624 -6.282306 -0.969260 0.070450 0.061024 0.526246 0.845209
1649856254.040810 -1.588950 -6.276243 -0.970666 0.071016 0.061421 0.525928 0.845331
1649856254.065809 -1.583657 -6.269739 -0.972318 0.071234 0.062179 0.525037 0.845811
1649856254.090807 -1.577423 -6.263222 -0.973880 0.071090 0.063284 0.523809 0.846502
1649856254.115805 -1.570165 -6.256851 -0.975482 0.070207 0.064408 0.522438 0.847338
1649856254.140804 -1.562443 -6.251840 -0.976807 0.069959 0.065282 0.520573 0.848439
1649856254.165802 -1.554077 -6.246608 -0.978107 0.068051 0.066591 0.517046 0.850646
1649856254.190801 -1.544937 -6.241567 -0.979182 0.066559 0.068272 0.511570 0.853935
1649856254.215799 -1.535025 -6.236764 -0.980213 0.064975 0.070042 0.504485 0.858118
1649856254.240798 -1.524547 -6.232354 -0.982940 0.060061 0.072267 0.496809 0.862758
1649856254.265796 -1.513271 -6.227584 -0.985245 0.057614 0.073506 0.487788 0.867952
1649856254.290795 -1.501375 -6.223115 -0.987931 0.054914 0.074543 0.478076 0.873425
1649856254.315793 -1.488690 -6.219095 -0.991123 0.051408 0.074907 0.467841 0.879131
1649856254.340791 -1.475862 -6.216453 -0.994771 0.047711 0.075575 0.457353 0.884783
1649856254.365790 -1.462952 -6.213705 -0.998544 0.045230 0.076652 0.445440 0.890877
1649856254.390789 -1.449903 -6.211430 -1.002926 0.042680 0.077735 0.432402 0.897309
1649856254.415787 -1.436674 -6.209556 -1.007812 0.040379 0.078729 0.418069 0.904096
1649856254.440785 -1.421434 -6.209357 -1.010997 0.041264 0.079202 0.402446 0.911077
1649856254.465784 -1.405312 -6.209469 -1.013347 0.041473 0.078583 0.386307 0.918081
1649856254.490782 -1.388683 -6.210379 -1.016260 0.041582 0.077473 0.369638 0.925006
1649856254.515781 -1.371884 -6.211885 -1.019220 0.042990 0.076142 0.352463 0.931732
1649856254.540779 -1.355316 -6.212673 -1.021425 0.042805 0.073362 0.335203 0.938309
1649856254.565778 -1.337825 -6.213696 -1.023670 0.043512 0.068371 0.315754 0.945374
1649856254.590776 -1.320314 -6.214883 -1.026340 0.044125 0.062207 0.295448 0.952310
1649856254.615775 -1.302498 -6.216678 -1.028555 0.044356 0.054797 0.275190 0.958801
1649856254.640773 -1.283995 -6.220758 -1.033216 0.044110 0.046708 0.257446 0.964155
1649856254.665771 -1.265878 -6.225143 -1.036232 0.048750 0.042220 0.239584 0.968731
1649856254.690770 -1.247993 -6.230309 -1.040464 0.051789 0.038878 0.223100 0.972642
1649856254.715768 -1.232461 -6.222300 -1.047370 0.052895 0.035644 0.208300 0.975983
1649856254.740767 -1.224656 -6.200330 -1.053574 0.052689 0.031521 0.193410 0.979195
1649856254.765765 -1.217899 -6.179554 -1.060525 0.049773 0.028831 0.178138 0.982323
1649856254.790764 -1.213449 -6.153459 -1.067880 0.046762 0.026414 0.161992 0.985329
1649856254.815762 -1.203618 -6.147748 -1.072746 0.045169 0.027073 0.149494 0.987359
1649856254.840761 -1.200223 -6.156410 -1.085299 0.044459 0.028556 0.138719 0.988921
1649856254.865759 -1.190753 -6.169333 -1.093428 0.044303 0.031558 0.126722 0.990446
1649856254.890758 -1.182593 -6.188429 -1.100918 0.045973 0.035562 0.116901 0.991441
1649856254.915756 -1.178163 -6.204709 -1.109389 0.046503 0.039412 0.106452 0.992448
1649856254.940755 -1.173544 -6.219207 -1.114780 0.046241 0.044510 0.094666 0.993438
1649856254.965753 -1.167548 -6.234811 -1.120724 0.046779 0.049626 0.080170 0.994445
1649856254.990752 -1.162380 -6.251710 -1.126085 0.045435 0.053946 0.066622 0.995282
1649856255.015750 -1.165077 -6.260257 -1.131196 0.041947 0.057947 0.052938 0.996032
1649856255.040748 -1.155441 -6.263491 -1.136228 0.036917 0.064773 0.035567 0.996582
1649856255.065747 -1.149276 -6.263828 -1.141632 0.034696 0.071373 0.019777 0.996650
1649856255.090745 -1.143083 -6.260668 -1.146606 0.031618 0.078243 0.004457 0.996423
1649856255.115744 -1.133648 -6.254331 -1.152818 0.025574 0.085274 -0.009810 0.995981
1649856255.140742 -1.127415 -6.247582 -1.157842 0.018348 0.090961 -0.022913 0.995422
1649856255.165741 -1.122389 -6.238689 -1.164355 0.011570 0.094546 -0.036924 0.994768
1649856255.190739 -1.118048 -6.226122 -1.171431 0.009825 0.097239 -0.053512 0.993773
1649856255.215738 -1.113832 -6.220668 -1.177867 0.010417 0.097466 -0.071204 0.992634
1649856255.240736 -1.110697 -6.216799 -1.185815 0.011994 0.093227 -0.090235 0.991475
1649856255.265730 -1.105422 -6.213038 -1.194211 0.012419 0.090389 -0.109921 0.989744
1649856255.290729 -1.100774 -6.209732 -1.204217 0.011806 0.087824 -0.128588 0.987731
1649856255.315727 -1.098295 -6.207113 -1.216748 0.010708 0.086129 -0.145354 0.985565
1649856255.340725 -1.099402 -6.208601 -1.230218 0.009832 0.088406 -0.160666 0.982992
1649856255.365724 -1.101291 -6.210251 -1.244966 0.010232 0.087675 -0.178800 0.979918
1649856255.390722 -1.104393 -6.212801 -1.261821 0.011462 0.089140 -0.196040 0.976469
1649856255.415721 -1.107044 -6.215856 -1.279462 0.011491 0.090891 -0.212929 0.972763
1649856255.440719 -1.104922 -6.219033 -1.296550 0.011414 0.092377 -0.230378 0.968639
1649856255.465718 -1.101254 -6.222931 -1.313639 0.010029 0.091343 -0.248252 0.964327
1649856255.490716 -1.096847 -6.225757 -1.332427 0.008841 0.091285 -0.266225 0.959538
1649856255.515714 -1.093520 -6.226808 -1.351034 0.008728 0.091316 -0.284401 0.954307
1649856255.540713 -1.091189 -6.229533 -1.366628 0.008684 0.093136 -0.302627 0.948508
1649856255.565711 -1.088249 -6.233274 -1.382461 0.009935 0.093368 -0.321121 0.942372
1649856255.590710 -1.086265 -6.236851 -1.398428 0.011481 0.093747 -0.340047 0.935654
1649856255.615708 -1.084473 -6.240553 -1.414795 0.012710 0.094448 -0.359891 0.928115
1649856255.640707 -1.077308 -6.244641 -1.430650 0.011894 0.096500 -0.379795 0.919947
1649856255.665705 -1.072698 -6.249132 -1.448189 0.008422 0.095863 -0.399967 0.911464
1649856255.690704 -1.068621 -6.251869 -1.467045 0.007496 0.094972 -0.420320 0.902361
1649856255.715702 -1.064478 -6.253821 -1.485346 0.007355 0.092626 -0.441126 0.892622
1649856255.740700 -1.061173 -6.261170 -1.499206 0.006818 0.091023 -0.460628 0.882887
1649856255.765699 -1.059642 -6.267707 -1.513782 0.005140 0.090742 -0.478550 0.873344
1649856255.790697 -1.059282 -6.275842 -1.528751 0.002150 0.090859 -0.496817 0.863084
1649856255.815696 -1.059709 -6.283901 -1.542714 0.000189 0.091758 -0.514144 0.852782
1649856255.840694 -1.058763 -6.294582 -1.554275 -0.002381 0.093214 -0.530186 0.842739
1649856255.865693 -1.059652 -6.304772 -1.565093 -0.002997 0.093555 -0.545095 0.833132
1649856255.890691 -1.061524 -6.315265 -1.576046 -0.001792 0.095295 -0.559636 0.823240
1649856255.915689 -1.063727 -6.327388 -1.585537 -0.000961 0.097126 -0.574153 0.812966
1649856255.940688 -1.067768 -6.339433 -1.596638 0.000582 0.098213 -0.588154 0.802763
1649856255.965686 -1.073015 -6.352708 -1.607809 0.002611 0.099259 -0.601636 0.792575
1649856255.990685 -1.078049 -6.367564 -1.618103 0.003134 0.098702 -0.614868 0.782423
1649856256.015683 -1.083568 -6.382840 -1.626953 0.003214 0.099228 -0.627730 0.772074
1649856256.040682 -1.089667 -6.398890 -1.635975 0.002778 0.100044 -0.639941 0.761879
1649856256.065680 -1.096002 -6.415817 -1.643493 0.001722 0.101361 -0.651600 0.751758
1649856256.090679 -1.102042 -6.434180 -1.651739 0.000952 0.105138 -0.662199 0.741915
1649856256.115677 -1.108332 -6.452602 -1.659009 -0.001068 0.106845 -0.672213 0.732607
1649856256.140676 -1.115568 -6.471202 -1.666869 -0.003207 0.108143 -0.681321 0.723945
1649856256.165674 -1.122111 -6.488952 -1.674731 -0.004910 0.108950 -0.689635 0.715897
1649856256.190672 -1.127798 -6.507822 -1.683333 -0.005889 0.108948 -0.697351 0.708376
1649856256.215671 -1.133655 -6.526364 -1.692283 -0.006094 0.110585 -0.705110 0.700396
1649856256.240669 -1.131799 -6.546358 -1.694375 -0.006541 0.112548 -0.712359 0.692702
1649856256.265668 -1.133693 -6.562743 -1.700678 -0.007585 0.113201 -0.719625 0.685031
1649856256.290666 -1.135051 -6.579273 -1.706637 -0.008177 0.110736 -0.727697 0.676851
1649856256.315665 -1.136123 -6.595152 -1.711986 -0.007797 0.109489 -0.735514 0.668559
1649856256.340663 -1.138348 -6.609269 -1.718808 -0.007049 0.108423 -0.743130 0.660267
1649856256.365661 -1.141381 -6.623548 -1.724314 -0.006014 0.107943 -0.750436 0.652041
1649856256.390660 -1.144944 -6.638019 -1.730295 -0.006499 0.108717 -0.757114 0.644141
1649856256.415658 -1.149229 -6.652679 -1.737518 -0.006389 0.108267 -0.763610 0.636504
1649856256.440657 -1.153701 -6.667088 -1.744389 -0.005723 0.106846 -0.770042 0.628956
1649856256.465655 -1.157671 -6.681483 -1.750991 -0.004972 0.104760 -0.776223 0.621674
1649856256.490654 -1.160383 -6.697423 -1.756278 -0.002432 0.100412 -0.781967 0.615174
1649856256.515652 -1.163436 -6.713054 -1.760564 -0.002307 0.097562 -0.787684 0.608301
1649856256.540651 -1.166964 -6.728793 -1.764778 -0.002634 0.095110 -0.793239 0.601430
1649856256.565649 -1.170707 -6.744623 -1.768824 -0.003593 0.093061 -0.798558 0.594669
1649856256.590647 -1.174318 -6.762001 -1.773282 -0.005117 0.091299 -0.803818 0.587805
1649856256.615646 -1.177804 -6.779120 -1.777115 -0.006609 0.090352 -0.808559 0.581400
