# timestamp tx ty tz qx qy qz qw
1649856227.767436 0.006333 -0.031179 0.019300 0.022280 0.021291 -0.000176 0.999525
1649856227.842431 0.007778 -0.030886 0.017771 0.022428 0.021279 0.000750 0.999522
1649856227.867430 -0.022697 -0.019487 0.035504 0.021172 0.020448 -0.008405 0.999531
1649856227.892428 -0.010607 -0.015855 0.016677 0.012119 0.014079 -0.006233 0.999808
1649856227.917427 -0.006487 -0.016212 0.012376 0.014471 0.012892 -0.003224 0.999807
1649856227.942425 -0.006907 -0.014766 0.011660 0.014526 0.012866 -0.002941 0.999807
1649856227.967423 -0.007909 -0.013627 0.015965 0.014030 0.012978 -0.002862 0.999813
1649856227.992422 -0.002329 -0.004958 0.015489 0.011492 0.014055 -0.002566 0.999832
1649856228.017420 -0.000269 -0.010710 0.015382 0.012766 0.014844 -0.001185 0.999808
1649856228.042419 -0.001260 -0.009364 0.016360 0.012872 0.015161 -0.001113 0.999802
1649856228.067417 -0.002935 -0.007873 0.019307 0.012550 0.015430 -0.001145 0.999802
1649856228.092416 -0.002381 -0.007477 0.019911 0.013381 0.015594 -0.001184 0.999788
1649856228.117414 -0.002795 -0.010414 0.017331 0.012465 0.013889 -0.001310 0.999825
1649856228.142413 -0.003977 -0.009558 0.017987 0.012396 0.014004 -0.001236 0.999824
1649856228.167411 -0.005756 -0.008114 0.019110 0.012291 0.014069 -0.001254 0.999825
1649856228.192410 -0.004739 -0.006522 0.019240 0.012443 0.013838 -0.001507 0.999826
1649856228.217408 -0.004635 -0.009769 0.016591 0.012443 0.013299 -0.001660 0.999833
1649856228.242407 -0.006070 -0.008392 0.016678 0.012465 0.013292 -0.001638 0.999833
1649856228.267405 -0.007702 -0.006875 0.017854 0.012323 0.013373 -0.001616 0.999833
1649856228.292403 -0.007215 -0.006090 0.017834 0.012514 0.013137 -0.001878 0.999834
1649856228.317402 -0.006618 -0.009397 0.015581 0.012564 0.013019 -0.002054 0.999834
1649856228.342400 -0.008083 -0.008075 0.015493 0.012595 0.012993 -0.002037 0.999834
1649856228.367399 -0.009705 -0.007190 0.017870 0.012256 0.013107 -0.002015 0.999837
1649856228.392397 -0.008832 -0.006396 0.018437 0.012311 0.012940 -0.002172 0.999838
1649856228.417396 -0.008157 -0.008542 0.016690 0.012369 0.012827 -0.002280 0.999839
1649856228.442394 -0.009606 -0.007185 0.016668 0.012405 0.012806 -0.002267 0.999838
1649856228.467393 -0.011216 -0.005954 0.017782 0.012225 0.012864 -0.002226 0.999840
1649856228.492391 -0.010188 -0.004385 0.018223 0.012273 0.012754 -0.002525 0.999840
1649856228.517390 -0.009768 -0.006773 0.017061 0.012345 0.012945 -0.002475 0.999837
1649856228.542388 -0.011271 -0.005359 0.017049 0.012357 0.012952 -0.002442 0.999837
1649856228.567386 -0.012767 -0.004079 0.018224 0.012166 0.013004 -0.002382 0.999839
1649856228.592385 -0.011637 -0.003023 0.018411 0.012159 0.013044 -0.002608 0.999838
1649856228.617383 -0.011011 -0.006059 0.016839 0.012236 0.012954 -0.002549 0.999838
1649856228.642382 -0.012488 -0.004720 0.016781 0.012273 0.012952 -0.002532 0.999838
1649856228.667380 -0.013938 -0.003597 0.018103 0.012062 0.012980 -0.002458 0.999840
1649856228.692379 -0.012323 -0.002856 0.018259 0.012158 0.012880 -0.002706 0.999839
1649856228.717377 -0.011676 -0.006194 0.016967 0.012440 0.012943 -0.002639 0.999835
1649856228.742376 -0.013077 -0.004952 0.016939 0.012475 0.012940 -0.002621 0.999835
1649856228.767374 -0.014377 -0.003842 0.018158 0.012283 0.012981 -0.002523 0.999837
1649856228.792373 -0.013033 -0.002807 0.018366 0.012383 0.012969 -0.002780 0.999835
1649856228.817371 -0.012160 -0.005925 0.017052 0.012469 0.013012 -0.002764 0.999834
1649856228.842370 -0.013513 -0.004701 0.017032 0.012498 0.013018 -0.002747 0.999833
1649856228.867368 -0.014865 -0.003613 0.018121 0.012335 0.013081 -0.002677 0.999835
1649856228.892366 -0.013180 -0.002458 0.018493 0.012382 0.013048 -0.003025 0.999834
1649856228.917365 -0.012035 -0.005939 0.017138 0.012442 0.013001 -0.002811 0.999834
1649856228.942363 -0.013312 -0.004762 0.017136 0.012472 0.013011 -0.002784 0.999834
1649856228.967362 -0.014574 -0.003695 0.018136 0.012314 0.013013 -0.002737 0.999836
1649856228.992360 -0.013251 -0.002680 0.018281 0.012309 0.013066 -0.003063 0.999834
1649856229.017359 -0.012093 -0.005824 0.016925 0.012464 0.013189 -0.002762 0.999832
1649856229.042357 -0.013384 -0.004672 0.016931 0.012493 0.013204 -0.002760 0.999831
1649856229.067356 -0.014601 -0.003639 0.018351 0.012261 0.013246 -0.002697 0.999833
1649856229.092354 -0.013766 -0.002690 0.018400 0.012356 0.013174 -0.002960 0.999832
1649856229.117352 -0.013052 -0.005441 0.017548 0.012494 0.013315 -0.002796 0.999829
1649856229.142351 -0.014351 -0.004265 0.017575 0.012522 0.013316 -0.002769 0.999829
1649856229.167349 -0.015743 -0.003178 0.018535 0.012377 0.013331 -0.002755 0.999831
1649856229.192348 -0.014410 -0.002196 0.018616 0.012417 0.013281 -0.002974 0.999830
1649856229.217346 -0.013524 -0.005266 0.017321 0.012478 0.013336 -0.002806 0.999829
1649856229.242345 -0.014817 -0.004085 0.017310 0.012494 0.013337 -0.002798 0.999829
1649856229.267343 -0.015987 -0.003079 0.018516 0.012310 0.013367 -0.002730 0.999831
1649856229.292342 -0.014581 -0.002291 0.018619 0.012387 0.013313 -0.002990 0.999830
1649856229.317340 -0.013801 -0.004843 0.017266 0.012424 0.013256 -0.002854 0.999831
1649856229.342339 -0.015070 -0.003627 0.017236 0.012453 0.013251 -0.002809 0.999831
1649856229.367337 -0.016190 -0.002484 0.018301 0.012292 0.013254 -0.002728 0.999833
1649856229.392335 -0.015067 -0.001560 0.018578 0.012361 0.013112 -0.002930 0.999833
1649856229.417334 -0.014368 -0.004439 0.017778 0.012379 0.013313 -0.002796 0.999831
1649856229.442333 -0.015659 -0.003235 0.017789 0.012395 0.013341 -0.002750 0.999830
1649856229.467331 -0.016728 -0.002156 0.018939 0.012221 0.013346 -0.002674 0.999833
1649856229.492329 -0.015097 -0.001277 0.019506 0.012317 0.013207 -0.002992 0.999832
1649856229.542326 -0.015838 -0.002715 0.018894 0.012311 0.013344 -0.002823 0.999831
1649856229.567325 -0.016950 -0.001594 0.019795 0.012199 0.013358 -0.002768 0.999833
1649856229.592323 -0.015460 -0.000853 0.019988 0.012279 0.013350 -0.002910 0.999831
1649856229.617322 -0.014623 -0.003146 0.018128 0.012245 0.013013 -0.002964 0.999836
1649856229.642320 -0.015860 -0.001938 0.018112 0.012251 0.013029 -0.002923 0.999836
1649856229.667319 -0.016952 -0.000817 0.019077 0.012101 0.013038 -0.002854 0.999838
1649856229.692317 -0.015579 -0.000067 0.019310 0.012150 0.012982 -0.003197 0.999837
1649856229.717315 -0.014763 -0.002521 0.018406 0.012187 0.012723 -0.003007 0.999840
1649856229.742314 -0.016026 -0.001322 0.018435 0.012208 0.012725 -0.002991 0.999840
1649856229.767312 -0.017198 -0.000394 0.019674 0.012010 0.012728 -0.002939 0.999843
1649856229.792311 -0.015791 0.000220 0.019378 0.011918 0.012838 -0.003250 0.999841
1649856229.817309 -0.014624 -0.002476 0.018678 0.012160 0.012959 -0.002966 0.999838
1649856229.842308 -0.015828 -0.001327 0.018721 0.012173 0.012964 -0.002943 0.999838
1649856229.867306 -0.016931 -0.000372 0.019623 0.012042 0.012949 -0.002926 0.999839
1649856229.892305 -0.015672 0.000414 0.019284 0.011979 0.013064 -0.003141 0.999838
1649856229.942302 -0.016709 -0.001181 0.018225 0.012014 0.013143 -0.003146 0.999837
1649856229.967300 -0.017929 -0.000143 0.018872 0.011907 0.013161 -0.003109 0.999838
1649856230.017297 -0.016303 -0.001724 0.017954 0.012008 0.013174 -0.003028 0.999837
1649856230.042295 -0.017604 -0.000583 0.017913 0.012014 0.013170 -0.003004 0.999837
1649856230.067294 -0.018820 0.000488 0.018737 0.011865 0.013179 -0.002974 0.999838
1649856230.092292 -0.017074 0.001795 0.019110 0.011986 0.013049 -0.003191 0.999838
1649856230.117291 -0.016627 -0.001247 0.018431 0.012219 0.012953 -0.003231 0.999836
1649856230.142289 -0.017901 -0.000133 0.018478 0.012235 0.012937 -0.003232 0.999836
1649856230.167288 -0.019111 0.000772 0.019532 0.012093 0.012957 -0.003189 0.999838
1649856230.192286 -0.017616 0.001691 0.019773 0.012078 0.012920 -0.003343 0.999838
1649856230.217285 -0.017523 -0.000978 0.018845 0.011963 0.012953 -0.003362 0.999839
1649856230.242283 -0.018794 0.000135 0.018874 0.011972 0.012987 -0.003349 0.999838
1649856230.267280 -0.019956 0.001156 0.019716 0.011882 0.012965 -0.003293 0.999840
1649856230.292278 -0.018190 0.002064 0.019949 0.011913 0.012950 -0.003455 0.999839
1649856230.317277 -0.017555 -0.000272 0.019221 0.012038 0.013194 -0.003237 0.999835
1649856230.342275 -0.018810 0.000900 0.019297 0.012053 0.013219 -0.003226 0.999835
1649856230.367274 -0.019896 0.001966 0.020157 0.011978 0.013209 -0.003200 0.999836
1649856230.392272 -0.018292 0.003409 0.020823 0.012057 0.013097 -0.003284 0.999836
1649856230.417270 -0.018494 0.000341 0.019958 0.011931 0.013320 -0.003148 0.999835
1649856230.442269 -0.019817 0.001537 0.020068 0.011947 0.013314 -0.003130 0.999835
1649856230.467267 -0.020987 0.002583 0.020977 0.011864 0.013283 -0.003067 0.999837
1649856230.492266 -0.018784 0.003494 0.021168 0.011881 0.013290 -0.003278 0.999836
1649856230.517264 -0.018228 0.000944 0.020346 0.011953 0.013412 -0.003180 0.999834
1649856230.542263 -0.019484 0.002158 0.020460 0.011996 0.013394 -0.003164 0.999833
1649856230.567261 -0.020518 0.003210 0.021321 0.011909 0.013334 -0.003115 0.999835
1649856230.592259 -0.018350 0.004292 0.021687 0.011979 0.013255 -0.003338 0.999835
1649856230.617258 -0.017853 0.001880 0.020671 0.011814 0.013457 -0.003032 0.999835
1649856230.642256 -0.019102 0.003129 0.020779 0.011816 0.013463 -0.003017 0.999835
1649856230.667255 -0.020201 0.004221 0.021661 0.011707 0.013448 -0.002976 0.999837
1649856230.692253 -0.018226 0.005207 0.022274 0.011872 0.013266 -0.003163 0.999837
1649856230.717252 -0.018552 0.003291 0.021818 0.011903 0.013322 -0.002978 0.999836
1649856230.742250 -0.019848 0.004628 0.021995 0.011925 0.013296 -0.002955 0.999836
1649856230.767249 -0.021418 0.005559 0.022855 0.011841 0.013295 -0.002979 0.999837
1649856230.792247 -0.019118 0.006256 0.022913 0.011828 0.013298 -0.003321 0.999836
1649856230.817245 -0.019063 0.004456 0.022923 0.011663 0.013211 -0.002924 0.999840
1649856230.842244 -0.020377 0.005811 0.023126 0.011686 0.013188 -0.002888 0.999841
1649856230.867242 -0.021544 0.007023 0.024006 0.011580 0.013191 -0.002840 0.999842
1649856230.892241 -0.019388 0.007525 0.024110 0.011687 0.013135 -0.003253 0.999840
1649856230.917239 -0.019625 0.005034 0.023983 0.011546 0.013007 -0.003384 0.999843
1649856230.942238 -0.020908 0.006334 0.024203 0.011557 0.013033 -0.003367 0.999843
1649856230.967236 -0.022141 0.007478 0.025014 0.011439 0.013027 -0.003326 0.999844
1649856230.992235 -0.020159 0.007950 0.025550 0.011666 0.012832 -0.003632 0.999843
1649856231.017233 -0.019614 0.005091 0.025033 0.011461 0.012863 -0.003283 0.999846
1649856231.042232 -0.020948 0.006261 0.025314 0.011462 0.012867 -0.003301 0.999846
1649856231.067230 -0.022095 0.007328 0.025940 0.011388 0.012847 -0.003248 0.999847
1649856231.092228 -0.019938 0.007883 0.025674 0.011358 0.013050 -0.003653 0.999844
1649856231.117227 -0.019731 0.004844 0.025177 0.011285 0.013088 -0.003357 0.999845
1649856231.142225 -0.020931 0.005922 0.025337 0.011305 0.013078 -0.003348 0.999845
1649856231.167224 -0.022027 0.006969 0.025894 0.011242 0.013058 -0.003311 0.999846
1649856231.192222 -0.019611 0.007930 0.026448 0.011368 0.012984 -0.003645 0.999844
1649856231.217221 -0.019439 0.005704 0.026395 0.011249 0.013073 -0.003586 0.999845
1649856231.242219 -0.020564 0.006827 0.026611 0.011253 0.013074 -0.003578 0.999845
1649856231.267217 -0.022074 0.007617 0.026975 0.011219 0.013095 -0.003591 0.999845
1649856231.292216 -0.019801 0.008640 0.027054 0.011341 0.013086 -0.003808 0.999843
1649856231.317214 -0.019569 0.006002 0.026540 0.011164 0.013067 -0.003507 0.999846
1649856231.342213 -0.020442 0.006102 0.026198 0.011246 0.013095 -0.003399 0.999845
1649856231.367211 -0.021730 0.006965 0.026468 0.011240 0.013077 -0.003394 0.999846
1649856231.392210 -0.021371 0.007736 0.027236 0.011324 0.013099 -0.003776 0.999843
1649856231.417208 -0.020873 0.005924 0.027431 0.010950 0.013145 -0.003650 0.999847
1649856231.442207 -0.020899 0.006699 0.027082 0.011088 0.013020 -0.003431 0.999848
1649856231.467205 -0.022164 0.007585 0.027089 0.011125 0.013003 -0.003431 0.999848
1649856231.492203 -0.021354 0.008223 0.027312 0.011075 0.013187 -0.004025 0.999844
1649856231.517202 -0.020499 0.005797 0.027373 0.010904 0.013257 -0.003699 0.999846
1649856231.542201 -0.020710 0.006297 0.026976 0.011022 0.013168 -0.003522 0.999846
1649856231.567199 -0.021820 0.007118 0.026935 0.011039 0.013159 -0.003510 0.999846
1649856231.592197 -0.021373 0.008120 0.027252 0.010968 0.013358 -0.003939 0.999843
1649856231.617196 -0.020898 0.005603 0.026455 0.011071 0.013204 -0.003662 0.999845
1649856231.642194 -0.020790 0.006282 0.025900 0.011172 0.013155 -0.003444 0.999845
1649856231.667193 -0.021858 0.007136 0.025923 0.011186 0.013100 -0.003458 0.999846
1649856231.692191 -0.021531 0.008361 0.026265 0.011097 0.013168 -0.003758 0.999845
1649856231.717190 -0.020732 0.005772 0.026073 0.010816 0.013377 -0.003767 0.999845
1649856231.742188 -0.020876 0.006453 0.025623 0.010893 0.013327 -0.003592 0.999845
1649856231.767186 -0.021894 0.007355 0.025766 0.010875 0.013312 -0.003585 0.999846
1649856231.792185 -0.021522 0.008308 0.025968 0.010825 0.013416 -0.003964 0.999844
1649856231.817183 -0.020833 0.005368 0.025237 0.011093 0.013268 -0.003808 0.999843
1649856231.842182 -0.020686 0.005890 0.024609 0.011182 0.013169 -0.003590 0.999844
1649856231.867180 -0.021642 0.006733 0.024861 0.011139 0.013135 -0.003587 0.999845
1649856231.892179 -0.021186 0.007654 0.025369 0.011171 0.013163 -0.003986 0.999843
1649856231.917177 -0.020759 0.005385 0.024908 0.011204 0.013212 -0.003788 0.999843
1649856231.967174 -0.016338 -0.003260 0.017351 0.012474 0.011272 -0.003068 0.999854
1649856231.992172 -0.016151 -0.002824 0.016801 0.012413 0.011567 -0.003414 0.999850
1649856232.017171 -0.016344 -0.002419 0.016626 0.012452 0.012213 -0.003423 0.999842
1649856232.042169 -0.016913 -0.002015 0.016001 0.012457 0.012244 -0.003396 0.999842
1649856232.067168 -0.017610 -0.001572 0.015746 0.012408 0.012215 -0.003393 0.999843
1649856232.092166 -0.017372 -0.000438 0.016189 0.012648 0.012093 -0.003786 0.999840
1649856232.117165 -0.018013 -0.000038 0.016427 0.012598 0.012381 -0.003684 0.999837
1649856232.142163 -0.018302 0.000843 0.015984 0.012624 0.012397 -0.003572 0.999837
1649856232.167162 -0.019031 0.001582 0.016629 0.012490 0.012351 -0.003528 0.999839
1649856232.192160 -0.018975 0.003273 0.017301 0.012392 0.012307 -0.003700 0.999841
1649856232.217158 -0.018786 0.002853 0.017681 0.012481 0.012624 -0.003638 0.999836
1649856232.242157 -0.019178 0.003763 0.017406 0.012544 0.012595 -0.003505 0.999836
1649856232.267155 -0.019889 0.004710 0.018791 0.012327 0.012526 -0.003451 0.999840
1649856232.292154 -0.019475 0.005892 0.019618 0.012202 0.012575 -0.003833 0.999839
1649856232.317152 -0.019233 0.003818 0.019842 0.012013 0.012630 -0.003673 0.999841
1649856232.342151 -0.019766 0.004676 0.019743 0.012048 0.012602 -0.003562 0.999842
1649856232.367149 -0.020571 0.005675 0.021104 0.011885 0.012583 -0.003503 0.999844
