# timestamp tx ty tz qx qy qz qw
1649856227.767436 0.006333 -0.031179 0.019300 0.022280 0.021291 -0.000176 0.999525
1649856227.842431 0.007778 -0.030886 0.017771 0.022428 0.021279 0.000750 0.999522
1649856227.867430 -0.018383 -0.020935 0.033089 0.021312 0.020500 -0.007124 0.999537
1649856227.892428 -0.007842 -0.019175 0.013398 0.012532 0.013821 -0.005360 0.999812
1649856227.917427 -0.002512 -0.018679 0.013346 0.014921 0.014242 -0.002778 0.999783
1649856227.942425 0.002093 -0.018252 0.013122 0.015923 0.016057 -0.001001 0.999744
1649856227.967423 0.003928 -0.017325 0.015749 0.016723 0.017220 0.000092 0.999712
1649856227.992422 0.003986 -0.017178 0.016878 0.016898 0.017506 0.000378 0.999704
1649856228.017420 0.003524 -0.021696 0.016628 0.016424 0.016942 -0.000481 0.999721
1649856228.042419 0.002305 -0.021255 0.016617 0.015913 0.016695 -0.000950 0.999734
1649856228.067417 0.000851 -0.020606 0.016642 0.015662 0.016583 -0.001370 0.999739
1649856228.092416 -0.000407 -0.019633 0.016583 0.015448 0.016430 -0.001631 0.999744
1649856228.117414 -0.001236 -0.018782 0.016449 0.015342 0.016294 -0.001635 0.999748
1649856228.142413 -0.002207 -0.017911 0.016386 0.015309 0.016289 -0.001608 0.999749
1649856228.192410 -0.004053 -0.016087 0.016404 0.015467 0.016429 -0.001708 0.999744
1649856228.217408 -0.003691 -0.019344 0.015851 0.015693 0.016241 -0.002079 0.999743
1649856228.242407 -0.004078 -0.018990 0.015640 0.015717 0.016141 -0.002002 0.999744
1649856228.267405 -0.004247 -0.019725 0.015609 0.015802 0.016183 -0.002501 0.999741
1649856228.292403 -0.004698 -0.019271 0.015495 0.015768 0.016152 -0.002441 0.999742
1649856228.317402 -0.004777 -0.020573 0.015408 0.015634 0.016340 -0.002585 0.999741
1649856228.342400 -0.005259 -0.020225 0.015351 0.015631 0.016317 -0.002339 0.999742
1649856228.367399 -0.005830 -0.019684 0.015365 0.015619 0.016324 -0.002122 0.999743
1649856228.392397 -0.006138 -0.018913 0.015446 0.015603 0.016278 -0.001907 0.999744
1649856228.417396 -0.006440 -0.017803 0.015580 0.015592 0.016340 -0.002293 0.999742
1649856228.442394 -0.006699 -0.016828 0.015617 0.015582 0.016278 -0.002312 0.999743
1649856228.467393 -0.006871 -0.015837 0.015826 0.015566 0.016288 -0.002308 0.999743
1649856228.492391 -0.007021 -0.014892 0.015922 0.015534 0.016203 -0.002361 0.999745
1649856228.517390 -0.006964 -0.017415 0.015862 0.015702 0.016019 -0.002677 0.999745
1649856228.542388 -0.007200 -0.016577 0.016039 0.015628 0.015978 -0.002554 0.999747
1649856228.567386 -0.007338 -0.015807 0.016380 0.015609 0.016027 -0.002333 0.999747
1649856228.592385 -0.007295 -0.014958 0.016659 0.015501 0.016089 -0.002219 0.999748
1649856228.617383 -0.006829 -0.016978 0.016595 0.015617 0.016013 -0.002626 0.999746
1649856228.642382 -0.006760 -0.016341 0.016818 0.015572 0.016023 -0.002564 0.999747
1649856228.667380 -0.006611 -0.015829 0.017042 0.015550 0.016051 -0.002376 0.999747
1649856228.692379 -0.006601 -0.015293 0.017182 0.015506 0.016047 -0.002285 0.999748
1649856228.717377 -0.006572 -0.017148 0.016702 0.015666 0.015913 -0.002544 0.999747
1649856228.742376 -0.006823 -0.016687 0.016828 0.015621 0.015927 -0.002460 0.999748
1649856228.767374 -0.007100 -0.016041 0.016948 0.015584 0.015917 -0.002377 0.999749
1649856228.792373 -0.007225 -0.015227 0.017091 0.015552 0.015939 -0.002316 0.999749
1649856228.817371 -0.007087 -0.014507 0.016659 0.015927 0.015689 -0.002557 0.999747
1649856228.842370 -0.007082 -0.014107 0.016590 0.015718 0.015730 -0.002570 0.999749
1649856228.867368 -0.006966 -0.013944 0.016532 0.015541 0.015830 -0.002537 0.999751
1649856228.892366 -0.006721 -0.013925 0.016419 0.015424 0.015868 -0.002539 0.999752
1649856228.917365 -0.006041 -0.014751 0.016349 0.015692 0.015984 -0.002325 0.999746
1649856228.942363 -0.005932 -0.014940 0.016157 0.015633 0.015968 -0.002368 0.999747
1649856228.967362 -0.005839 -0.015122 0.016028 0.015541 0.015945 -0.002398 0.999749
1649856228.992360 -0.005767 -0.015242 0.015888 0.015470 0.015921 -0.002433 0.999751
1649856229.017359 -0.005678 -0.017920 0.015530 0.015633 0.015910 -0.002579 0.999748
1649856229.042357 -0.005936 -0.017490 0.015614 0.015615 0.015964 -0.002483 0.999748
1649856229.067356 -0.006252 -0.016890 0.015759 0.015566 0.016024 -0.002374 0.999748
1649856229.092354 -0.006505 -0.016111 0.015932 0.015554 0.016004 -0.002273 0.999748
1649856229.117352 -0.006608 -0.015576 0.016244 0.015669 0.016184 -0.002322 0.999744
1649856229.142351 -0.006854 -0.015109 0.016371 0.015616 0.016129 -0.002362 0.999745
1649856229.167349 -0.007064 -0.014766 0.016585 0.015533 0.016085 -0.002409 0.999747
1649856229.192348 -0.007064 -0.014598 0.016721 0.015462 0.016041 -0.002454 0.999749
1649856229.217346 -0.007000 -0.014846 0.016818 0.015435 0.016010 -0.002509 0.999750
1649856229.242345 -0.007118 -0.014937 0.016965 0.015402 0.015995 -0.002487 0.999750
1649856229.267343 -0.007239 -0.015039 0.017048 0.015390 0.015997 -0.002455 0.999751
1649856229.292342 -0.007285 -0.015160 0.017079 0.015378 0.016008 -0.002421 0.999751
1649856229.317340 -0.007310 -0.015340 0.017026 0.015363 0.016028 -0.002431 0.999751
1649856229.342339 -0.007525 -0.015281 0.017006 0.015378 0.016015 -0.002383 0.999751
1649856229.367337 -0.007649 -0.015462 0.017187 0.015646 0.016201 -0.002198 0.999744
1649856229.392335 -0.007745 -0.015360 0.017158 0.015701 0.016112 -0.002192 0.999745
1649856229.417334 -0.007607 -0.015466 0.017000 0.015601 0.016118 -0.002387 0.999746
1649856229.442333 -0.007720 -0.015340 0.016909 0.015555 0.016137 -0.002429 0.999746
1649856229.467331 -0.007747 -0.015417 0.017042 0.015662 0.016223 -0.002372 0.999743
1649856229.492329 -0.007741 -0.015368 0.017033 0.015583 0.016236 -0.002464 0.999744
1649856229.517328 -0.007567 -0.015514 0.017190 0.015575 0.016312 -0.002388 0.999743
1649856229.542326 -0.007648 -0.015235 0.017279 0.015522 0.016267 -0.002377 0.999744
1649856229.567325 -0.007750 -0.014893 0.017347 0.015448 0.016238 -0.002400 0.999746
1649856229.592323 -0.007709 -0.014613 0.017379 0.015452 0.016189 -0.002416 0.999747
1649856229.617322 -0.007247 -0.017189 0.016629 0.015648 0.016058 -0.002679 0.999745
1649856229.642320 -0.007192 -0.016458 0.016817 0.015582 0.016088 -0.002534 0.999746
1649856229.667319 -0.007061 -0.015764 0.017124 0.015638 0.016201 -0.002285 0.999744
1649856229.692317 -0.007009 -0.014956 0.017367 0.015540 0.016258 -0.002194 0.999745
1649856229.717315 -0.006597 -0.016648 0.017317 0.015564 0.016060 -0.002581 0.999747
1649856229.742314 -0.006499 -0.015993 0.017475 0.015482 0.016022 -0.002528 0.999749
1649856229.767312 -0.006215 -0.015462 0.017706 0.015564 0.016078 -0.002290 0.999747
1649856229.792311 -0.006000 -0.014827 0.017812 0.015434 0.016084 -0.002211 0.999749
1649856229.817309 -0.005881 -0.016532 0.017722 0.015443 0.015965 -0.002519 0.999750
1649856229.842308 -0.006001 -0.015953 0.017924 0.015341 0.016044 -0.002404 0.999751
1649856229.867306 -0.006096 -0.015330 0.018099 0.015466 0.016208 -0.002246 0.999746
1649856229.892305 -0.006183 -0.014500 0.018135 0.015423 0.016276 -0.002158 0.999746
1649856229.917303 -0.006513 -0.016153 0.018055 0.015512 0.016017 -0.002502 0.999748
1649856229.942302 -0.007023 -0.015449 0.018074 0.015455 0.016000 -0.002471 0.999749
1649856229.967300 -0.007443 -0.014694 0.018100 0.015511 0.016176 -0.002239 0.999746
1649856229.992299 -0.007872 -0.013720 0.018020 0.015402 0.016301 -0.002079 0.999746
1649856230.017297 -0.007867 -0.013133 0.017748 0.015339 0.016492 -0.002345 0.999744
1649856230.042295 -0.007990 -0.012395 0.017360 0.015265 0.016508 -0.002327 0.999744
1649856230.067294 -0.008019 -0.011668 0.017032 0.015191 0.016550 -0.002311 0.999745
1649856230.092292 -0.007732 -0.010977 0.016969 0.015160 0.016539 -0.002251 0.999746
1649856230.117291 -0.008060 -0.011655 0.018393 0.015232 0.016376 -0.002300 0.999747
1649856230.142289 -0.008316 -0.010463 0.018635 0.015182 0.016362 -0.002316 0.999748
1649856230.167288 -0.008451 -0.009599 0.018975 0.015350 0.016473 -0.002093 0.999744
1649856230.192286 -0.008559 -0.008851 0.019131 0.015294 0.016475 -0.002155 0.999745
1649856230.217285 -0.008548 -0.011348 0.019635 0.015151 0.016331 -0.002610 0.999748
1649856230.242283 -0.008849 -0.010880 0.019917 0.015028 0.016389 -0.002606 0.999749
1649856230.267280 -0.009222 -0.010223 0.020176 0.014947 0.016379 -0.002624 0.999751
1649856230.292278 -0.009481 -0.009417 0.020467 0.014832 0.016413 -0.002624 0.999752
1649856230.317277 -0.009875 -0.010234 0.020677 0.014845 0.016423 -0.002999 0.999750
1649856230.342275 -0.010144 -0.009877 0.020901 0.014781 0.016445 -0.002830 0.999751
1649856230.367274 -0.010040 -0.010078 0.020955 0.015055 0.016377 -0.002084 0.999750
1649856230.392272 -0.009817 -0.009969 0.021037 0.015077 0.016344 -0.001965 0.999751
1649856230.417270 -0.009153 -0.010112 0.020948 0.015024 0.016449 -0.002355 0.999749
1649856230.442269 -0.008594 -0.010268 0.020671 0.014990 0.016444 -0.002415 0.999749
1649856230.467267 -0.007860 -0.010898 0.020327 0.015147 0.016420 -0.002147 0.999748
1649856230.492266 -0.007436 -0.011327 0.019831 0.015132 0.016405 -0.002228 0.999748
1649856230.517264 -0.007966 -0.011891 0.020132 0.015106 0.016424 -0.002275 0.999748
1649856230.542263 -0.008124 -0.011327 0.020266 0.015032 0.016490 -0.002217 0.999749
1649856230.567261 -0.008083 -0.010917 0.020411 0.015067 0.016588 -0.001922 0.999747
1649856230.592259 -0.007774 -0.010313 0.020477 0.014998 0.016679 -0.001838 0.999747
1649856230.617258 -0.007389 -0.009907 0.020255 0.015053 0.016753 -0.002004 0.999744
1649856230.642256 -0.007067 -0.009416 0.019987 0.015054 0.016739 -0.002068 0.999744
1649856230.667255 -0.006684 -0.009013 0.019711 0.015044 0.016740 -0.002148 0.999744
1649856230.692253 -0.006359 -0.008558 0.019424 0.015066 0.016684 -0.002169 0.999745
1649856230.717252 -0.006337 -0.009030 0.019098 0.015225 0.016528 -0.001681 0.999746
1649856230.742250 -0.006660 -0.008748 0.018784 0.015201 0.016455 -0.001697 0.999748
1649856230.767249 -0.007015 -0.008656 0.018750 0.015366 0.016429 -0.001643 0.999746
1649856230.792247 -0.007202 -0.008520 0.018475 0.015285 0.016400 -0.001785 0.999747
1649856230.817245 -0.008057 -0.011324 0.020545 0.015193 0.015921 -0.002212 0.999755
1649856230.842244 -0.008394 -0.010565 0.020889 0.015072 0.016023 -0.002164 0.999756
1649856230.867242 -0.008610 -0.010095 0.021106 0.015213 0.016195 -0.001821 0.999751
1649856230.892241 -0.008680 -0.009389 0.021132 0.015121 0.016351 -0.001809 0.999750
1649856230.917239 -0.009327 -0.010716 0.021949 0.015009 0.015970 -0.002422 0.999757
1649856230.942238 -0.009748 -0.009985 0.022278 0.014850 0.016078 -0.002580 0.999757
1649856230.967236 -0.010115 -0.009094 0.022686 0.014658 0.016187 -0.002719 0.999758
1649856230.992235 -0.010476 -0.008078 0.023025 0.014554 0.016236 -0.002812 0.999758
1649856231.017233 -0.010365 -0.006902 0.023492 0.014586 0.016312 -0.002855 0.999756
1649856231.042232 -0.010541 -0.006355 0.024136 0.014511 0.016467 -0.002741 0.999755
1649856231.067230 -0.010390 -0.006528 0.024835 0.014389 0.016595 -0.002682 0.999755
1649856231.092228 -0.010052 -0.007667 0.025256 0.014315 0.016694 -0.002626 0.999755
1649856231.117227 -0.009846 -0.010560 0.026893 0.014269 0.016337 -0.002784 0.999761
1649856231.142225 -0.009373 -0.011325 0.027696 0.014148 0.016483 -0.002585 0.999761
1649856231.167224 -0.008471 -0.012851 0.027390 0.014228 0.015974 -0.001864 0.999769
1649856231.192222 -0.007077 -0.014339 0.027605 0.014123 0.016184 -0.001659 0.999768
1649856231.217221 -0.006818 -0.014731 0.028930 0.014186 0.015811 -0.001781 0.999773
1649856231.242219 -0.005679 -0.015282 0.029565 0.014098 0.015975 -0.001780 0.999771
1649856231.267217 -0.004273 -0.016107 0.029482 0.013993 0.015870 -0.001605 0.999775
1649856231.292216 -0.002838 -0.017080 0.029150 0.013972 0.016123 -0.001547 0.999771
1649856231.342213 -0.004262 -0.014382 0.028575 0.014030 0.016333 -0.001690 0.999767
1649856231.367211 -0.004697 -0.013742 0.028180 0.014066 0.016398 -0.001876 0.999765
1649856231.392210 -0.005180 -0.012871 0.027742 0.014116 0.016372 -0.002082 0.999764
1649856231.417208 -0.006009 -0.011776 0.028002 0.014199 0.016153 -0.002209 0.999766
1649856231.442207 -0.005214 -0.011307 0.027918 0.014166 0.016255 -0.001826 0.999766
1649856231.467205 -0.004677 -0.010922 0.027754 0.014140 0.016347 -0.001512 0.999765
1649856231.492203 -0.004147 -0.010621 0.027622 0.014030 0.016524 -0.001246 0.999764
1649856231.517202 -0.003434 -0.010721 0.026123 0.014342 0.016030 -0.001368 0.999768
1649856231.542201 -0.002959 -0.011746 0.025215 0.014285 0.016351 -0.001411 0.999763
1649856231.567199 -0.002408 -0.013197 0.023924 0.014249 0.016644 -0.001453 0.999759
1649856231.592197 -0.001942 -0.014758 0.022480 0.014278 0.016905 -0.001445 0.999754
1649856231.617196 -0.001449 -0.017486 0.021618 0.014516 0.016792 -0.001396 0.999753
1649856231.642194 -0.001167 -0.017911 0.020781 0.014534 0.016901 -0.001181 0.999751
1649856231.667193 -0.001047 -0.018181 0.020027 0.014564 0.016958 -0.001011 0.999750
1649856231.692191 -0.000938 -0.018329 0.019289 0.014591 0.017062 -0.000826 0.999748
1649856231.717190 -0.000761 -0.018941 0.018303 0.014886 0.016980 -0.001228 0.999744
1649856231.742188 -0.000674 -0.018972 0.017404 0.015019 0.016999 -0.001154 0.999742
1649856231.767186 -0.000647 -0.019017 0.016613 0.015105 0.016942 -0.000971 0.999742
1649856231.792185 -0.000704 -0.018863 0.015952 0.015203 0.016907 -0.000930 0.999741
1649856231.817183 -0.000839 -0.018301 0.015615 0.015400 0.016944 -0.001058 0.999737
1649856231.842182 -0.000997 -0.017647 0.015153 0.015480 0.016908 -0.001048 0.999737
1649856231.867180 -0.001083 -0.016932 0.015229 0.015545 0.016936 -0.001067 0.999735
1649856231.892179 -0.001294 -0.016264 0.015092 0.015627 0.016900 -0.001076 0.999734
1649856231.917177 -0.001490 -0.015734 0.015085 0.015641 0.016842 -0.001251 0.999735
1649856231.942176 -0.001667 -0.015576 0.015009 0.015608 0.016800 -0.001241 0.999736
1649856231.967174 -0.001953 -0.015399 0.015105 0.015524 0.016766 -0.001278 0.999738
1649856231.992172 -0.002189 -0.015246 0.015321 0.015468 0.016709 -0.001301 0.999740
1649856232.017171 -0.002393 -0.015195 0.015574 0.015376 0.016725 -0.001514 0.999741
1649856232.042169 -0.002439 -0.015019 0.015661 0.015432 0.016660 -0.001404 0.999741
1649856232.092166 -0.003447 -0.013817 0.016022 0.015512 0.016620 -0.001323 0.999741
1649856232.117165 -0.003218 -0.013980 0.016181 0.015549 0.016499 -0.001458 0.999742
1649856232.142163 -0.002892 -0.014299 0.016200 0.015594 0.016450 -0.001367 0.999742
1649856232.167162 -0.002703 -0.014557 0.016366 0.015642 0.016381 -0.001282 0.999743
1649856232.192160 -0.002529 -0.014919 0.016328 0.015653 0.016406 -0.001215 0.999742
1649856232.217158 -0.002123 -0.015355 0.016212 0.015599 0.016479 -0.001361 0.999742
1649856232.242157 -0.001679 -0.015465 0.016216 0.015583 0.016486 -0.001320 0.999742
1649856232.267155 -0.001356 -0.015578 0.016242 0.015564 0.016507 -0.001379 0.999742
1649856232.292154 -0.001085 -0.015590 0.016291 0.015556 0.016518 -0.001382 0.999742
1649856232.317152 -0.000887 -0.015700 0.016155 0.015444 0.016538 -0.001318 0.999743
1649856232.342151 -0.001014 -0.015796 0.016127 0.015382 0.016578 -0.001260 0.999743
1649856232.367149 -0.001234 -0.015809 0.016135 0.015347 0.016657 -0.001189 0.999743
1649856232.392148 -0.001404 -0.015842 0.016160 0.015306 0.016731 -0.001128 0.999742
1649856232.417146 -0.000701 -0.018820 0.015855 0.015454 0.016811 -0.001354 0.999738
1649856232.442144 -0.000814 -0.018343 0.015983 0.015486 0.016792 -0.001250 0.999738
1649856232.492141 -0.001988 -0.016994 0.016163 0.015453 0.016845 -0.001093 0.999738
1649856232.517140 -0.001846 -0.018555 0.015874 0.015487 0.016906 -0.001413 0.999736
1649856232.542138 -0.001859 -0.018185 0.015721 0.015512 0.016843 -0.001276 0.999737
1649856232.567137 -0.001998 -0.017500 0.015806 0.015433 0.016960 -0.001506 0.999736
1649856232.592135 -0.002133 -0.016891 0.015717 0.015445 0.016890 -0.001427 0.999737
1649856232.617134 -0.001886 -0.017830 0.015790 0.015472 0.016624 -0.001548 0.999741
1649856232.642132 -0.002022 -0.017164 0.015778 0.015445 0.016563 -0.001445 0.999742
1649856232.667130 -0.002258 -0.016364 0.015804 0.015417 0.016503 -0.001338 0.999744
1649856232.692129 -0.002433 -0.015397 0.015877 0.015391 0.016491 -0.001264 0.999745
1649856232.717127 -0.002405 -0.015637 0.016232 0.015617 0.016177 -0.001648 0.999746
1649856232.742126 -0.002497 -0.015163 0.016488 0.015593 0.016232 -0.001578 0.999745
1649856232.767124 -0.002602 -0.014738 0.016994 0.015587 0.016459 -0.001724 0.999742
1649856232.792123 -0.002594 -0.014620 0.017154 0.015479 0.016601 -0.001736 0.999741
1649856232.817121 -0.002192 -0.016257 0.017496 0.015481 0.016358 -0.001839 0.999745
1649856232.842120 -0.002072 -0.015865 0.017792 0.015452 0.016291 -0.001671 0.999746
1649856232.867118 -0.002062 -0.015345 0.018097 0.015407 0.016277 -0.001521 0.999748
1649856232.892117 -0.002090 -0.014725 0.018377 0.015378 0.016220 -0.001392 0.999749
1649856232.917115 -0.001889 -0.015015 0.018567 0.015413 0.016367 -0.001623 0.999746
1649856232.942113 -0.001976 -0.014811 0.018796 0.015367 0.016365 -0.001543 0.999747
1649856232.967112 -0.002168 -0.014579 0.018998 0.015309 0.016372 -0.001470 0.999748
1649856232.992110 -0.002406 -0.014291 0.019165 0.015262 0.016381 -0.001416 0.999748
1649856233.017109 -0.001990 -0.015596 0.019165 0.015269 0.016416 -0.001653 0.999747
1649856233.042107 -0.002168 -0.015301 0.019281 0.015220 0.016455 -0.001536 0.999748
1649856233.067106 -0.002452 -0.014925 0.019412 0.015166 0.016521 -0.001448 0.999747
1649856233.092104 -0.002750 -0.014535 0.019561 0.015093 0.016600 -0.001388 0.999747
1649856233.117103 -0.002989 -0.014305 0.019541 0.015021 0.016592 -0.001641 0.999748
1649856233.142101 -0.002929 -0.014521 0.019433 0.015044 0.016602 -0.001617 0.999748
1649856233.167099 -0.002144 -0.017356 0.018544 0.015272 0.016780 -0.001803 0.999741
1649856233.192098 -0.002179 -0.017626 0.018355 0.015328 0.016774 -0.001670 0.999740
1649856233.217096 -0.002291 -0.017685 0.018200 0.015215 0.016795 -0.001546 0.999742
1649856233.242095 -0.002268 -0.017527 0.018033 0.015165 0.016773 -0.001386 0.999743
1649856233.267093 -0.002390 -0.017238 0.017956 0.015145 0.016837 -0.001289 0.999743
1649856233.292092 -0.002396 -0.016775 0.017846 0.015106 0.016908 -0.001269 0.999742
1649856233.317090 -0.002402 -0.016799 0.017461 0.015184 0.016595 -0.001607 0.999746
1649856233.342089 -0.002112 -0.016465 0.017122 0.015187 0.016529 -0.001449 0.999747
1649856233.367087 -0.001847 -0.016165 0.016778 0.015168 0.016444 -0.001236 0.999749
1649856233.392085 -0.001480 -0.015759 0.016437 0.015129 0.016416 -0.001063 0.999750
1649856233.417084 -0.001224 -0.015187 0.016080 0.015101 0.016317 -0.001253 0.999752
1649856233.442082 -0.001145 -0.015137 0.015620 0.015116 0.016307 -0.001351 0.999752
1649856233.467081 -0.001034 -0.015306 0.015194 0.015147 0.016373 -0.001458 0.999750
1649856233.492079 -0.000863 -0.015768 0.014965 0.015245 0.016323 -0.001510 0.999749
1649856233.517078 -0.000845 -0.016181 0.014808 0.015419 0.016353 -0.001351 0.999746
1649856233.542076 -0.000753 -0.016354 0.014476 0.015495 0.016308 -0.001181 0.999746
1649856233.567075 -0.000813 -0.016583 0.014309 0.015498 0.016263 -0.001001 0.999747
1649856233.592073 -0.000843 -0.016731 0.014107 0.015498 0.016191 -0.000822 0.999748
1649856233.617071 -0.000751 -0.018291 0.015445 0.015511 0.015692 -0.000938 0.999756
1649856233.642070 -0.001063 -0.017865 0.015668 0.015455 0.015768 -0.000817 0.999756
1649856233.667068 -0.001521 -0.017284 0.015907 0.015386 0.015902 -0.000764 0.999755
1649856233.692067 -0.001941 -0.016607 0.016296 0.015345 0.016101 -0.000808 0.999752
1649856233.717065 -0.002342 -0.016960 0.016941 0.015380 0.016077 -0.001143 0.999752
1649856233.742064 -0.002487 -0.016713 0.017474 0.015268 0.016273 -0.001015 0.999750
1649856233.767062 -0.002748 -0.016366 0.018024 0.015155 0.016496 -0.000881 0.999749
1649856233.792061 -0.002923 -0.015865 0.018639 0.015062 0.016699 -0.000816 0.999747
1649856233.817059 -0.003009 -0.015032 0.019095 0.014940 0.016747 -0.001100 0.999748
1649856233.842057 -0.003113 -0.013974 0.019606 0.014856 0.016738 -0.001144 0.999749
1649856233.867056 -0.003260 -0.012640 0.020237 0.014804 0.016715 -0.001211 0.999750
1649856233.892054 -0.003484 -0.010987 0.021017 0.014765 0.016739 -0.001278 0.999750
1649856233.917053 -0.003711 -0.009112 0.021843 0.014735 0.016697 -0.001376 0.999751
1649856233.942051 -0.004494 -0.007205 0.022816 0.014677 0.016777 -0.001416 0.999751
1649856233.967050 -0.005534 -0.005028 0.023881 0.014603 0.016895 -0.001469 0.999750
1649856233.992048 -0.006728 -0.002626 0.025022 0.014554 0.016991 -0.001537 0.999749
1649856234.017047 -0.007651 -0.000576 0.026176 0.014452 0.016794 -0.001972 0.999753
1649856234.042045 -0.009599 0.000596 0.027307 0.014357 0.016799 -0.002097 0.999754
1649856234.067044 -0.011027 0.000740 0.028129 0.014321 0.016709 -0.002069 0.999756
1649856234.092042 -0.011526 -0.000696 0.028251 0.014371 0.016474 -0.002053 0.999759
1649856234.117040 -0.010284 -0.007267 0.026361 0.014471 0.016289 -0.002541 0.999759
1649856234.142039 -0.010156 -0.008618 0.026269 0.014333 0.016390 -0.002524 0.999760
1649856234.167037 -0.009912 -0.009761 0.026515 0.014180 0.016514 -0.002522 0.999760
1649856234.192036 -0.009705 -0.010791 0.026997 0.013998 0.016688 -0.002471 0.999760
1649856234.217034 -0.009345 -0.011884 0.028206 0.013770 0.017483 -0.002510 0.999749
1649856234.242033 -0.008075 -0.012885 0.028430 0.013832 0.017403 -0.002240 0.999750
1649856234.267031 -0.006506 -0.014078 0.027881 0.013969 0.017203 -0.001947 0.999753
1649856234.292030 -0.004910 -0.015310 0.026076 0.014307 0.016651 -0.001617 0.999758
1649856234.317028 -0.004172 -0.015352 0.023502 0.014537 0.016192 -0.001676 0.999762
1649856234.342026 -0.002798 -0.015888 0.022611 0.014613 0.016186 -0.001639 0.999761
1649856234.367025 -0.001518 -0.016323 0.021888 0.014622 0.016258 -0.001614 0.999760
1649856234.392023 -0.000339 -0.016686 0.021249 0.014620 0.016365 -0.001528 0.999758
1649856234.417022 0.000743 -0.016866 0.020707 0.014681 0.016496 -0.001380 0.999755
1649856234.442020 0.001227 -0.017037 0.020101 0.014681 0.016654 -0.001354 0.999753
1649856234.467019 0.001662 -0.017267 0.019412 0.014678 0.016864 -0.001368 0.999749
1649856234.492017 0.001961 -0.017581 0.018472 0.014703 0.016991 -0.001306 0.999747
1649856234.517015 0.001972 -0.017974 0.017395 0.014958 0.017014 -0.001073 0.999743
1649856234.542014 0.001677 -0.018156 0.016163 0.015095 0.017007 -0.000984 0.999741
1649856234.567012 0.001220 -0.018298 0.014992 0.015206 0.016930 -0.000885 0.999741
1649856234.592011 0.000710 -0.018378 0.014086 0.015348 0.016797 -0.000853 0.999741
1649856234.617009 0.000493 -0.019720 0.014080 0.015557 0.016656 -0.001146 0.999740
1649856234.642008 0.000122 -0.019400 0.013299 0.015672 0.016604 -0.001137 0.999739
1649856234.667006 -0.000360 -0.018970 0.012620 0.015723 0.016530 -0.001150 0.999739
1649856234.692005 -0.000751 -0.018508 0.012024 0.015795 0.016460 -0.001188 0.999739
1649856234.717003 -0.000812 -0.019216 0.012289 0.015856 0.016295 -0.001371 0.999741
1649856234.742002 -0.001071 -0.018587 0.011997 0.015849 0.016319 -0.001267 0.999740
1649856234.767000 -0.001469 -0.017730 0.011721 0.015827 0.016337 -0.001212 0.999741
1649856234.791999 -0.001822 -0.016743 0.011519 0.015829 0.016328 -0.001215 0.999741
1649856234.816997 -0.001830 -0.016798 0.011926 0.015842 0.016189 -0.001482 0.999742
1649856234.841995 -0.002104 -0.016017 0.011980 0.015809 0.016182 -0.001366 0.999743
1649856234.866994 -0.002491 -0.015145 0.012143 0.015792 0.016217 -0.001304 0.999743
1649856234.891992 -0.002848 -0.014202 0.012306 0.015751 0.016212 -0.001211 0.999744
1649856234.916991 -0.002714 -0.014684 0.012414 0.015781 0.016174 -0.001370 0.999744
1649856234.941989 -0.002748 -0.014142 0.012669 0.015748 0.016043 -0.001176 0.999747
1649856234.966988 -0.002869 -0.013532 0.013048 0.015675 0.015969 -0.001118 0.999749
1649856234.991986 -0.002932 -0.012961 0.013572 0.015564 0.015953 -0.001071 0.999751
1649856235.016984 -0.002874 -0.012573 0.014028 0.015438 0.015879 -0.001144 0.999754
1649856235.041983 -0.002804 -0.012342 0.014568 0.015380 0.015849 -0.001129 0.999755
1649856235.066981 -0.002825 -0.012164 0.015119 0.015361 0.015814 -0.001103 0.999756
1649856235.091980 -0.002843 -0.012066 0.015593 0.015333 0.015714 -0.001058 0.999758
1649856235.116978 -0.002591 -0.013239 0.017603 0.015272 0.014852 -0.001290 0.999772
1649856235.141977 -0.002484 -0.013363 0.018613 0.015187 0.014967 -0.001233 0.999772
1649856235.166975 -0.002514 -0.013473 0.019459 0.015102 0.014966 -0.001183 0.999773
1649856235.191973 -0.002603 -0.013584 0.020348 0.014984 0.015007 -0.001157 0.999774
1649856235.216972 -0.002752 -0.013536 0.021276 0.014833 0.015004 -0.001264 0.999777
1649856235.241970 -0.002709 -0.013449 0.022125 0.014776 0.014854 -0.001279 0.999780
1649856235.266969 -0.002757 -0.013271 0.023076 0.014719 0.014760 -0.001307 0.999782
1649856235.291967 -0.002774 -0.013016 0.024124 0.014648 0.014676 -0.001360 0.999784
1649856235.316966 -0.002894 -0.012673 0.025237 0.014503 0.014607 -0.001476 0.999787
1649856235.341964 -0.002882 -0.012300 0.026519 0.014490 0.014612 -0.001451 0.999787
1649856235.366963 -0.002901 -0.011851 0.027938 0.014464 0.014701 -0.001461 0.999786
1649856235.391961 -0.002927 -0.011333 0.029512 0.014390 0.014807 -0.001509 0.999786
1649856235.416960 -0.002899 -0.010857 0.031187 0.014115 0.014905 -0.001604 0.999788
1649856235.441958 -0.003034 -0.010391 0.033112 0.013951 0.015139 -0.001653 0.999787
1649856235.466956 -0.003237 -0.009892 0.035143 0.013796 0.015342 -0.001721 0.999786
1649856235.491955 -0.003502 -0.009363 0.037230 0.013658 0.015509 -0.001793 0.999785
1649856235.516953 -0.003947 -0.008547 0.038627 0.013232 0.015717 -0.001819 0.999787
1649856235.541952 -0.004411 -0.008350 0.040093 0.013070 0.015683 -0.001753 0.999790
1649856235.566950 -0.004726 -0.008334 0.040842 0.013018 0.015523 -0.001637 0.999793
1649856235.591949 -0.004929 -0.008560 0.040703 0.012971 0.015235 -0.001525 0.999799
1649856235.616947 -0.004900 -0.009035 0.039166 0.012810 0.014666 -0.001570 0.999809
1649856235.641946 -0.005045 -0.009821 0.036478 0.012940 0.014182 -0.001500 0.999815
1649856235.666944 -0.004880 -0.010930 0.032199 0.013131 0.013396 -0.001337 0.999823
1649856235.691942 -0.004551 -0.012387 0.026602 0.013325 0.012480 -0.001121 0.999833
1649856235.716941 -0.004268 -0.013644 0.021061 0.014027 0.012264 -0.001271 0.999826
1649856235.741939 -0.003744 -0.014983 0.014608 0.014448 0.011854 -0.001094 0.999825
1649856235.766938 -0.003054 -0.016700 0.008101 0.014672 0.011839 -0.000964 0.999822
1649856235.791936 -0.001873 -0.018544 0.002653 0.014855 0.011866 -0.000839 0.999819
1649856235.816935 -0.000739 -0.020000 0.000171 0.015207 0.011896 -0.000792 0.999813
1649856235.841933 -0.000285 -0.020887 -0.003276 0.015741 0.012599 -0.000816 0.999796
1649856235.866932 0.000180 -0.021743 -0.006579 0.016159 0.013187 -0.000786 0.999782
1649856235.891930 0.000628 -0.022512 -0.009681 0.016662 0.013585 -0.000671 0.999769
1649856235.916929 0.000310 -0.022738 -0.013109 0.017191 0.012829 -0.000546 0.999770
1649856235.941927 -0.000141 -0.022839 -0.015365 0.017411 0.013028 -0.000424 0.999763
1649856235.966925 -0.000793 -0.022635 -0.015727 0.017555 0.012876 -0.000184 0.999763
1649856235.991924 -0.001317 -0.022357 -0.017152 0.017717 0.013117 -0.000150 0.999757
1649856236.016922 -0.001923 -0.021887 -0.018817 0.017687 0.013027 -0.000271 0.999759
1649856236.041921 -0.002525 -0.021388 -0.020355 0.017501 0.012840 -0.000165 0.999764
1649856236.066919 -0.003142 -0.020714 -0.021639 0.017321 0.012719 -0.000040 0.999769
1649856236.091918 -0.003598 -0.019826 -0.022873 0.017027 0.012475 -0.000081 0.999777
1649856236.116916 -0.004322 -0.019695 -0.022891 0.017202 0.011723 -0.000541 0.999783
1649856236.141915 -0.004695 -0.019222 -0.023191 0.017185 0.011656 -0.000476 0.999784
1649856236.166913 -0.004982 -0.018801 -0.023333 0.017165 0.011520 -0.000382 0.999786
1649856236.191911 -0.005096 -0.018398 -0.023279 0.017004 0.011374 -0.000264 0.999791
1649856236.216910 -0.004762 -0.019107 -0.021213 0.017156 0.010492 -0.000586 0.999798
1649856236.241908 -0.004692 -0.018826 -0.020282 0.017026 0.010479 -0.000405 0.999800
1649856236.266909 -0.004592 -0.018515 -0.019090 0.016927 0.010500 -0.000298 0.999802
1649856236.291907 -0.004345 -0.018031 -0.017407 0.016897 0.010724 -0.000318 0.999800
1649856236.316906 -0.004181 -0.017662 -0.015816 0.016850 0.010689 -0.000471 0.999801
1649856236.341904 -0.003985 -0.017387 -0.013855 0.016762 0.010768 -0.000389 0.999801
1649856236.391901 -0.003866 -0.016601 -0.010308 0.016528 0.010586 -0.000183 0.999807
1649856236.416899 -0.002770 -0.018362 -0.005252 0.016616 0.010728 -0.000832 0.999804
1649856236.441898 -0.001978 -0.018195 -0.001853 0.016512 0.011081 -0.000736 0.999802
1649856236.466896 -0.001213 -0.018218 0.001730 0.016405 0.011319 -0.000654 0.999801
1649856236.491895 -0.000681 -0.018241 0.005488 0.016269 0.011640 -0.000534 0.999800
1649856236.516893 -0.000007 -0.019325 0.010300 0.015904 0.011461 -0.000644 0.999808
1649856236.541892 0.000469 -0.018949 0.013933 0.015545 0.011562 -0.000446 0.999812
1649856236.566890 0.000811 -0.018414 0.017422 0.015207 0.011585 -0.000244 0.999817
1649856236.591889 0.000930 -0.017794 0.020822 0.014894 0.011675 -0.000064 0.999821
1649856236.616887 0.000727 -0.016562 0.022955 0.014475 0.011646 -0.000057 0.999827
1649856236.641886 0.000543 -0.015862 0.025684 0.014234 0.011525 -0.000054 0.999832
1649856236.666884 0.000309 -0.015136 0.028244 0.014040 0.011419 -0.000036 0.999836
1649856236.691882 0.000124 -0.014362 0.030697 0.013785 0.011310 -0.000059 0.999841
1649856236.716881 -0.000067 -0.013565 0.032866 0.013408 0.011038 -0.000247 0.999849
1649856236.741879 -0.000256 -0.012894 0.035055 0.013139 0.010735 -0.000164 0.999856
1649856236.766878 -0.000352 -0.012288 0.036910 0.012902 0.010478 -0.000104 0.999862
1649856236.791876 -0.000370 -0.012032 0.038288 0.012679 0.010331 -0.000116 0.999866
1649856236.816875 -0.000144 -0.012338 0.039000 0.012657 0.010627 -0.000399 0.999863
1649856236.841873 0.000046 -0.013123 0.038909 0.012584 0.010902 -0.000361 0.999861
1649856236.866872 0.000386 -0.014084 0.037801 0.012548 0.011164 -0.000299 0.999859
1649856236.891870 0.000701 -0.015460 0.036131 0.012533 0.011375 -0.000251 0.999857
1649856236.916868 0.000874 -0.016819 0.033679 0.012904 0.011896 -0.000513 0.999846
1649856236.941867 0.000835 -0.017913 0.030724 0.012982 0.012100 -0.000339 0.999842
1649856236.966865 0.000803 -0.019037 0.027257 0.013103 0.012249 -0.000139 0.999839
1649856236.991864 0.000922 -0.020218 0.023648 0.013233 0.012408 0.000042 0.999835
1649856237.016862 0.000252 -0.020443 0.015737 0.014132 0.013298 -0.000258 0.999812
1649856237.041861 -0.000168 -0.020267 0.013964 0.014172 0.013200 -0.000248 0.999812
1649856237.066859 -0.000466 -0.019995 0.012310 0.014121 0.013100 -0.000202 0.999814
1649856237.091857 -0.000619 -0.019568 0.010593 0.014217 0.012880 -0.000176 0.999816
1649856237.116856 -0.000560 -0.019921 0.009431 0.014972 0.012650 -0.000626 0.999808
1649856237.141855 -0.000542 -0.019809 0.008284 0.014983 0.012462 -0.000439 0.999810
1649856237.166853 -0.000467 -0.019560 0.007444 0.014953 0.012309 -0.000248 0.999812
1649856237.191851 -0.000327 -0.019124 0.006874 0.014895 0.012192 -0.000052 0.999815
1649856237.216850 0.000082 -0.018939 0.007667 0.015184 0.012065 -0.000346 0.999812
1649856237.241848 -0.000164 -0.018448 0.007738 0.015225 0.012267 -0.000266 0.999809
1649856237.266846 -0.000295 -0.018132 0.007829 0.015281 0.012441 -0.000151 0.999806
1649856237.291845 -0.000290 -0.018139 0.007989 0.015327 0.012667 -0.000083 0.999802
1649856237.316844 0.000072 -0.020235 0.008704 0.015564 0.012437 -0.000646 0.999801
1649856237.341842 0.000248 -0.020434 0.009307 0.015499 0.012502 -0.000650 0.999802
1649856237.366840 0.000408 -0.020391 0.010028 0.015443 0.012526 -0.000650 0.999802
1649856237.391839 0.000484 -0.020142 0.010877 0.015364 0.012553 -0.000620 0.999803
1649856237.416837 0.000447 -0.019593 0.011902 0.015354 0.012615 -0.000702 0.999802
1649856237.441836 0.000275 -0.019053 0.012903 0.015206 0.012575 -0.000515 0.999805
1649856237.466834 0.000006 -0.018353 0.013920 0.015046 0.012492 -0.000316 0.999809
1649856237.491832 -0.000226 -0.017454 0.015065 0.014896 0.012397 -0.000145 0.999812
1649856237.516831 -0.000594 -0.016068 0.016328 0.014903 0.012179 -0.000555 0.999815
1649856237.541830 -0.001249 -0.014969 0.017806 0.014623 0.011959 -0.000434 0.999821
1649856237.566828 -0.001988 -0.013829 0.019332 0.014317 0.011617 -0.000256 0.999830
1649856237.591826 -0.002750 -0.012629 0.020926 0.013920 0.011207 -0.000119 0.999840
1649856237.616825 -0.003511 -0.010974 0.022818 0.013961 0.010777 -0.000550 0.999844
1649856237.641823 -0.004369 -0.009747 0.024738 0.013580 0.010068 -0.000267 0.999857
1649856237.666822 -0.005218 -0.008594 0.026568 0.013125 0.009113 0.000156 0.999872
1649856237.691820 -0.005917 -0.007473 0.028444 0.012494 0.007972 0.000617 0.999890
1649856237.716819 -0.006457 -0.005924 0.030241 0.011711 0.006296 0.000334 0.999912
1649856237.741817 -0.007162 -0.004695 0.032052 0.010847 0.004375 0.000673 0.999931
1649856237.766815 -0.007731 -0.003647 0.033666 0.009840 0.002050 0.001235 0.999949
1649856237.791814 -0.008032 -0.002827 0.035081 0.008541 -0.000696 0.002000 0.999961
1649856237.816813 -0.008176 -0.002362 0.036025 0.006054 -0.004248 0.002935 0.999968
1649856237.841811 -0.008681 -0.002124 0.037138 0.003685 -0.007801 0.004061 0.999955
1649856237.866809 -0.009000 -0.002280 0.037944 0.001073 -0.011843 0.005411 0.999915
1649856237.891808 -0.008746 -0.002777 0.038663 -0.001715 -0.016295 0.006894 0.999842
1649856237.916806 -0.007667 -0.004768 0.038958 -0.004712 -0.021324 0.008461 0.999726
1649856237.941805 -0.007369 -0.008020 0.039144 -0.007544 -0.025617 0.009754 0.999596
1649856237.966803 -0.005676 -0.012717 0.039349 -0.010016 -0.029359 0.011126 0.999457
1649856237.991802 -0.002975 -0.018775 0.039757 -0.012163 -0.032357 0.012373 0.999326
1649856238.016800 -0.000016 -0.025269 0.040009 -0.013246 -0.034716 0.013333 0.999220
1649856238.041799 0.004450 -0.029699 0.039441 -0.014745 -0.037828 0.014084 0.999076
1649856238.066797 0.009080 -0.034559 0.038745 -0.016104 -0.040569 0.014769 0.998938
1649856238.091795 0.013779 -0.039455 0.037667 -0.017484 -0.043212 0.015217 0.998797
1649856238.116794 0.018857 -0.043781 0.035146 -0.018553 -0.047088 0.015784 0.998594
1649856238.141792 0.025896 -0.047020 0.031179 -0.019417 -0.051621 0.016675 0.998339
1649856238.166791 0.034725 -0.051411 0.027731 -0.021078 -0.056374 0.018178 0.998022
1649856238.191789 0.043611 -0.055461 0.023394 -0.023348 -0.062660 0.020166 0.997558
1649856238.216788 0.054423 -0.060209 0.018016 -0.027141 -0.072665 0.023966 0.996699
1649856238.241786 0.064104 -0.065338 0.013016 -0.029865 -0.079560 0.027220 0.996011
1649856238.266784 0.074233 -0.070659 0.007405 -0.032982 -0.086982 0.030579 0.995194
1649856238.291783 0.087388 -0.077862 0.001715 -0.036393 -0.096109 0.035106 0.994086
1649856238.316782 0.097580 -0.080381 -0.006866 -0.040393 -0.105168 0.040442 0.992810
1649856238.341780 0.113555 -0.091855 -0.014114 -0.044067 -0.113713 0.045690 0.991484
1649856238.366778 0.131863 -0.102754 -0.021591 -0.047697 -0.122578 0.050741 0.990013
1649856238.391777 0.152332 -0.114462 -0.029301 -0.051389 -0.131349 0.055891 0.988424
1649856238.416775 0.174723 -0.126034 -0.037340 -0.055165 -0.139591 0.061284 0.986770
1649856238.441773 0.198958 -0.138743 -0.045016 -0.058540 -0.147769 0.066273 0.985061
1649856238.466772 0.225876 -0.153657 -0.052991 -0.062372 -0.155861 0.071349 0.983223
1649856238.491771 0.254897 -0.169691 -0.061060 -0.066186 -0.164023 0.076620 0.981247
1649856238.516769 0.285739 -0.185353 -0.068547 -0.069523 -0.171616 0.082272 0.979258
1649856238.541767 0.318826 -0.204368 -0.075857 -0.072675 -0.179770 0.087280 0.977130
1649856238.566766 0.355315 -0.224151 -0.085777 -0.075873 -0.189213 0.092358 0.974634
1649856238.591764 0.394898 -0.246302 -0.096204 -0.079408 -0.198734 0.097323 0.971971
1649856238.616763 0.441180 -0.272972 -0.106792 -0.082872 -0.208674 0.103026 0.969006
1649856238.641761 0.485840 -0.299708 -0.115588 -0.087336 -0.216801 0.107987 0.966286
1649856238.666760 0.535193 -0.328184 -0.123570 -0.091743 -0.225297 0.113545 0.963292
1649856238.691758 0.587470 -0.358582 -0.130849 -0.096002 -0.233949 0.118735 0.960184
1649856238.716756 0.643294 -0.389899 -0.138102 -0.099976 -0.242754 0.123808 0.956947
1649856238.741755 0.702025 -0.420595 -0.145067 -0.103719 -0.251570 0.128685 0.953622
1649856238.766753 0.765236 -0.454737 -0.150600 -0.107924 -0.259972 0.133828 0.950188
1649856238.791752 0.832294 -0.490523 -0.155198 -0.112189 -0.268494 0.139175 0.946549
1649856238.816750 0.903299 -0.527874 -0.159446 -0.116626 -0.277273 0.144343 0.942700
1649856238.841749 0.978452 -0.567141 -0.162622 -0.121160 -0.285914 0.149535 0.938729
1649856238.866747 1.058118 -0.608214 -0.164857 -0.125670 -0.294277 0.154801 0.934690
1649856238.891746 1.140298 -0.650643 -0.165172 -0.130267 -0.302701 0.159793 0.930521
1649856238.916744 1.228071 -0.694880 -0.164737 -0.134341 -0.310860 0.164771 0.926374
1649856238.941742 1.320439 -0.741084 -0.163006 -0.138643 -0.319093 0.169795 0.922023
1649856238.966741 1.417100 -0.788923 -0.160093 -0.142813 -0.327285 0.174575 0.917612
1649856238.991739 1.517741 -0.838538 -0.156269 -0.147010 -0.335338 0.179210 0.913138
1649856239.016738 1.622548 -0.889699 -0.151393 -0.151101 -0.343632 0.183530 0.908517
1649856239.041736 1.733562 -0.943112 -0.143697 -0.155275 -0.351788 0.188035 0.903758
1649856239.066735 1.849358 -0.998463 -0.134251 -0.159405 -0.359673 0.192542 0.898973
1649856239.091733 1.970131 -1.055653 -0.122983 -0.163558 -0.367670 0.197181 0.893972
1649856239.116732 2.095967 -1.114430 -0.109757 -0.167628 -0.375650 0.201823 0.888851
1649856239.141730 2.227178 -1.174895 -0.094393 -0.171791 -0.383474 0.206412 0.883646
1649856239.166728 2.363445 -1.238092 -0.076833 -0.175867 -0.391275 0.210886 0.878352
1649856239.191727 2.504861 -1.303009 -0.057155 -0.180025 -0.398911 0.215479 0.872943
1649856239.216725 2.651757 -1.369154 -0.035027 -0.183896 -0.406881 0.220084 0.867291
1649856239.241724 2.804073 -1.436052 -0.010554 -0.187817 -0.414603 0.224768 0.861573
1649856239.266722 2.962047 -1.505933 0.016779 -0.191864 -0.422212 0.229375 0.855753
1649856239.291721 3.125488 -1.577337 0.046716 -0.195830 -0.429813 0.234024 0.849790
1649856239.316719 3.294800 -1.650348 0.079710 -0.199543 -0.437516 0.238543 0.843718
1649856239.341718 3.470092 -1.724002 0.115495 -0.203441 -0.445238 0.242893 0.837483
1649856239.366716 3.650726 -1.800955 0.154012 -0.207156 -0.453105 0.246934 0.831147
1649856239.391715 3.837202 -1.879369 0.195637 -0.210774 -0.461091 0.251138 0.824560
1649856239.416713 4.029624 -1.959478 0.240608 -0.214300 -0.469212 0.255474 0.817709
1649856239.441711 4.228185 -2.040631 0.289111 -0.218315 -0.476335 0.259983 0.811081
1649856239.466710 4.432453 -2.123901 0.340762 -0.222123 -0.483793 0.264128 0.804265
1649856239.491708 4.642998 -2.208778 0.396215 -0.225827 -0.491373 0.268359 0.797206
1649856239.516707 4.859618 -2.294698 0.455370 -0.229393 -0.499064 0.272749 0.789888
1649856239.541705 5.082554 -2.381007 0.518361 -0.233181 -0.506224 0.277022 0.782702
1649856239.566704 5.311793 -2.470093 0.585433 -0.236895 -0.513724 0.281152 0.775192
1649856239.591702 5.547350 -2.560460 0.656763 -0.240445 -0.521124 0.285259 0.767622
1649856239.616700 5.789177 -2.651607 0.732213 -0.243886 -0.528610 0.289507 0.759787
1649856239.641699 6.038004 -2.743393 0.812444 -0.247550 -0.535590 0.293442 0.752166
1649856239.666698 6.292958 -2.837149 0.897168 -0.251202 -0.542366 0.297282 0.744554
1649856239.691696 6.554209 -2.931806 0.986472 -0.254788 -0.549068 0.301184 0.736814
1649856239.716694 6.822079 -3.027033 1.080579 -0.258186 -0.556046 0.305276 0.728670
1649856239.741693 7.096493 -3.122776 1.179461 -0.261813 -0.562710 0.309131 0.720590
1649856239.766691 7.377230 -3.220160 1.283390 -0.265261 -0.569353 0.312930 0.712424
1649856239.791690 7.664479 -3.318246 1.392450 -0.268655 -0.576061 0.316793 0.704003
1649856239.816688 7.958037 -3.415856 1.506562 -0.271529 -0.583006 0.320997 0.695224
1649856239.841687 8.258388 -3.514119 1.626302 -0.274805 -0.589367 0.324828 0.686743
1649856239.866685 8.564843 -3.615544 1.750857 -0.278240 -0.595938 0.328196 0.678032
1649856239.891683 8.878164 -3.717374 1.881291 -0.281503 -0.602771 0.331932 0.668763
1649856239.916682 9.198259 -3.818902 2.017487 -0.284514 -0.610000 0.335725 0.658969
1649856239.941680 9.525049 -3.920191 2.159973 -0.288068 -0.616484 0.339250 0.649518
1649856239.966679 9.858471 -4.023107 2.308972 -0.291558 -0.623117 0.342469 0.639871
1649856239.991677 10.198438 -4.125930 2.464094 -0.295234 -0.629971 0.345590 0.629715
1649856240.016676 10.545213 -4.228464 2.625597 -0.298929 -0.636507 0.349333 0.619247
1649856240.041674 10.898252 -4.330096 2.792813 -0.303079 -0.642277 0.352940 0.609145
1649856240.066673 11.257885 -4.432601 2.966903 -0.307139 -0.647997 0.356450 0.598923
1649856240.091671 11.624001 -4.534832 3.147798 -0.311056 -0.653700 0.359924 0.588537
1649856240.116669 11.996836 -4.636542 3.335633 -0.315069 -0.659329 0.363326 0.577937
1649856240.141668 12.376255 -4.737831 3.530313 -0.319171 -0.664338 0.366626 0.567776
1649856240.166666 12.762419 -4.839829 3.731874 -0.323335 -0.668694 0.370041 0.558008
1649856240.191665 13.155416 -4.940782 3.940432 -0.327018 -0.672749 0.373836 0.548374
1649856240.216663 13.555237 -5.040649 4.156497 -0.330322 -0.677094 0.377506 0.538443
1649856240.241662 13.961707 -5.139712 4.380320 -0.334568 -0.681900 0.380326 0.527664
1649856240.266661 14.375314 -5.239583 4.611757 -0.336908 -0.686539 0.384409 0.517095
1649856240.291660 14.795848 -5.337108 4.850179 -0.335448 -0.690618 0.391184 0.507442
1649856240.316658 15.223096 -5.433045 5.096449 -0.332986 -0.695975 0.397706 0.496557
1649856240.341656 15.656673 -5.528051 5.351126 -0.331254 -0.703002 0.402026 0.484184
1649856240.366655 16.097457 -5.623765 5.614493 -0.330647 -0.711347 0.404580 0.470078
1649856240.391653 16.545245 -5.716648 5.885076 -0.329197 -0.718430 0.408668 0.456594
1649856240.416652 16.999763 -5.807404 6.162899 -0.327449 -0.724201 0.413505 0.444211
1649856240.441650 17.461305 -5.896112 6.448660 -0.327661 -0.729282 0.416912 0.432401
1649856240.466649 17.930014 -5.983014 6.742086 -0.328710 -0.733475 0.420087 0.421297
1649856240.491647 18.405040 -6.067525 7.043041 -0.329916 -0.736916 0.423450 0.410853
1649856240.516646 18.886504 -6.149246 7.351650 -0.331102 -0.740100 0.427070 0.400293
1649856240.541644 19.374151 -6.228569 7.668369 -0.332471 -0.743420 0.430201 0.389508
1649856240.566643 19.867841 -6.305449 7.993331 -0.332753 -0.747357 0.432663 0.378860
1649856240.591641 20.367333 -6.379756 8.326458 -0.331522 -0.751096 0.435493 0.369180
1649856240.616639 20.872788 -6.451459 8.667886 -0.329621 -0.754721 0.437722 0.360757
1649856240.641638 21.383974 -6.521180 9.017961 -0.328084 -0.758042 0.439233 0.353282
1649856240.666636 21.901302 -6.591111 9.376675 -0.327706 -0.762061 0.438869 0.345349
1649856240.691635 22.424188 -6.657090 9.743433 -0.327694 -0.765800 0.438721 0.337181
1649856240.716633 22.952273 -6.719700 10.118573 -0.329523 -0.769412 0.437850 0.328187
1649856240.741632 23.485368 -6.780328 10.502369 -0.332993 -0.772362 0.436131 0.319941
1649856240.766630 24.023843 -6.838862 10.894455 -0.336519 -0.774641 0.434778 0.312498
1649856240.791629 24.567373 -6.894216 11.295145 -0.340096 -0.776678 0.433874 0.304729
1649856240.816627 25.115470 -6.947099 11.704721 -0.342791 -0.779092 0.432705 0.297113
1649856240.841626 25.667871 -6.997117 12.122856 -0.344036 -0.781752 0.431422 0.290480
1649856240.866624 26.224052 -7.037521 12.548755 -0.343675 -0.785085 0.430297 0.283502
1649856240.891623 26.784194 -7.078398 12.983811 -0.342982 -0.788616 0.428413 0.277328
1649856240.916621 27.348942 -7.118308 13.427935 -0.342110 -0.792326 0.426062 0.271388
1649856240.941619 27.918399 -7.156275 13.881902 -0.340236 -0.796071 0.424513 0.265139
1649856240.966618 28.491715 -7.189910 14.344973 -0.338205 -0.800132 0.422504 0.258645
1649856240.991616 29.068423 -7.222485 14.817371 -0.335265 -0.804199 0.420720 0.252697
1649856241.016615 29.648945 -7.252440 15.299146 -0.330725 -0.808481 0.419453 0.247060
1649856241.041613 30.232866 -7.279619 15.790160 -0.325541 -0.812506 0.419787 0.240075
1649856241.066612 30.820453 -7.304445 16.291234 -0.320565 -0.816456 0.420327 0.232300
1649856241.091610 31.411231 -7.326327 16.802243 -0.315325 -0.820887 0.420196 0.223941
1649856241.116609 32.005139 -7.345405 17.323356 -0.308721 -0.825407 0.420426 0.215957
1649856241.141607 32.601625 -7.361945 17.854387 -0.300702 -0.830015 0.421089 0.208178
1649856241.166606 33.201136 -7.375442 18.395854 -0.292307 -0.834540 0.421792 0.200479
1649856241.191604 33.803209 -7.386632 18.947548 -0.284655 -0.838726 0.422313 0.192772
1649856241.216603 34.407976 -7.395179 19.509484 -0.277703 -0.842496 0.422671 0.185555
1649856241.241601 35.015442 -7.401017 20.082021 -0.271692 -0.846180 0.422209 0.178612
1649856241.266599 35.625122 -7.404289 20.665196 -0.266543 -0.849993 0.420745 0.171582
1649856241.291598 36.236674 -7.404731 21.259070 -0.262010 -0.854370 0.417599 0.164361
1649856241.316597 36.850049 -7.402510 21.863434 -0.257633 -0.858592 0.414394 0.157235
1649856241.341595 37.465147 -7.397315 22.478279 -0.253200 -0.862796 0.411065 0.149997
1649856241.366593 38.081442 -7.389535 23.103892 -0.248784 -0.867494 0.406609 0.142234
1649856241.391592 38.698888 -7.379419 23.740210 -0.244677 -0.872448 0.401277 0.133954
1649856241.416590 39.317401 -7.366260 24.387033 -0.240670 -0.877297 0.395830 0.125485
1649856241.441589 39.936771 -7.350334 25.044162 -0.236525 -0.881611 0.391188 0.117429
1649856241.466587 40.557489 -7.330715 25.712078 -0.232110 -0.885805 0.386513 0.109919
1649856241.491585 41.178766 -7.308786 26.390812 -0.227726 -0.890344 0.380901 0.101703
1649856241.516584 41.799952 -7.283897 27.079772 -0.222558 -0.894686 0.375941 0.093130
1649856241.541583 42.421745 -7.255572 27.779661 -0.216615 -0.898656 0.371921 0.084673
1649856241.566581 43.043695 -7.224067 28.490633 -0.211464 -0.902856 0.366880 0.074387
1649856241.591579 43.665589 -7.189171 29.212501 -0.206873 -0.906958 0.361569 0.062446
1649856241.616578 44.287359 -7.150816 29.945082 -0.202110 -0.910353 0.357694 0.049641
1649856241.666575 45.529754 -7.063139 31.440552 -0.192269 -0.914436 0.355583 0.019979
1649856241.691573 46.157519 -7.010654 32.202291 -0.185947 -0.915527 0.356674 0.004158
1649856241.716572 46.780989 -6.955612 32.976888 -0.178895 -0.916846 0.356611 -0.014772
1649856241.741570 47.401880 -6.899031 33.762122 -0.170982 -0.917534 0.357345 -0.034652
1649856241.766569 48.020231 -6.843667 34.557145 -0.162818 -0.917676 0.358548 -0.052950
1649856241.791567 48.640378 -6.782524 35.363503 -0.154954 -0.918285 0.357225 -0.071644
1649856241.816566 49.258662 -6.716883 36.181511 -0.148133 -0.918723 0.354514 -0.091237
1649856241.841564 49.874824 -6.646519 37.011646 -0.143063 -0.917704 0.353540 -0.111186
1649856241.891561 51.098306 -6.495350 38.704785 -0.136775 -0.912928 0.354098 -0.149901
1649856241.916559 51.709170 -6.415042 39.566542 -0.134696 -0.909874 0.353534 -0.170296
1649856241.941558 52.315817 -6.328418 40.440884 -0.131775 -0.905282 0.357129 -0.188571
1649856241.991555 53.519348 -6.147761 42.219434 -0.126898 -0.896657 0.361444 -0.221950
1649856242.016553 54.120601 -6.053620 43.121860 -0.125618 -0.892426 0.362777 -0.237043
1649856242.041552 54.716718 -5.952846 44.037072 -0.125043 -0.888602 0.362170 -0.252158
1649856242.066550 55.308552 -5.853161 44.964035 -0.127325 -0.885585 0.357212 -0.268194
1649856242.091549 55.896813 -5.747722 45.902620 -0.132134 -0.882320 0.350847 -0.284534
1649856242.116547 56.481852 -5.637111 46.850995 -0.139637 -0.878096 0.345704 -0.299897
1649856242.141546 57.063634 -5.522492 47.809773 -0.148115 -0.874285 0.337974 -0.315373
1649856242.166544 57.643621 -5.404610 48.777167 -0.157060 -0.870080 0.330340 -0.330406
1649856242.191542 58.220355 -5.283737 49.755141 -0.164825 -0.865496 0.325418 -0.343297
1649856242.216541 58.791822 -5.158952 50.744072 -0.169834 -0.861423 0.320626 -0.355396
1649856242.241539 59.359127 -5.031476 51.743469 -0.173515 -0.857394 0.316676 -0.366722
1649856242.266538 59.922241 -4.900922 52.752585 -0.177277 -0.853525 0.313731 -0.376352
1649856242.291536 60.482479 -4.767471 53.771464 -0.181378 -0.850128 0.309152 -0.385759
1649856242.316535 61.038844 -4.630466 54.800109 -0.186212 -0.846939 0.302788 -0.395397
1649856242.366532 62.139372 -4.348420 56.887082 -0.200839 -0.838884 0.293474 -0.412081
1649856242.391530 62.682466 -4.205860 57.944827 -0.208348 -0.834194 0.289534 -0.420574
1649856242.416529 63.221615 -4.058763 59.011254 -0.214081 -0.829095 0.285862 -0.430180
1649856242.441527 63.756013 -3.910004 60.086599 -0.217936 -0.823444 0.282823 -0.440970
1649856242.466526 64.283323 -3.761386 61.172311 -0.219737 -0.817463 0.279931 -0.452889
1649856242.491524 64.807208 -3.609546 62.265850 -0.219221 -0.811337 0.277292 -0.465600
1649856242.516522 65.325959 -3.454893 63.368389 -0.217985 -0.804791 0.275572 -0.478387
1649856242.541521 65.840557 -3.297448 64.479688 -0.216878 -0.797928 0.273964 -0.491141
1649856242.566519 66.351399 -3.138655 65.599060 -0.216497 -0.790829 0.272697 -0.503344
1649856242.591518 66.856145 -2.977382 66.727363 -0.216435 -0.783623 0.271364 -0.515221
1649856242.616516 67.355016 -2.813408 67.864476 -0.215892 -0.776676 0.268981 -0.527081
1649856242.641515 67.848918 -2.647050 69.010394 -0.214927 -0.770335 0.265856 -0.538249
1649856242.666513 68.335735 -2.480292 70.164867 -0.214097 -0.764643 0.263078 -0.547973
1649856242.691512 68.817717 -2.310980 71.327645 -0.212997 -0.759427 0.260411 -0.556857
1649856242.716510 69.295132 -2.139128 72.498525 -0.211766 -0.754517 0.257338 -0.565364
1649856242.741508 69.767391 -1.964628 73.677658 -0.210793 -0.749936 0.253766 -0.573380
1649856242.766507 70.234770 -1.786838 74.865735 -0.210159 -0.745233 0.250443 -0.581154
1649856242.791506 70.697385 -1.608591 76.061331 -0.209938 -0.740281 0.247179 -0.588908
1649856242.816504 71.154154 -1.427459 77.264840 -0.209791 -0.735082 0.244683 -0.596466
1649856242.841502 71.605552 -1.244576 78.476177 -0.209330 -0.730160 0.243046 -0.603304
1649856242.866501 72.050156 -1.060753 79.695501 -0.208005 -0.725468 0.241610 -0.609963
