# timestamp tx ty tz qx qy qz qw
1649856227.767436 0.006333 -0.031179 0.019300 0.022280 0.021291 -0.000176 0.999525
1649856227.842431 0.007778 -0.030886 0.017771 0.022428 0.021279 0.000750 0.999522
1649856227.867430 -0.022697 -0.019487 0.035504 0.021172 0.020448 -0.008405 0.999531
1649856227.892428 -0.010607 -0.015855 0.016677 0.012119 0.014079 -0.006233 0.999808
1649856227.917427 -0.006487 -0.016212 0.012376 0.014471 0.012892 -0.003224 0.999807
1649856227.942425 -0.006907 -0.014766 0.011660 0.014526 0.012866 -0.002941 0.999807
1649856227.967423 -0.009576 -0.017893 0.018696 0.013469 0.015726 -0.003262 0.999780
1649856227.992422 -0.009054 -0.014786 0.017711 0.013349 0.014573 -0.003863 0.999797
1649856228.017420 -0.008693 -0.019567 0.017008 0.013141 0.014872 -0.003308 0.999798
1649856228.042419 -0.009696 -0.020388 0.016428 0.013162 0.014888 -0.003291 0.999797
1649856228.067417 -0.010832 -0.021036 0.015881 0.013169 0.014892 -0.003286 0.999797
1649856228.092416 -0.010930 -0.020534 0.015640 0.013387 0.015047 -0.003563 0.999791
1649856228.117414 -0.011299 -0.020917 0.015490 0.013335 0.015196 -0.003251 0.999790
1649856228.142413 -0.012411 -0.021006 0.015028 0.013324 0.015205 -0.003191 0.999791
1649856228.167411 -0.013662 -0.020955 0.014567 0.013307 0.015203 -0.003115 0.999791
1649856228.192410 -0.013549 -0.024328 0.013286 0.013307 0.014684 -0.002582 0.999800
1649856228.217408 -0.015480 -0.032900 0.010655 0.013583 0.014254 -0.002181 0.999804
1649856228.242407 -0.016912 -0.035508 0.009551 0.013648 0.014145 -0.002039 0.999805
1649856228.267405 -0.018589 -0.038190 0.008403 0.013712 0.014037 -0.001913 0.999806
1649856228.292403 0.032894 0.208391 0.119672 0.002594 0.044257 -0.021671 0.998782
1649856228.317402 0.028147 0.250605 0.130213 0.001694 0.044725 -0.024099 0.998707
1649856228.342400 0.026614 0.286425 0.142033 0.001190 0.044581 -0.023980 0.998717
1649856228.367399 0.021165 0.327448 0.154486 0.000604 0.045223 -0.025938 0.998640
1649856228.392397 0.031757 0.342087 0.163758 0.000212 0.041905 -0.016921 0.998978
1649856228.417396 0.017421 0.393000 0.176521 -0.001289 0.043806 -0.022589 0.998784
1649856228.442394 0.013567 0.428053 0.188192 -0.001848 0.043667 -0.022422 0.998793
1649856228.467393 0.005937 0.467104 0.199950 -0.002472 0.044027 -0.023490 0.998751
1649856228.492391 -0.397647 0.998534 0.224219 -0.008474 0.102602 -0.176750 0.978857
1649856228.517390 -0.441683 1.054410 0.219026 -0.011435 0.099124 -0.170828 0.980235
1649856228.542388 -0.498999 1.113384 0.215675 -0.015918 0.099306 -0.168101 0.980626
1649856228.567386 -0.557534 1.172092 0.212415 -0.020397 0.099465 -0.165369 0.980991
1649856228.592385 -0.616450 1.230901 0.208026 -0.024214 0.098811 -0.163050 0.981359
1649856228.617383 -0.677290 1.288882 0.204891 -0.028700 0.099010 -0.160305 0.981670
1649856228.642382 -0.739424 1.346437 0.201898 -0.033174 0.099161 -0.157580 0.981955
1649856228.667380 -0.802528 1.403664 0.198804 -0.037516 0.099235 -0.154590 0.982266
1649856228.692379 -0.866959 1.460105 0.195985 -0.042014 0.099386 -0.151918 0.982486
1649856228.717377 -0.931288 1.513756 0.196432 -0.046743 0.097325 -0.150163 0.982748
1649856228.742376 -0.998516 1.568759 0.194532 -0.051212 0.097443 -0.147478 0.982920
1649856228.767374 -1.067559 1.622617 0.193096 -0.055392 0.097463 -0.145048 0.983053
1649856228.792373 -1.136953 1.676146 0.191550 -0.059812 0.097617 -0.142386 0.983168
1649856228.817371 -1.207894 1.728134 0.190306 -0.064227 0.097757 -0.139478 0.983293
1649856228.842370 -1.279725 1.779571 0.188817 -0.068718 0.097797 -0.136670 0.983379
1649856228.867368 -1.347210 1.838832 0.184226 -0.074257 0.097340 -0.137597 0.982893
1649856228.892366 -1.421204 1.888939 0.183856 -0.078293 0.097385 -0.134961 0.982940
1649856228.917365 -1.496307 1.933934 0.181518 -0.083596 0.097222 -0.132042 0.982916
1649856228.942363 -1.573087 1.981530 0.180763 -0.088090 0.097338 -0.129269 0.982881
1649856228.967362 -1.651187 2.027931 0.180223 -0.092602 0.097430 -0.126493 0.982818
1649856228.992360 -1.730681 2.072267 0.179416 -0.097313 0.097582 -0.123669 0.982707
1649856229.017359 -1.809206 2.109606 0.180088 -0.101601 0.097620 -0.120864 0.982619
1649856229.042357 -1.887200 2.149974 0.178032 -0.105574 0.097369 -0.117000 0.982692
1649856229.092354 -2.054169 2.228888 0.178906 -0.114622 0.097528 -0.111368 0.982317
1649856229.117352 -2.135823 2.252144 0.179958 -0.119249 0.097319 -0.109472 0.982000
1649856229.142351 -2.222252 2.286900 0.181241 -0.123706 0.097400 -0.106694 0.981747
1649856229.167349 -2.310019 2.320025 0.182845 -0.128176 0.097477 -0.103930 0.981462
1649856229.192348 -2.398254 2.344641 0.184584 -0.132760 0.097204 -0.101115 0.981174
1649856229.217346 -2.485900 2.367324 0.187304 -0.136903 0.097061 -0.099296 0.980804
1649856229.242345 -2.577373 2.394284 0.190047 -0.141352 0.097128 -0.096538 0.980442
1649856229.267343 -2.670181 2.419389 0.193175 -0.145788 0.097213 -0.093768 0.980053
1649856229.292342 -2.764038 2.444849 0.197178 -0.149871 0.097046 -0.091287 0.979687
1649856229.317340 -2.859472 2.466252 0.201139 -0.154295 0.097120 -0.088505 0.979249
1649856229.342339 -2.956234 2.485640 0.205530 -0.158712 0.097175 -0.085706 0.978786
1649856229.367337 -3.054325 2.502959 0.210372 -0.163129 0.097230 -0.082918 0.978294
1649856229.392335 -3.151907 2.516825 0.216024 -0.167084 0.096567 -0.080905 0.977861
1649856229.417334 -3.252650 2.532920 0.221752 -0.171559 0.096649 -0.078349 0.977286
1649856229.442333 -3.354529 2.543830 0.228061 -0.175967 0.096728 -0.075552 0.976714
1649856229.467331 -3.457720 2.552461 0.234903 -0.180373 0.096764 -0.072771 0.976118
1649856229.492329 -3.563169 2.562360 0.242439 -0.184766 0.097059 -0.069861 0.975480
1649856229.517328 -3.663586 2.560610 0.247205 -0.190405 0.095511 -0.069617 0.974565
1649856229.542326 -3.770326 2.561848 0.255638 -0.194772 0.095539 -0.066828 0.973894
1649856229.567325 -3.878615 2.560690 0.264880 -0.199086 0.095668 -0.063971 0.973201
1649856229.592323 -3.988142 2.557490 0.273656 -0.204067 0.096000 -0.061233 0.972312
1649856229.617322 -4.093713 2.547747 0.282269 -0.208880 0.094686 -0.060881 0.971441
1649856229.642320 -4.205243 2.538352 0.293214 -0.213280 0.094742 -0.058098 0.970649
1649856229.667319 -4.318040 2.526228 0.304864 -0.217663 0.094765 -0.055326 0.969836
1649856229.692317 -4.431946 2.511386 0.317176 -0.222067 0.094755 -0.052645 0.968987
1649856229.717315 -4.545811 2.489752 0.327661 -0.227938 0.094320 -0.050421 0.967784
1649856229.742314 -4.662231 2.468753 0.341544 -0.232308 0.094348 -0.047648 0.966882
1649856229.767312 -4.779889 2.444801 0.356247 -0.236676 0.094361 -0.044867 0.965954
1649856229.792311 -4.898112 2.417287 0.371235 -0.241393 0.094498 -0.042485 0.964881
1649856229.817309 -5.017253 2.376887 0.387504 -0.246050 0.095147 -0.039286 0.963775
1649856229.842308 -5.138520 2.343078 0.404900 -0.250404 0.095175 -0.036500 0.962760
1649856229.867306 -5.258294 2.317903 0.432649 -0.248989 0.096475 -0.036171 0.963010
1649856229.892305 -5.382025 2.278813 0.452079 -0.253278 0.096490 -0.033406 0.961990
1649856229.917303 -5.505408 2.230231 0.472056 -0.257349 0.096615 -0.030740 0.960985
1649856229.942302 -5.631457 2.184308 0.493337 -0.261649 0.096635 -0.027975 0.959906
1649856229.967300 -5.758716 2.135090 0.515622 -0.265956 0.096654 -0.025205 0.958796
1649856229.992299 -5.887514 2.080160 0.539900 -0.270258 0.096864 -0.022373 0.957642
1649856230.017297 -6.017906 2.022993 0.564901 -0.274572 0.097512 -0.019483 0.956411
1649856230.042295 -6.148936 1.963430 0.590543 -0.278843 0.097521 -0.016700 0.955226
1649856230.067294 -6.281139 1.900383 0.617312 -0.283113 0.097526 -0.013948 0.954013
1649856230.092292 -6.414374 1.839644 0.643886 -0.287417 0.097560 -0.011136 0.952759
1649856230.117291 -6.548842 1.769787 0.672874 -0.291680 0.097570 -0.008356 0.951490
1649856230.142289 -6.684451 1.696296 0.703085 -0.295916 0.097552 -0.005582 0.950203
1649856230.167288 -6.821194 1.619126 0.734543 -0.300136 0.097568 -0.002804 0.948889
1649856230.192286 -6.950326 1.537376 0.765270 -0.303981 0.095648 0.000817 0.947864
1649856230.217285 -7.095617 1.464237 0.796313 -0.308382 0.096668 0.002870 0.946334
1649856230.242283 -7.235375 1.376352 0.831315 -0.312600 0.096688 0.005636 0.944934
1649856230.267280 -7.376186 1.284618 0.867688 -0.316782 0.096670 0.008423 0.943522
1649856230.292278 -7.518058 1.188972 0.905468 -0.320982 0.096669 0.011185 0.942073
1649856230.317277 -7.667627 1.090607 0.949183 -0.325747 0.097674 0.013174 0.940306
1649856230.342275 -7.812078 0.986997 0.990212 -0.329916 0.097679 0.015938 0.938808
1649856230.367274 -7.957558 0.879342 1.032756 -0.334066 0.097673 0.018678 0.937289
1649856230.392272 -8.104050 0.767599 1.076850 -0.338209 0.097654 0.021451 0.935745
1649856230.417270 -8.238426 0.642438 1.128639 -0.342439 0.094673 0.025561 0.934409
1649856230.442269 -8.385815 0.522029 1.176247 -0.346570 0.094623 0.028330 0.932809
1649856230.467267 -8.534129 0.397407 1.225507 -0.350683 0.094570 0.031106 0.931187
1649856230.492266 -8.679219 0.275291 1.275241 -0.354834 0.094006 0.034460 0.929553
1649856230.517264 -8.814442 0.136768 1.326819 -0.358480 0.092392 0.038887 0.928140
1649856230.542263 -8.964180 -0.000612 1.381144 -0.362551 0.092303 0.041664 0.926445
1649856230.567261 -9.114746 -0.142374 1.437257 -0.366635 0.092205 0.044435 0.924718
1649856230.592259 -9.282753 -0.294384 1.514865 -0.372805 0.093253 0.044984 0.922116
1649856230.617258 -9.434282 -0.448848 1.581797 -0.377388 0.093004 0.047904 0.920127
1649856230.642256 -9.588113 -0.604849 1.644911 -0.381462 0.092939 0.050660 0.918304
1649856230.667255 -9.755805 -0.762543 1.715548 -0.386215 0.093235 0.051712 0.916227
1649856230.692253 -9.903309 -0.932170 1.783935 -0.390051 0.091984 0.055440 0.914508
1649856230.717252 -10.056050 -1.104583 1.854356 -0.394045 0.091463 0.058526 0.912654
1649856230.742250 -10.212675 -1.279262 1.925958 -0.398059 0.091361 0.061278 0.910740
1649856230.767249 -10.369975 -1.458656 1.999682 -0.402054 0.091266 0.064009 0.908805
1649856230.792247 -10.516118 -1.643927 2.078145 -0.406082 0.089579 0.068135 0.906880
1649856230.817245 -10.674553 -1.831423 2.156627 -0.410156 0.089512 0.070798 0.904847
1649856230.842244 -10.832943 -2.025133 2.237109 -0.414123 0.089398 0.073554 0.902829
1649856230.867242 -10.991907 -2.223704 2.319870 -0.418096 0.089311 0.076271 0.900779
1649856230.892241 -11.151417 -2.427170 2.404945 -0.422063 0.089225 0.078995 0.898700
1649856230.917239 -11.313184 -2.659948 2.516005 -0.427964 0.089661 0.080878 0.895693
1649856230.942238 -11.473924 -2.874710 2.606999 -0.431908 0.089584 0.083578 0.893558
1649856230.967236 -11.635154 -3.094489 2.700458 -0.435850 0.089480 0.086297 0.891393
1649856230.992235 -11.796851 -3.319319 2.796424 -0.439756 0.089393 0.089012 0.889213
1649856231.017233 -11.965676 -3.560209 2.941203 -0.448444 0.089440 0.090177 0.884741
1649856231.042232 -12.128565 -3.796551 3.044673 -0.452357 0.089331 0.092861 0.882479
1649856231.067230 -12.291856 -4.038072 3.150829 -0.456260 0.089217 0.095580 0.880188
1649856231.092228 -12.475337 -4.269282 3.291229 -0.464238 0.089952 0.095613 0.875928
1649856231.117227 -12.639021 -4.517255 3.409667 -0.468753 0.089530 0.098473 0.873245
1649856231.142225 -12.804298 -4.774653 3.526118 -0.472631 0.089426 0.101154 0.870857
1649856231.167224 -12.972568 -5.036602 3.646528 -0.476644 0.089309 0.103493 0.868403
1649856231.192222 -13.125151 -5.299921 3.751303 -0.478212 0.087085 0.108342 0.867174
1649856231.217221 -13.262798 -5.588843 3.885979 -0.482227 0.084846 0.114239 0.864412
1649856231.242219 -13.426607 -5.867640 4.014016 -0.486055 0.084705 0.116907 0.861921
1649856231.267217 -13.606276 -6.146815 4.152214 -0.490724 0.084176 0.117606 0.859228
1649856231.292216 -13.770926 -6.436232 4.286999 -0.494551 0.084033 0.120267 0.856676
1649856231.317214 -13.928727 -6.730962 4.471022 -0.502855 0.081715 0.123548 0.851584
1649856231.342213 -14.092913 -7.032391 4.614362 -0.506639 0.081570 0.126212 0.848961
1649856231.367211 -14.257112 -7.339383 4.761014 -0.510403 0.081401 0.128863 0.846320
1649856231.392210 -14.421293 -7.651963 4.911027 -0.514166 0.081232 0.131532 0.843643
1649856231.417208 -14.585182 -7.969014 5.070826 -0.518576 0.080880 0.134175 0.840556
1649856231.442207 -14.749210 -8.292914 5.228037 -0.522300 0.080717 0.136820 0.837835
1649856231.467205 -14.913132 -8.622470 5.388756 -0.526005 0.080535 0.139469 0.835094
1649856231.492203 -15.076918 -8.957702 5.553029 -0.529707 0.080368 0.142128 0.832317
1649856231.517202 -15.219714 -9.311982 5.724976 -0.532925 0.078417 0.147333 0.829539
1649856231.542201 -15.381712 -9.658896 5.896638 -0.536593 0.078240 0.149968 0.826714
1649856231.567199 -15.543458 -10.011538 6.071991 -0.540249 0.078049 0.152603 0.823864
1649856231.592197 -15.704952 -10.369012 6.251366 -0.543939 0.077850 0.155220 0.820961
1649856231.617196 -15.843670 -10.743319 6.435263 -0.546816 0.075882 0.160720 0.818171
1649856231.642194 -16.002980 -11.113352 6.621970 -0.550431 0.075705 0.163309 0.815245
1649856231.667193 -16.161886 -11.489175 6.812549 -0.553984 0.075450 0.165929 0.812328
1649856231.692191 -16.320138 -11.869716 7.007042 -0.557579 0.075213 0.168579 0.809339
1649856231.717190 -16.478114 -12.257133 7.205502 -0.561123 0.074992 0.171175 0.806360
1649856231.742188 -16.635594 -12.650385 7.407979 -0.564666 0.074789 0.173768 0.803345
1649856231.767186 -16.792546 -13.049487 7.614517 -0.568171 0.074559 0.176355 0.800326
1649856231.792185 -16.948937 -13.454457 7.825165 -0.571657 0.074326 0.178952 0.797283
1649856231.817183 -17.092738 -13.867951 8.041179 -0.574863 0.073266 0.183134 0.794120
1649856231.842182 -17.247162 -14.284683 8.260233 -0.578340 0.073022 0.185722 0.791010
1649856231.867180 -17.400916 -14.707311 8.483540 -0.581776 0.072759 0.188288 0.787903
1649856231.892179 -17.553707 -15.135337 8.710672 -0.585167 0.072512 0.190907 0.784778
1649856231.917177 -17.690610 -15.591212 8.948339 -0.588494 0.072349 0.194977 0.781296
1649856231.942176 -17.841469 -16.032210 9.184844 -0.591874 0.072114 0.197538 0.778116
1649856231.967174 -18.016357 -16.473451 9.455204 -0.598643 0.071324 0.196449 0.773271
1649856231.992172 -18.166606 -16.926685 9.702072 -0.602028 0.071114 0.198970 0.770011
1649856232.017171 -18.304095 -17.395659 9.955710 -0.605037 0.070334 0.202934 0.766682
1649856232.042169 -18.451902 -17.861038 10.211876 -0.608361 0.070082 0.205465 0.763394
1649856232.067168 -18.600187 -18.332041 10.473896 -0.611808 0.069817 0.207763 0.760034
1649856232.092166 -18.745757 -18.807936 10.739066 -0.615065 0.069514 0.210369 0.756708
1649856232.117165 -18.885608 -19.293483 11.015209 -0.618691 0.068884 0.213440 0.752941
1649856232.142163 -19.029164 -19.782898 11.290706 -0.621960 0.068630 0.215916 0.749557
1649856232.167162 -19.171641 -20.278317 11.571089 -0.625188 0.068381 0.218413 0.746163
1649856232.192160 -19.313002 -20.779732 11.856399 -0.628410 0.068117 0.220895 0.742742
1649856232.217158 -19.439308 -21.283999 12.156533 -0.632063 0.066420 0.225203 0.738491
1649856232.242157 -19.577314 -21.797336 12.452315 -0.635246 0.066153 0.227681 0.735015
1649856232.267155 -19.714073 -22.316671 12.753174 -0.638404 0.065857 0.230167 0.731524
1649856232.292154 -19.849557 -22.842017 13.059157 -0.641555 0.065592 0.232633 0.728002
1649856232.317152 -19.971997 -23.374415 13.373459 -0.644586 0.064606 0.236649 0.724108
1649856232.342151 -20.104083 -23.911735 13.689951 -0.647707 0.064314 0.239107 0.720532
1649856232.367149 -20.234776 -24.455057 14.011715 -0.650793 0.064043 0.241545 0.716954
1649856232.392148 -20.364041 -25.004379 14.338804 -0.653862 0.063775 0.243986 0.713350
1649856232.417146 -20.476235 -25.556909 14.672323 -0.656507 0.062483 0.248663 0.709410
1649856232.442144 -20.601554 -26.118001 15.010181 -0.659528 0.062163 0.251108 0.705765
1649856232.467143 -20.729650 -26.684050 15.357366 -0.662973 0.061681 0.252951 0.701910
1649856232.492141 -20.851664 -27.252938 15.703901 -0.665826 0.061352 0.255532 0.698295
1649856232.517140 -20.972056 -27.830726 16.065161 -0.669480 0.060869 0.257780 0.694004
1649856232.542138 -21.091018 -28.415639 16.425567 -0.672437 0.060582 0.260168 0.690269
1649856232.567137 -21.222782 -29.001189 16.799527 -0.676401 0.059745 0.260683 0.686262
1649856232.592135 -21.338913 -29.598031 17.171748 -0.679329 0.059437 0.263043 0.682487
1649856232.617134 -21.452668 -30.198156 17.552342 -0.682415 0.058798 0.265556 0.678478
1649856232.642132 -21.565155 -30.806823 17.936285 -0.685315 0.058488 0.267898 0.674650
1649856232.667130 -21.680498 -31.419818 18.328820 -0.688544 0.058026 0.269617 0.670706
1649856232.692129 -21.789435 -32.039623 18.723758 -0.691315 0.057721 0.272000 0.666909
1649856232.717127 -21.896528 -32.666032 19.125575 -0.694134 0.057440 0.274335 0.663038
1649856232.742126 -22.001689 -33.298342 19.533408 -0.696950 0.057150 0.276650 0.659136
1649856232.767124 -22.108632 -33.935172 19.949095 -0.699996 0.056743 0.278464 0.655166
1649856232.792123 -22.210005 -34.579067 20.368849 -0.702748 0.056413 0.280785 0.651247
1649856232.817121 -22.300718 -35.221309 20.795034 -0.704892 0.054700 0.284909 0.647272
1649856232.842120 -22.397240 -35.876642 21.227346 -0.707604 0.054354 0.287221 0.643308
1649856232.867118 -22.491641 -36.537800 21.665898 -0.710317 0.054032 0.289493 0.639315
1649856232.892117 -22.583882 -37.204775 22.110734 -0.712994 0.053700 0.291782 0.635310
1649856232.917115 -22.672941 -37.877237 22.561971 -0.715611 0.053277 0.294221 0.631266
1649856232.942113 -22.760686 -38.555763 23.019509 -0.718253 0.052928 0.296484 0.627223
1649856232.967112 -22.846174 -39.240059 23.483471 -0.720881 0.052592 0.298731 0.623157
1649856232.992110 -22.928287 -39.929495 23.950793 -0.723188 0.052332 0.301213 0.619299
