# timestamp tx ty tz qx qy qz qw
1649856227.767436 0.006302 -0.031130 0.019351 0.022268 0.021302 -0.000191 0.999525
1649856227.842431 0.007662 -0.030819 0.017836 0.022416 0.021286 0.000741 0.999522
1649856227.867430 -0.022584 -0.019328 0.035608 0.021166 0.020518 -0.008459 0.999530
1649856227.892428 -0.010656 -0.015833 0.016772 0.012121 0.014104 -0.006251 0.999808
1649856227.917427 -0.006526 -0.016211 0.012474 0.014471 0.012889 -0.003245 0.999807
1649856227.942425 -0.006946 -0.014781 0.011769 0.014525 0.012862 -0.002962 0.999807
1649856227.967423 -0.007950 -0.013644 0.016016 0.014029 0.012969 -0.002885 0.999813
1649856227.992422 -0.002348 -0.005569 0.015786 0.011660 0.014212 -0.002612 0.999828
1649856228.017420 0.001397 -0.011652 0.013747 0.012816 0.015258 -0.001255 0.999801
1649856228.042419 0.000554 -0.010289 0.014358 0.012831 0.015538 -0.001166 0.999796
1649856228.067417 0.000186 -0.009131 0.016424 0.012149 0.015469 -0.001241 0.999806
1649856228.092416 -0.000686 -0.006910 0.016557 0.012217 0.014556 -0.001338 0.999819
1649856228.117414 -0.002615 -0.008054 0.016075 0.012148 0.014378 -0.001225 0.999822
1649856228.142413 -0.004007 -0.006766 0.016526 0.012053 0.014410 -0.001165 0.999823
1649856228.167411 -0.005519 -0.005181 0.017588 0.011767 0.014325 -0.001131 0.999828
1649856228.192410 -0.007990 -0.002233 0.018762 0.011469 0.013354 -0.001997 0.999843
1649856228.217408 -0.011565 -0.003236 0.018604 0.011228 0.012246 -0.002732 0.999858
1649856228.242407 -0.013111 -0.002172 0.019307 0.011205 0.012165 -0.002679 0.999860
1649856228.267405 -0.014506 -0.000901 0.020642 0.010953 0.011874 -0.002608 0.999866
1649856228.292403 -0.017756 0.002064 0.022839 0.010203 0.010807 -0.004047 0.999881
1649856228.317402 -0.019445 -0.000111 0.022765 0.010570 0.009613 -0.004641 0.999887
1649856228.342400 -0.020231 0.000781 0.023703 0.010631 0.009587 -0.004589 0.999887
1649856228.367399 -0.020788 0.001342 0.025527 0.010578 0.009416 -0.004468 0.999890
1649856228.392397 -0.017861 0.000759 0.024994 0.010705 0.009821 -0.004205 0.999886
1649856228.417396 -0.015181 -0.004191 0.022975 0.011177 0.010129 -0.004069 0.999878
1649856228.442394 -0.014982 -0.003799 0.023351 0.011267 0.010125 -0.003980 0.999877
1649856228.467393 -0.015071 -0.003184 0.023405 0.011365 0.010176 -0.003911 0.999876
1649856228.492391 -0.013585 -0.002781 0.022654 0.011387 0.010448 -0.003911 0.999873
1649856228.517390 -0.011870 -0.005615 0.021489 0.011598 0.010842 -0.003506 0.999868
1649856228.542388 -0.011893 -0.005069 0.021623 0.011654 0.010900 -0.003429 0.999867
1649856228.567386 -0.012101 -0.004316 0.021590 0.011574 0.010888 -0.003511 0.999868
1649856228.592385 -0.011970 -0.003727 0.020380 0.011510 0.011465 -0.003445 0.999862
1649856228.617383 -0.012456 -0.002997 0.022967 0.011089 0.011298 -0.003177 0.999870
1649856228.642382 -0.012995 -0.002030 0.023152 0.011163 0.011348 -0.003122 0.999868
1649856228.667380 -0.013632 -0.000603 0.023155 0.011083 0.011172 -0.003416 0.999870
1649856228.692379 -0.013736 0.000507 0.023193 0.010869 0.011473 -0.003364 0.999869
1649856228.717377 -0.013819 -0.000268 0.022208 0.010742 0.010982 -0.003348 0.999876
1649856228.742376 -0.014656 0.000744 0.022191 0.010805 0.011024 -0.003295 0.999875
1649856228.767374 -0.015358 0.001797 0.022245 0.010759 0.010878 -0.003479 0.999877
1649856228.792373 -0.014575 0.002729 0.022126 0.010771 0.011074 -0.003387 0.999875
1649856228.817371 -0.014591 -0.000297 0.020664 0.010875 0.010909 -0.003570 0.999875
1649856228.842370 -0.015572 0.000557 0.020479 0.010932 0.010954 -0.003520 0.999874
1649856228.867368 -0.016563 0.001321 0.020882 0.010886 0.011031 -0.003426 0.999874
1649856228.892366 -0.015114 0.001852 0.020691 0.010928 0.011138 -0.003416 0.999872
1649856228.917365 -0.014874 -0.000782 0.019972 0.011000 0.011024 -0.003569 0.999872
1649856228.942363 -0.015925 0.000049 0.019806 0.011057 0.011069 -0.003508 0.999871
1649856228.967362 -0.016816 0.000688 0.020609 0.010945 0.011087 -0.003411 0.999873
1649856228.992360 -0.015154 0.001542 0.020617 0.010971 0.011198 -0.003389 0.999871
1649856229.017359 -0.015017 -0.002495 0.022511 0.010879 0.011022 -0.003557 0.999874
1649856229.042357 -0.016041 -0.001802 0.022641 0.010937 0.011065 -0.003509 0.999873
1649856229.067356 -0.017372 -0.000710 0.022524 0.010759 0.010837 -0.003825 0.999876
1649856229.092354 -0.016545 0.000368 0.022724 0.010771 0.010914 -0.003749 0.999875
1649856229.117352 -0.016947 -0.000081 0.022240 0.010761 0.010834 -0.003838 0.999876
1649856229.142351 -0.018078 0.000865 0.022271 0.010811 0.010864 -0.003774 0.999875
1649856229.167349 -0.018590 -0.001334 0.023735 0.010823 0.010718 -0.004019 0.999876
1649856229.192348 -0.017516 -0.000052 0.024083 0.010783 0.010781 -0.004055 0.999876
1649856229.217346 -0.017789 -0.000188 0.023513 0.010700 0.010666 -0.004001 0.999878
1649856229.242345 -0.018891 0.000648 0.023648 0.010738 0.010693 -0.003956 0.999877
1649856229.267343 -0.019968 0.001549 0.023979 0.010743 0.010747 -0.003877 0.999877
1649856229.292342 -0.018217 0.002119 0.023988 0.010722 0.010911 -0.003715 0.999876
1649856229.317340 -0.017565 -0.001170 0.023978 0.010691 0.010791 -0.003824 0.999877
1649856229.342339 -0.018573 -0.000518 0.024109 0.010741 0.010811 -0.003743 0.999877
1649856229.367337 -0.019820 0.000229 0.024261 0.010771 0.010843 -0.003692 0.999876
1649856229.392335 -0.018931 0.001785 0.024646 0.010681 0.010877 -0.003821 0.999876
1649856229.417334 -0.019359 0.001381 0.024540 0.010446 0.010831 -0.004108 0.999878
1649856229.442333 -0.020464 0.002187 0.024631 0.010483 0.010886 -0.004028 0.999878
1649856229.467331 -0.021721 0.003145 0.024627 0.010462 0.010737 -0.004324 0.999878
1649856229.492329 -0.020066 0.004017 0.024865 0.010495 0.010742 -0.004216 0.999878
1649856229.517328 -0.020201 0.002424 0.024484 0.010488 0.010795 -0.004174 0.999878
1649856229.567325 -0.022425 0.004018 0.024927 0.010532 0.010843 -0.004049 0.999878
1649856229.592323 -0.020469 0.004669 0.024600 0.010529 0.010984 -0.004160 0.999876
1649856229.617322 -0.020035 0.002746 0.024378 0.010437 0.010831 -0.004174 0.999878
1649856229.642320 -0.021049 0.003583 0.024369 0.010464 0.010873 -0.004097 0.999878
1649856229.667319 -0.021895 0.004428 0.024530 0.010471 0.010775 -0.004393 0.999877
1649856229.692317 -0.020249 0.005087 0.024567 0.010447 0.010905 -0.004323 0.999877
1649856229.717315 -0.019714 0.003175 0.024047 0.010523 0.010631 -0.004289 0.999879
1649856229.742314 -0.020704 0.004033 0.023997 0.010566 0.010657 -0.004240 0.999878
1649856229.767312 -0.021379 0.004550 0.024559 0.010551 0.010626 -0.004395 0.999878
1649856229.792311 -0.019696 0.004965 0.024190 0.010550 0.010741 -0.004320 0.999877
1649856229.817309 -0.019695 0.002572 0.024131 0.010567 0.010741 -0.004218 0.999878
1649856229.842308 -0.020662 0.003353 0.024117 0.010603 0.010769 -0.004160 0.999877
1649856229.867306 -0.021586 0.004140 0.024251 0.010599 0.010806 -0.004108 0.999877
1649856229.892305 -0.020533 0.005310 0.024526 0.010467 0.010907 -0.004322 0.999876
1649856229.917303 -0.020575 0.004017 0.024598 0.010377 0.010718 -0.004296 0.999879
1649856229.942302 -0.021619 0.004889 0.024585 0.010412 0.010747 -0.004262 0.999879
1649856229.967300 -0.022568 0.005764 0.024765 0.010383 0.010807 -0.004182 0.999879
1649856229.992299 -0.021216 0.006725 0.024747 0.010325 0.010860 -0.004308 0.999878
1649856230.017297 -0.020668 0.004759 0.024500 0.010376 0.010873 -0.004241 0.999878
1649856230.042295 -0.021679 0.005633 0.024455 0.010402 0.010893 -0.004193 0.999878
1649856230.067294 -0.022879 0.006374 0.024796 0.010348 0.010941 -0.004186 0.999878
1649856230.092292 -0.020396 0.006853 0.024441 0.010443 0.010905 -0.004126 0.999877
1649856230.117291 -0.019884 0.004377 0.023936 0.010476 0.010923 -0.004156 0.999877
1649856230.142289 -0.020839 0.005170 0.023884 0.010511 0.010932 -0.004133 0.999876
1649856230.167288 -0.021711 0.005899 0.024381 0.010460 0.010982 -0.004064 0.999877
1649856230.192286 -0.019791 0.006566 0.023988 0.010476 0.011029 -0.003999 0.999876
1649856230.217285 -0.019807 0.004223 0.023514 0.010455 0.011011 -0.004200 0.999876
1649856230.242283 -0.020806 0.005039 0.023454 0.010479 0.011075 -0.004173 0.999875
1649856230.267280 -0.021728 0.005486 0.024073 0.010455 0.011047 -0.004128 0.999876
1649856230.292278 -0.020157 0.006580 0.024297 0.010450 0.011068 -0.004177 0.999875
1649856230.317277 -0.020479 0.005432 0.024674 0.010414 0.010982 -0.004196 0.999877
1649856230.342275 -0.021564 0.006388 0.024766 0.010447 0.011031 -0.004167 0.999876
1649856230.367274 -0.022475 0.007421 0.025124 0.010384 0.011115 -0.004235 0.999875
1649856230.392272 -0.020560 0.008348 0.025219 0.010433 0.011060 -0.004225 0.999875
1649856230.417270 -0.021061 0.006641 0.025578 0.010259 0.010968 -0.004196 0.999878
1649856230.442269 -0.022200 0.007635 0.025732 0.010291 0.010987 -0.004165 0.999878
1649856230.467267 -0.023134 0.008410 0.025930 0.010303 0.011007 -0.004102 0.999878
1649856230.492266 -0.021772 0.010362 0.026135 0.010416 0.010957 -0.004155 0.999877
1649856230.517264 -0.022126 0.010656 0.025562 0.010324 0.010734 -0.004199 0.999880
1649856230.542263 -0.023320 0.011903 0.025669 0.010383 0.010740 -0.004171 0.999880
1649856230.567261 -0.024221 0.013127 0.026137 0.010336 0.010779 -0.004084 0.999880
1649856230.592259 -0.022575 0.014369 0.026430 0.010331 0.010762 -0.004288 0.999880
1649856230.617258 -0.023470 0.014511 0.026622 0.009986 0.010755 -0.004222 0.999883
1649856230.642256 -0.024743 0.015892 0.026805 0.010002 0.010783 -0.004198 0.999883
1649856230.667255 -0.025866 0.017197 0.027615 0.009880 0.010906 -0.004106 0.999883
1649856230.692253 -0.024086 0.019333 0.028278 0.009925 0.010716 -0.004211 0.999884
1649856230.717252 -0.024524 0.018905 0.028050 0.009869 0.010254 -0.004189 0.999890
1649856230.742250 -0.025781 0.020327 0.028300 0.009900 0.010249 -0.004164 0.999890
1649856230.767249 -0.026556 0.021515 0.029748 0.009990 0.010681 -0.004044 0.999885
1649856230.792247 -0.024082 0.022137 0.030327 0.009954 0.010596 -0.004240 0.999885
1649856230.817245 -0.023900 0.019109 0.030111 0.009743 0.010348 -0.004165 0.999890
1649856230.842244 -0.025011 0.020061 0.030415 0.009774 0.010351 -0.004127 0.999890
1649856230.867242 -0.025743 0.020460 0.030637 0.009682 0.010581 -0.004082 0.999889
1649856230.892241 -0.024057 0.022283 0.030871 0.009596 0.010538 -0.004357 0.999889
1649856230.917239 -0.024781 0.021068 0.030498 0.009341 0.010328 -0.004719 0.999892
1649856230.942238 -0.025856 0.021951 0.030703 0.009357 0.010380 -0.004698 0.999891
1649856230.967236 -0.026715 0.022789 0.031401 0.009181 0.010540 -0.004552 0.999892
1649856230.992235 -0.024981 0.024393 0.031789 0.009144 0.010416 -0.004574 0.999893
1649856231.017233 -0.025521 0.023046 0.032084 0.008995 0.010099 -0.004641 0.999898
1649856231.042232 -0.026644 0.023815 0.032371 0.009008 0.010120 -0.004642 0.999897
1649856231.067230 -0.027506 0.024514 0.033007 0.008892 0.010207 -0.004518 0.999898
1649856231.092228 -0.025903 0.025483 0.033375 0.008839 0.010182 -0.004804 0.999898
1649856231.117227 -0.026705 0.022695 0.033074 0.008634 0.009922 -0.005062 0.999901
1649856231.142225 -0.027768 0.023203 0.033350 0.008660 0.009931 -0.005041 0.999900
1649856231.167224 -0.028687 0.023692 0.033879 0.008592 0.009994 -0.004954 0.999901
1649856231.192222 -0.026337 0.024910 0.034307 0.008626 0.009911 -0.005188 0.999900
1649856231.217221 -0.026712 0.022717 0.034514 0.008640 0.009954 -0.005120 0.999900
1649856231.242219 -0.027606 0.023151 0.034825 0.008653 0.009970 -0.005090 0.999900
1649856231.267217 -0.028497 0.023567 0.035161 0.008654 0.010007 -0.005020 0.999900
1649856231.292216 -0.026231 0.023705 0.035391 0.008710 0.009991 -0.005154 0.999899
1649856231.317214 -0.026527 0.020739 0.034090 0.008633 0.010080 -0.005005 0.999899
1649856231.342213 -0.027450 0.020973 0.034232 0.008657 0.010095 -0.004963 0.999899
1649856231.367211 -0.028309 0.021175 0.034024 0.008713 0.010161 -0.004935 0.999898
1649856231.392210 -0.026568 0.022245 0.034255 0.008772 0.010089 -0.004934 0.999898
1649856231.417208 -0.027378 0.021349 0.033449 0.008569 0.010089 -0.005314 0.999898
1649856231.442207 -0.028232 0.021744 0.033430 0.008604 0.010090 -0.005269 0.999898
1649856231.467205 -0.029096 0.022149 0.033524 0.008603 0.010109 -0.005187 0.999898
1649856231.492203 -0.026702 0.023243 0.033657 0.008774 0.009978 -0.005192 0.999898
1649856231.517202 -0.026435 0.021536 0.032218 0.008670 0.009999 -0.005217 0.999899
1649856231.542201 -0.027238 0.021939 0.032063 0.008685 0.010015 -0.005178 0.999899
1649856231.567199 -0.027989 0.022370 0.032136 0.008622 0.010076 -0.005098 0.999899
1649856231.592197 -0.025442 0.023623 0.032126 0.008771 0.009975 -0.005150 0.999899
1649856231.617196 -0.025624 0.021672 0.030893 0.008951 0.009876 -0.005150 0.999898
1649856231.642194 -0.027482 0.021845 0.030785 0.008886 0.010019 -0.005257 0.999897
1649856231.667193 -0.028384 0.022209 0.030826 0.008846 0.010037 -0.005210 0.999897
1649856231.692191 -0.027782 0.023109 0.030952 0.008963 0.009949 -0.005462 0.999895
1649856231.717190 -0.027643 0.021544 0.030520 0.008819 0.010094 -0.005549 0.999895
1649856231.742188 -0.028318 0.021880 0.030398 0.008828 0.010104 -0.005454 0.999895
1649856231.767186 -0.029187 0.022251 0.030606 0.008749 0.010177 -0.005392 0.999895
1649856231.792185 -0.028572 0.023206 0.030801 0.008867 0.010017 -0.005694 0.999894
1649856231.817183 -0.028630 0.020422 0.030512 0.008942 0.009810 -0.005665 0.999896
1649856231.842182 -0.028368 0.020683 0.030419 0.008966 0.009749 -0.005443 0.999897
1649856231.867180 -0.029044 0.020773 0.030821 0.008911 0.009763 -0.005415 0.999898
1649856231.892179 -0.028056 0.021010 0.031066 0.008937 0.009736 -0.005765 0.999896
1649856231.917177 -0.027340 0.016871 0.030840 0.009182 0.009971 -0.005466 0.999893
1649856231.942176 -0.026816 0.017050 0.030864 0.009219 0.009978 -0.005235 0.999894
1649856231.967174 -0.027327 0.017009 0.031046 0.009198 0.009984 -0.005216 0.999894
1649856231.992172 -0.026586 0.017143 0.030953 0.009181 0.010066 -0.005386 0.999893
1649856232.017171 -0.025955 0.013187 0.030825 0.009227 0.010255 -0.005227 0.999891
1649856232.042169 -0.025329 0.013451 0.030815 0.009267 0.010241 -0.004996 0.999892
1649856232.067168 -0.025800 0.013422 0.030796 0.009312 0.010257 -0.004971 0.999892
1649856232.092166 -0.024989 0.013569 0.030359 0.009319 0.010305 -0.005189 0.999890
1649856232.117165 -0.024440 0.010922 0.028842 0.009398 0.010466 -0.005007 0.999889
1649856232.142163 -0.024113 0.011304 0.028578 0.009429 0.010500 -0.004842 0.999889
1649856232.167162 -0.024584 0.011437 0.028564 0.009446 0.010498 -0.004795 0.999889
1649856232.192160 -0.024101 0.012723 0.028416 0.009361 0.010505 -0.004980 0.999889
1649856232.217158 -0.023348 0.010644 0.027441 0.009537 0.010711 -0.004887 0.999885
1649856232.242157 -0.023512 0.011119 0.027288 0.009553 0.010744 -0.004788 0.999885
1649856232.267155 -0.024027 0.011509 0.027326 0.009553 0.010712 -0.004742 0.999886
1649856232.292154 -0.023483 0.012282 0.027395 0.009638 0.010620 -0.004945 0.999885
1649856232.317152 -0.022970 0.010157 0.026654 0.009600 0.010734 -0.004705 0.999885
1649856232.342151 -0.023760 0.010857 0.026466 0.009591 0.010766 -0.004704 0.999885
1649856232.367149 -0.024434 0.011420 0.026702 0.009563 0.010775 -0.004661 0.999885
1649856232.392148 -0.023834 0.012072 0.026826 0.009624 0.010655 -0.004908 0.999885
1649856232.417146 -0.023752 0.010690 0.025976 0.009797 0.010668 -0.004925 0.999883
1649856232.442144 -0.024277 0.011559 0.025853 0.009809 0.010668 -0.004857 0.999883
1649856232.467143 -0.025021 0.012270 0.026101 0.009744 0.010702 -0.004784 0.999884
1649856232.492141 -0.024536 0.013103 0.026177 0.009771 0.010597 -0.004958 0.999884
1649856232.517140 -0.024615 0.013002 0.024525 0.009913 0.010629 -0.004955 0.999882
1649856232.542138 -0.025317 0.013983 0.024397 0.009909 0.010696 -0.004888 0.999882
1649856232.567137 -0.026089 0.014865 0.024879 0.009771 0.010800 -0.004819 0.999882
1649856232.592135 -0.025574 0.015950 0.025306 0.009804 0.010678 -0.005057 0.999882
1649856232.617134 -0.025229 0.013722 0.024469 0.009981 0.010493 -0.005037 0.999882
1649856232.642132 -0.025619 0.014589 0.024399 0.009977 0.010528 -0.004937 0.999883
1649856232.667130 -0.026270 0.015115 0.025402 0.009840 0.010555 -0.004860 0.999884
1649856232.692129 -0.025548 0.015954 0.026029 0.009842 0.010461 -0.005169 0.999883
1649856232.717127 -0.026319 0.017662 0.026031 0.009629 0.010244 -0.005113 0.999888
1649856232.767124 -0.024557 0.018002 0.030460 0.008423 0.010719 -0.004116 0.999899
1649856232.792123 -0.024356 0.019258 0.030765 0.008277 0.011054 -0.004402 0.999895
1649856232.817121 -0.024728 0.018972 0.030968 0.008906 0.010750 -0.004879 0.999891
1649856232.842120 -0.026032 0.019469 0.031536 0.008937 0.010722 -0.004968 0.999890
1649856232.867118 -0.026864 0.020270 0.032155 0.008936 0.010739 -0.004939 0.999890
1649856232.892117 -0.026444 0.020944 0.032422 0.008833 0.010767 -0.005339 0.999889
1649856232.917115 -0.026193 0.017745 0.031664 0.009019 0.010307 -0.005476 0.999891
1649856232.942113 -0.026588 0.018093 0.031996 0.009054 0.010289 -0.005392 0.999892
1649856232.967112 -0.027326 0.018465 0.032544 0.009045 0.010298 -0.005359 0.999892
1649856232.992110 -0.026455 0.018623 0.032163 0.008901 0.010464 -0.005713 0.999889
1649856233.017109 -0.025951 0.015214 0.031138 0.009161 0.010318 -0.005379 0.999890
1649856233.042107 -0.025999 0.015605 0.031128 0.009206 0.010330 -0.005247 0.999891
1649856233.067106 -0.026646 0.015783 0.031315 0.009191 0.010386 -0.005183 0.999890
1649856233.092104 -0.025982 0.016175 0.031015 0.009176 0.010630 -0.005277 0.999887
1649856233.117103 -0.026229 0.016370 0.030213 0.009235 0.010425 -0.005351 0.999889
1649856233.142101 -0.026359 0.017089 0.030305 0.009227 0.010462 -0.005214 0.999889
1649856233.167099 -0.027082 0.017819 0.030556 0.009179 0.010499 -0.005164 0.999889
1649856233.192098 -0.026841 0.019387 0.030891 0.008934 0.010474 -0.005474 0.999890
1649856233.217096 -0.027792 0.019873 0.030811 0.008912 0.010211 -0.005896 0.999891
1649856233.242095 -0.027959 0.020685 0.030831 0.008919 0.010152 -0.005725 0.999892
1649856233.267093 -0.028740 0.021446 0.031146 0.008895 0.010137 -0.005674 0.999893
1649856233.292092 -0.028090 0.022133 0.031324 0.008886 0.010076 -0.005947 0.999892
1649856233.317090 -0.028518 0.021519 0.029485 0.008898 0.010411 -0.006171 0.999887
1649856233.342089 -0.028461 0.022279 0.029342 0.008894 0.010382 -0.005923 0.999889
1649856233.367087 -0.029190 0.023081 0.029514 0.008777 0.010463 -0.005802 0.999890
1649856233.392085 -0.028585 0.024966 0.029628 0.008779 0.010456 -0.006141 0.999888
1649856233.417084 -0.029605 0.025444 0.029485 0.008813 0.010334 -0.006242 0.999888
1649856233.442082 -0.030065 0.026373 0.029533 0.008801 0.010325 -0.006075 0.999890
1649856233.467081 -0.030899 0.027359 0.030019 0.008672 0.010486 -0.005990 0.999889
1649856233.492079 -0.030200 0.029181 0.030533 0.008698 0.010410 -0.006456 0.999887
1649856233.517078 -0.030805 0.027661 0.031151 0.008526 0.010650 -0.006771 0.999884
1649856233.542076 -0.030788 0.028176 0.031478 0.008531 0.010559 -0.006530 0.999887
1649856233.567075 -0.031448 0.028580 0.032391 0.008367 0.010644 -0.006464 0.999887
1649856233.592073 -0.030604 0.028927 0.032729 0.008261 0.010486 -0.006581 0.999889
1649856233.617071 -0.031092 0.026372 0.032002 0.008056 0.010168 -0.006209 0.999897
1649856233.642070 -0.031029 0.026698 0.032337 0.008058 0.010124 -0.005952 0.999899
1649856233.667068 -0.031746 0.027022 0.032925 0.007932 0.010149 -0.005829 0.999900
1649856233.692067 -0.030595 0.027726 0.033292 0.007954 0.010068 -0.006381 0.999897
1649856233.717065 -0.031156 0.026128 0.032541 0.008352 0.010041 -0.006092 0.999896
1649856233.742064 -0.030832 0.026432 0.032907 0.008344 0.010028 -0.005851 0.999898
1649856233.767062 -0.031320 0.026970 0.033220 0.008204 0.009906 -0.006108 0.999899
1649856233.792061 -0.030356 0.027294 0.033648 0.008203 0.010007 -0.006115 0.999898
1649856233.817059 -0.030132 0.024539 0.033157 0.008484 0.009823 -0.005996 0.999898
1649856233.842057 -0.029537 0.024565 0.033521 0.008457 0.009785 -0.005745 0.999900
1649856233.867056 -0.029934 0.024551 0.034038 0.008427 0.009779 -0.005700 0.999900
1649856233.892054 -0.028671 0.023721 0.033744 0.008242 0.009947 -0.005971 0.999899
1649856233.917053 -0.027250 0.021120 0.030855 0.008664 0.010143 -0.005531 0.999896
1649856233.942051 -0.027745 0.020965 0.030881 0.008649 0.010201 -0.005496 0.999895
1649856233.967050 -0.028158 0.020899 0.031058 0.008581 0.010292 -0.005447 0.999895
1649856233.992048 -0.027154 0.021048 0.031190 0.008587 0.010249 -0.005776 0.999894
1649856234.017047 -0.026838 0.019745 0.029893 0.008696 0.010257 -0.005361 0.999895
1649856234.042045 -0.027321 0.019628 0.029764 0.008681 0.010301 -0.005341 0.999895
1649856234.067044 -0.027755 0.019569 0.029845 0.008604 0.010355 -0.005257 0.999896
1649856234.092042 -0.026620 0.019486 0.030031 0.008740 0.010230 -0.005648 0.999894
1649856234.117040 -0.026267 0.017584 0.029799 0.009045 0.010180 -0.005344 0.999893
1649856234.142039 -0.026433 0.017417 0.029651 0.009068 0.010177 -0.005263 0.999893
1649856234.167037 -0.026822 0.017245 0.029893 0.009018 0.010180 -0.005213 0.999894
1649856234.192036 -0.025824 0.016647 0.029748 0.009063 0.010175 -0.005470 0.999892
1649856234.217034 -0.025961 0.016369 0.027600 0.009166 0.010246 -0.005141 0.999892
1649856234.242033 -0.026167 0.016551 0.027407 0.009177 0.010245 -0.005038 0.999893
1649856234.267031 -0.026702 0.016777 0.027410 0.009093 0.010351 -0.004987 0.999893
1649856234.292030 -0.026055 0.017969 0.027555 0.009087 0.010325 -0.005318 0.999891
1649856234.317028 -0.026478 0.017781 0.027260 0.009155 0.010216 -0.005179 0.999892
1649856234.342026 -0.026858 0.018209 0.027184 0.009181 0.010218 -0.005087 0.999893
1649856234.367025 -0.027462 0.018626 0.027440 0.009101 0.010292 -0.005011 0.999893
1649856234.392023 -0.026667 0.019212 0.027849 0.009163 0.010217 -0.005356 0.999891
1649856234.417022 -0.026656 0.017366 0.027813 0.009259 0.010010 -0.005379 0.999893
1649856234.442020 -0.026618 0.017715 0.027886 0.009258 0.010030 -0.005218 0.999893
1649856234.467019 -0.027132 0.017943 0.028516 0.009180 0.010087 -0.005163 0.999894
1649856234.492017 -0.026431 0.018194 0.028901 0.009177 0.010173 -0.005073 0.999893
1649856234.517015 -0.025394 0.014837 0.028242 0.009209 0.010268 -0.005165 0.999892
1649856234.542014 -0.025326 0.015129 0.028235 0.009228 0.010282 -0.005031 0.999892
1649856234.567012 -0.025789 0.015305 0.028676 0.009169 0.010252 -0.004985 0.999893
1649856234.592011 -0.024895 0.015209 0.028455 0.009149 0.010275 -0.005225 0.999892
1649856234.617009 -0.025352 0.014779 0.028432 0.009145 0.010128 -0.005145 0.999894
1649856234.642008 -0.025565 0.015224 0.028521 0.009148 0.010149 -0.005044 0.999894
1649856234.667006 -0.026143 0.015722 0.028877 0.009083 0.010171 -0.005017 0.999894
1649856234.692005 -0.025621 0.016393 0.028791 0.008878 0.010162 -0.005189 0.999895
1649856234.717003 -0.026000 0.016819 0.028070 0.009046 0.010236 -0.005261 0.999893
1649856234.742002 -0.026352 0.017502 0.028121 0.009057 0.010240 -0.005144 0.999893
1649856234.767000 -0.026785 0.018433 0.028441 0.008983 0.010302 -0.005187 0.999893
1649856234.791999 -0.026386 0.019125 0.028472 0.008883 0.010152 -0.005393 0.999894
1649856234.816997 -0.026147 0.017501 0.028482 0.008990 0.010043 -0.005598 0.999893
1649856234.841995 -0.026297 0.017989 0.028586 0.008990 0.010049 -0.005448 0.999894
1649856234.866994 -0.026877 0.018439 0.029054 0.008928 0.010066 -0.005406 0.999895
1649856234.891992 -0.026342 0.018362 0.029051 0.008858 0.009972 -0.005525 0.999896
1649856234.916991 -0.026547 0.018098 0.027624 0.009036 0.010213 -0.005624 0.999891
1649856234.941989 -0.026838 0.018719 0.027657 0.009039 0.010207 -0.005462 0.999892
1649856234.966988 -0.027301 0.019585 0.028182 0.008916 0.010349 -0.005524 0.999891
1649856234.991986 -0.026884 0.020312 0.028401 0.008879 0.010201 -0.005647 0.999893
1649856235.016984 -0.027038 0.019338 0.028593 0.008986 0.010142 -0.005864 0.999891
1649856235.041983 -0.027217 0.019808 0.028723 0.008982 0.010120 -0.005720 0.999892
1649856235.066981 -0.027794 0.020215 0.029354 0.008889 0.010118 -0.005655 0.999893
1649856235.091980 -0.027129 0.020153 0.029522 0.008844 0.009941 -0.005776 0.999895
1649856235.116978 -0.027377 0.019367 0.028347 0.009040 0.010170 -0.005775 0.999891
1649856235.141977 -0.027453 0.019914 0.028406 0.009045 0.010119 -0.005584 0.999892
1649856235.166975 -0.027912 0.020733 0.028908 0.008915 0.010201 -0.005620 0.999892
1649856235.191973 -0.027363 0.021113 0.028936 0.008761 0.010047 -0.005785 0.999894
1649856235.241970 -0.027805 0.019406 0.028729 0.009012 0.010022 -0.005809 0.999892
1649856235.266969 -0.028137 0.019807 0.029178 0.008922 0.009877 -0.005690 0.999895
1649856235.291967 -0.026553 0.019662 0.029031 0.008863 0.009764 -0.005592 0.999897
1649856235.316966 -0.025886 0.016777 0.028638 0.009000 0.009753 -0.005616 0.999896
1649856235.341964 -0.025762 0.016993 0.028693 0.009024 0.009738 -0.005445 0.999897
1649856235.366963 -0.026076 0.017468 0.029179 0.008940 0.009795 -0.005496 0.999897
1649856235.391961 -0.025404 0.016958 0.028995 0.008864 0.009795 -0.005553 0.999897
1649856235.416960 -0.024549 0.014389 0.027872 0.009067 0.009872 -0.005499 0.999895
1649856235.441958 -0.024694 0.014444 0.027880 0.009068 0.009897 -0.005410 0.999895
1649856235.466956 -0.025207 0.014600 0.028137 0.009025 0.009885 -0.005394 0.999896
1649856235.491955 -0.024829 0.014836 0.028150 0.008996 0.009827 -0.005369 0.999897
1649856235.516953 -0.024446 0.012813 0.027176 0.009275 0.010049 -0.005310 0.999892
1649856235.541952 -0.024644 0.013063 0.027165 0.009258 0.010095 -0.005199 0.999893
1649856235.566950 -0.025109 0.013564 0.027491 0.009231 0.010099 -0.005225 0.999893
1649856235.591949 -0.024543 0.013208 0.027151 0.009163 0.010105 -0.005369 0.999893
1649856235.616947 -0.024159 0.012037 0.027086 0.009390 0.010190 -0.005240 0.999890
1649856235.641946 -0.024665 0.012458 0.027052 0.009383 0.010189 -0.005169 0.999891
1649856235.666944 -0.025309 0.012820 0.027455 0.009334 0.010167 -0.005145 0.999892
1649856235.691942 -0.024895 0.012938 0.027494 0.009346 0.010102 -0.005163 0.999892
1649856235.716941 -0.024909 0.011870 0.027511 0.009389 0.010107 -0.005185 0.999891
1649856235.741939 -0.024969 0.012613 0.027422 0.009427 0.010107 -0.005019 0.999892
1649856235.766938 -0.025657 0.013162 0.027793 0.009395 0.010069 -0.004983 0.999893
1649856235.791936 -0.025024 0.013220 0.027727 0.009416 0.010011 -0.005165 0.999892
1649856235.816935 -0.025225 0.012761 0.027449 0.009392 0.010083 -0.005078 0.999892
1649856235.841933 -0.025462 0.013544 0.027497 0.009410 0.010097 -0.004951 0.999892
1649856235.866932 -0.025968 0.014701 0.028139 0.009299 0.010156 -0.005070 0.999892
1649856235.891930 -0.025550 0.015383 0.028352 0.009227 0.010064 -0.005146 0.999894
1649856235.916929 -0.026366 0.017021 0.027843 0.009159 0.010046 -0.005329 0.999893
1649856235.941927 -0.027045 0.018192 0.027967 0.009176 0.010033 -0.005267 0.999894
1649856235.966925 -0.027736 0.019285 0.027888 0.009068 0.010206 -0.005271 0.999893
1649856235.991924 -0.027340 0.021066 0.028149 0.008955 0.010113 -0.005488 0.999894
1649856236.016922 -0.027639 0.020826 0.028192 0.008968 0.010078 -0.005749 0.999892
1649856236.041921 -0.028238 0.021841 0.028432 0.008952 0.010071 -0.005668 0.999893
1649856236.066919 -0.028986 0.022857 0.029075 0.008859 0.010109 -0.005591 0.999894
1649856236.091918 -0.028198 0.023358 0.029350 0.008796 0.010010 -0.005865 0.999894
1649856236.116916 -0.027740 0.020046 0.028874 0.008925 0.010075 -0.005997 0.999891
1649856236.141915 -0.027945 0.020470 0.029117 0.008898 0.010072 -0.005847 0.999893
1649856236.166913 -0.028569 0.020960 0.029722 0.008817 0.010045 -0.005801 0.999894
1649856236.191911 -0.027668 0.020548 0.029846 0.008793 0.009973 -0.005965 0.999894
1649856236.216910 -0.028238 0.019407 0.028608 0.008847 0.010063 -0.005924 0.999893
1649856236.241908 -0.028063 0.019965 0.028723 0.008837 0.010028 -0.005674 0.999895
1649856236.266909 -0.028696 0.020528 0.029145 0.008761 0.010034 -0.005631 0.999895
1649856236.291907 -0.027992 0.020854 0.029417 0.008776 0.009894 -0.005834 0.999896
1649856236.316906 -0.028809 0.020133 0.028311 0.008836 0.009710 -0.006000 0.999896
1649856236.341904 -0.028530 0.020778 0.028289 0.008847 0.009581 -0.005750 0.999898
1649856236.366903 -0.029123 0.021210 0.028329 0.008777 0.009755 -0.005670 0.999898
1649856236.391901 -0.028470 0.022489 0.028643 0.008777 0.009675 -0.006004 0.999897
1649856236.416899 -0.029570 0.021895 0.028331 0.008845 0.009720 -0.006183 0.999895
1649856236.441898 -0.029322 0.022588 0.028401 0.008840 0.009626 -0.005926 0.999897
1649856236.466896 -0.029963 0.023307 0.028891 0.008706 0.009725 -0.005841 0.999898
1649856236.491895 -0.029144 0.024624 0.029343 0.008687 0.009691 -0.006158 0.999896
1649856236.516893 -0.029104 0.022622 0.028839 0.008863 0.009763 -0.006160 0.999894
1649856236.541892 -0.028911 0.023194 0.029005 0.008861 0.009705 -0.005943 0.999896
1649856236.566890 -0.029447 0.023777 0.029571 0.008717 0.009783 -0.005832 0.999897
1649856236.591889 -0.028957 0.025013 0.029993 0.008792 0.009642 -0.005987 0.999897
1649856236.616887 -0.030366 0.024492 0.029918 0.008658 0.009410 -0.006101 0.999900
1649856236.641886 -0.030274 0.025098 0.030147 0.008668 0.009280 -0.005873 0.999902
1649856236.666884 -0.030922 0.025740 0.030714 0.008573 0.009359 -0.005809 0.999903
1649856236.691882 -0.030401 0.027060 0.031156 0.008435 0.009290 -0.005992 0.999903
1649856236.716881 -0.031367 0.025882 0.030981 0.008398 0.009088 -0.006394 0.999903
1649856236.741879 -0.030748 0.026314 0.031113 0.008424 0.008934 -0.006116 0.999906
1649856236.766878 -0.031156 0.026701 0.031742 0.008345 0.008964 -0.006058 0.999907
1649856236.791876 -0.030064 0.026902 0.031937 0.008168 0.008972 -0.006325 0.999906
1649856236.816875 -0.030394 0.025039 0.031200 0.008483 0.009055 -0.006028 0.999905
1649856236.841873 -0.029896 0.025337 0.031374 0.008505 0.009021 -0.005798 0.999906
1649856236.866872 -0.030286 0.025707 0.031771 0.008456 0.009063 -0.005744 0.999907
1649856236.891870 -0.029591 0.026656 0.032133 0.008191 0.009168 -0.005957 0.999907
1649856236.916868 -0.030180 0.025842 0.032106 0.008351 0.009338 -0.005887 0.999904
1649856236.941867 -0.030196 0.026117 0.032423 0.008335 0.009343 -0.005753 0.999905
1649856236.966865 -0.030782 0.026376 0.032837 0.008361 0.009399 -0.005679 0.999905
1649856236.991864 -0.030051 0.027178 0.033142 0.008153 0.009448 -0.006036 0.999904
1649856237.016862 -0.031011 0.025266 0.032748 0.008354 0.009580 -0.006012 0.999901
1649856237.041861 -0.030613 0.025433 0.032992 0.008354 0.009552 -0.005805 0.999903
1649856237.066859 -0.031110 0.025584 0.033364 0.008274 0.009567 -0.005745 0.999904
1649856237.091857 -0.030077 0.026235 0.033626 0.008069 0.009618 -0.005920 0.999904
1649856237.116856 -0.029785 0.024370 0.032770 0.008330 0.009550 -0.005708 0.999903
1649856237.141855 -0.029657 0.024428 0.032941 0.008336 0.009533 -0.005546 0.999904
1649856237.166853 -0.030152 0.024442 0.033203 0.008306 0.009541 -0.005464 0.999905
1649856237.191851 -0.029113 0.024258 0.033207 0.008217 0.009524 -0.005692 0.999905
1649856237.216850 -0.028827 0.020976 0.031642 0.008706 0.009421 -0.005827 0.999901
1649856237.241848 -0.028383 0.020794 0.031604 0.008731 0.009357 -0.005648 0.999902
1649856237.266846 -0.028697 0.020617 0.031804 0.008691 0.009381 -0.005604 0.999903
1649856237.291845 -0.027801 0.020041 0.031661 0.008502 0.009434 -0.005893 0.999902
1649856237.316844 -0.027901 0.018481 0.030442 0.008787 0.009394 -0.005965 0.999899
1649856237.341842 -0.027296 0.018382 0.030327 0.008810 0.009372 -0.005756 0.999901
1649856237.366840 -0.027608 0.018252 0.030311 0.008788 0.009404 -0.005707 0.999901
1649856237.391839 -0.026963 0.018430 0.030265 0.008656 0.009328 -0.005818 0.999902
1649856237.416837 -0.027001 0.017270 0.030286 0.008838 0.009295 -0.005606 0.999902
1649856237.441836 -0.026727 0.017282 0.030237 0.008867 0.009269 -0.005510 0.999903
1649856237.466834 -0.027054 0.017282 0.030243 0.008841 0.009281 -0.005472 0.999903
1649856237.491832 -0.026432 0.017598 0.030201 0.008781 0.009187 -0.005545 0.999904
1649856237.516831 -0.026623 0.016276 0.029643 0.008934 0.009623 -0.005407 0.999899
1649856237.541830 -0.026551 0.016274 0.029483 0.008932 0.009630 -0.005307 0.999900
1649856237.566828 -0.026949 0.016265 0.029443 0.008891 0.009643 -0.005266 0.999900
1649856237.591826 -0.026402 0.016526 0.029358 0.008889 0.009566 -0.005293 0.999901
1649856237.616825 -0.026564 0.015912 0.028684 0.009173 0.009831 -0.005374 0.999895
1649856237.641823 -0.026646 0.016192 0.028552 0.009189 0.009843 -0.005282 0.999895
1649856237.666822 -0.027132 0.016464 0.028583 0.009150 0.009879 -0.005230 0.999896
1649856237.691820 -0.026478 0.017139 0.028611 0.009116 0.009753 -0.005417 0.999896
1649856237.716819 -0.026975 0.016415 0.028814 0.009183 0.009821 -0.005360 0.999895
1649856237.741817 -0.026919 0.016806 0.028804 0.009182 0.009816 -0.005239 0.999896
1649856237.766815 -0.027425 0.017158 0.028879 0.009151 0.009810 -0.005200 0.999896
1649856237.791814 -0.026724 0.017820 0.028947 0.009159 0.009611 -0.005431 0.999897
1649856237.816813 -0.026791 0.017135 0.029164 0.009122 0.009602 -0.005464 0.999897
1649856237.866809 -0.024125 0.015212 0.030121 0.008678 0.009612 -0.004566 0.999906
1649856237.891808 -0.023798 0.015238 0.029894 0.008600 0.009754 -0.004714 0.999904
1649856237.916806 -0.024254 0.014648 0.030375 0.009039 0.009827 -0.004974 0.999898
1649856237.941805 -0.024727 0.014541 0.030522 0.009042 0.009890 -0.004928 0.999898
1649856237.966803 -0.025174 0.014560 0.030635 0.009060 0.009869 -0.004920 0.999898
1649856237.991802 -0.024950 0.015019 0.030800 0.008972 0.009836 -0.005075 0.999898
1649856238.016800 -0.025912 0.014781 0.031504 0.008823 0.009774 -0.005301 0.999899
1649856238.041799 -0.025939 0.015169 0.031677 0.008867 0.009730 -0.005220 0.999900
1649856238.066797 -0.026578 0.015530 0.031937 0.008869 0.009759 -0.005188 0.999900
1649856238.091795 -0.026350 0.016277 0.032531 0.008701 0.009836 -0.005335 0.999900
1649856238.116794 -0.027316 0.016036 0.033980 0.008649 0.009904 -0.005483 0.999899
1649856238.141792 -0.026974 0.016761 0.034219 0.008734 0.009790 -0.005292 0.999900
1649856238.166791 -0.027664 0.017462 0.034482 0.008795 0.009729 -0.005277 0.999900
1649856238.191789 -0.027426 0.018731 0.034947 0.008637 0.009773 -0.005522 0.999900
1649856238.216788 -0.028320 0.018646 0.036566 0.008121 0.009801 -0.005564 0.999904
1649856238.241786 -0.027969 0.019648 0.036967 0.008182 0.009729 -0.005379 0.999905
1649856238.266784 -0.028728 0.020650 0.037153 0.008282 0.009654 -0.005380 0.999905
1649856238.291783 -0.028423 0.022279 0.037716 0.008048 0.009704 -0.005727 0.999904
1649856238.316782 -0.029242 0.022087 0.037723 0.007759 0.009421 -0.005665 0.999909
1649856238.341780 -0.029222 0.023155 0.038227 0.007753 0.009458 -0.005499 0.999910
1649856238.366778 -0.029957 0.024208 0.038589 0.007765 0.009486 -0.005465 0.999910
1649856238.391777 -0.029136 0.025302 0.038157 0.007730 0.009244 -0.005680 0.999911
1649856238.416775 -0.029010 0.023862 0.034983 0.008299 0.007912 -0.005725 0.999918
1649856238.441773 -0.029529 0.024543 0.035197 0.008318 0.007878 -0.005639 0.999918
1649856238.466772 -0.030209 0.025355 0.035319 0.008359 0.007849 -0.005609 0.999919
1649856238.491771 -0.029247 0.025826 0.034048 0.008173 0.007539 -0.005751 0.999922
1649856238.516769 -0.028908 0.023660 0.028961 0.009270 0.006001 -0.005758 0.999922
1649856238.541767 -0.029505 0.024159 0.029099 0.009289 0.005950 -0.005668 0.999923
1649856238.566766 -0.030185 0.024695 0.029348 0.009306 0.005834 -0.005609 0.999924
1649856238.591764 -0.029324 0.025014 0.028205 0.009053 0.005523 -0.005730 0.999927
1649856238.616763 -0.029336 0.022794 0.025449 0.009833 0.004738 -0.006040 0.999922
1649856238.641761 -0.029496 0.023183 0.026165 0.009861 0.004687 -0.005891 0.999923
1649856238.666760 -0.030138 0.023529 0.027706 0.009658 0.004914 -0.005799 0.999924
1649856238.691758 -0.029621 0.024372 0.029872 0.009453 0.005691 -0.006233 0.999920
1649856238.716756 -0.030990 0.022733 0.035169 0.008353 0.008522 -0.006304 0.999909
1649856238.741755 -0.030042 0.023257 0.035662 0.008427 0.008388 -0.006014 0.999911
1649856238.766753 -0.030564 0.023651 0.036324 0.008424 0.008453 -0.005972 0.999911
1649856238.791752 -0.029751 0.024515 0.037760 0.008072 0.009247 -0.006436 0.999904
1649856238.816750 -0.030889 0.022161 0.042948 0.006312 0.012497 -0.006246 0.999882
1649856238.841749 -0.029498 0.022390 0.042094 0.006439 0.012246 -0.005941 0.999887
1649856238.866747 -0.029838 0.022522 0.041338 0.006499 0.012180 -0.005936 0.999887
1649856238.891746 -0.029271 0.022508 0.042064 0.006188 0.013166 -0.006082 0.999876
1649856238.916744 -0.030762 0.019522 0.045905 0.004478 0.016539 -0.005835 0.999836
1649856238.941742 -0.028998 0.019388 0.043477 0.004604 0.016160 -0.005480 0.999844
1649856238.966741 -0.029271 0.019165 0.040870 0.004796 0.015869 -0.005504 0.999847
1649856238.991739 -0.028460 0.018749 0.041292 0.004277 0.017388 -0.005756 0.999823
1649856239.016738 -0.029873 0.015933 0.040715 0.003851 0.018765 -0.005328 0.999802
1649856239.041736 -0.028305 0.015456 0.037782 0.003721 0.018824 -0.004925 0.999804
1649856239.091733 -0.027466 0.014329 0.031229 0.004152 0.017698 -0.005037 0.999822
1649856239.116732 -0.028060 0.012718 0.026726 0.006004 0.015870 -0.005117 0.999843
1649856239.141730 -0.026953 0.012257 0.024063 0.005891 0.015863 -0.004787 0.999845
1649856239.166728 -0.027447 0.011554 0.021829 0.005681 0.015859 -0.004722 0.999847
1649856239.191727 -0.025993 0.011255 0.020560 0.006436 0.015257 -0.004885 0.999851
1649856239.216725 -0.026884 0.010234 0.018670 0.008351 0.014705 -0.005056 0.999844
1649856239.241724 -0.025836 0.010172 0.016478 0.008287 0.014715 -0.004751 0.999846
1649856239.266722 -0.026261 0.009544 0.014829 0.007976 0.014869 -0.004677 0.999847
1649856239.291721 -0.025051 0.008898 0.012511 0.008577 0.014242 -0.004717 0.999851
1649856239.316719 -0.025627 0.007820 0.010378 0.009891 0.013829 -0.004853 0.999844
1649856239.341718 -0.025027 0.007902 0.008522 0.009813 0.013750 -0.004642 0.999847
1649856239.366716 -0.025381 0.007097 0.007293 0.009432 0.013965 -0.004552 0.999848
1649856239.391715 -0.023583 0.006034 0.005213 0.009980 0.013148 -0.004769 0.999852
1649856239.416713 -0.024323 0.005372 0.004719 0.010976 0.013153 -0.004818 0.999842
1649856239.441711 -0.023819 0.005580 0.003442 0.010973 0.013064 -0.004612 0.999844
1649856239.466710 -0.024104 0.004942 0.003643 0.010534 0.013300 -0.004475 0.999846
1649856239.491708 -0.022454 0.004357 0.004306 0.011205 0.012330 -0.004655 0.999850
1649856239.516707 -0.023304 0.004862 0.005474 0.011699 0.012445 -0.004627 0.999843
1649856239.541705 -0.023170 0.005415 0.005059 0.011651 0.012372 -0.004519 0.999845
1649856239.566704 -0.023645 0.005510 0.005948 0.011177 0.012627 -0.004417 0.999848
1649856239.591702 -0.022521 0.006290 0.006357 0.011657 0.011903 -0.004611 0.999851
1649856239.616700 -0.023245 0.006263 0.007276 0.011640 0.011931 -0.004728 0.999850
1649856239.641699 -0.023569 0.007043 0.007438 0.011564 0.011950 -0.004683 0.999851
1649856239.691696 -0.022831 0.008390 0.010182 0.011400 0.011646 -0.004993 0.999855
1649856239.716694 -0.023290 0.008062 0.011645 0.011204 0.011596 -0.004839 0.999858
1649856239.741693 -0.023809 0.008906 0.012412 0.011127 0.011609 -0.004804 0.999859
1649856239.766691 -0.024393 0.009477 0.014140 0.010733 0.011817 -0.004700 0.999862
1649856239.791690 -0.023552 0.010677 0.015396 0.010896 0.011242 -0.005026 0.999865
1649856239.816688 -0.024268 0.010218 0.016735 0.010679 0.011045 -0.004978 0.999870
1649856239.841687 -0.024580 0.011099 0.017841 0.010594 0.011045 -0.004896 0.999871
1649856239.866685 -0.025161 0.011606 0.019374 0.010328 0.011111 -0.004788 0.999873
1649856239.891683 -0.024192 0.011937 0.020608 0.010441 0.010803 -0.005009 0.999875
1649856239.916682 -0.024343 0.009966 0.021885 0.010143 0.010626 -0.005045 0.999879
1649856239.941680 -0.024217 0.010678 0.023077 0.009628 0.010338 -0.004913 0.999888
1649856239.966679 -0.024582 0.010955 0.024435 0.008720 0.009907 -0.004873 0.999901
1649856239.991677 -0.023218 0.010608 0.025538 0.007955 0.009013 -0.005161 0.999914
1649856240.016676 -0.023845 0.008141 0.027817 0.007866 0.009553 -0.004599 0.999913
1649856240.041674 -0.023301 0.009040 0.029091 0.007351 0.009451 -0.003339 0.999923
1649856240.066673 -0.023711 0.009717 0.030443 0.006761 0.009210 -0.002423 0.999932
1649856240.091671 -0.022441 0.010152 0.031560 0.006539 0.008686 -0.002038 0.999939
1649856240.116669 -0.022628 0.009662 0.033020 0.006545 0.008827 -0.001620 0.999938
1649856240.141668 -0.021407 0.011142 0.034018 0.005929 0.009006 -0.000504 0.999942
1649856240.166666 -0.021534 0.012836 0.034589 0.005802 0.009944 0.000525 0.999934
1649856240.191665 -0.020625 0.015053 0.034704 0.006369 0.011078 0.001171 0.999918
1649856240.216663 -0.020549 0.015269 0.034470 0.006747 0.012030 0.002099 0.999903
1649856240.241662 -0.019124 0.017033 0.033865 0.005680 0.012194 0.003450 0.999904
1649856240.266661 -0.018893 0.019356 0.032332 0.006790 0.011619 0.004053 0.999901
1649856240.291660 -0.017994 0.022265 0.030236 0.011691 0.010339 0.002859 0.999874
1649856240.316658 -0.016499 0.021593 0.026942 0.013579 0.005870 0.001292 0.999890
1649856240.341656 -0.014169 0.023292 0.023548 0.015182 0.001038 -0.000946 0.999884
1649856240.366655 -0.013513 0.025477 0.018172 0.014269 -0.004158 -0.003163 0.999885
1649856240.391653 -0.012385 0.028315 0.011933 0.014750 -0.008534 -0.005312 0.999841
1649856240.416652 -0.011407 0.029369 0.006207 0.016267 -0.011983 -0.007538 0.999767
1649856240.441650 -0.008988 0.032999 -0.001546 0.017594 -0.014592 -0.008062 0.999706
1649856240.466649 -0.008190 0.038190 -0.009580 0.018936 -0.015098 -0.008496 0.999671
1649856240.491647 -0.006527 0.044831 -0.018849 0.020479 -0.014687 -0.009146 0.999641
1649856240.516646 -0.005021 0.049451 -0.028603 0.021387 -0.014706 -0.009536 0.999618
1649856240.541644 -0.003406 0.056293 -0.039314 0.023086 -0.015468 -0.009207 0.999571
1649856240.566643 -0.001415 0.065240 -0.048969 0.023971 -0.015963 -0.010574 0.999529
1649856240.591641 0.002008 0.075516 -0.059736 0.026472 -0.016345 -0.013981 0.999418
1649856240.616639 0.004522 0.084394 -0.070430 0.028520 -0.015485 -0.018521 0.999302
1649856240.666636 0.013135 0.091649 -0.106591 0.027287 -0.021723 -0.022385 0.999141
1649856240.691635 0.016521 0.103492 -0.119466 0.027908 -0.018192 -0.025896 0.999109
1649856240.716633 0.019792 0.116541 -0.131689 0.027122 -0.013184 -0.029007 0.999124
1649856240.741632 0.024367 0.127213 -0.145567 0.025638 -0.008656 -0.029182 0.999208
1649856240.766630 0.027574 0.140741 -0.158420 0.024833 -0.003355 -0.030200 0.999230
1649856240.791629 0.031668 0.155709 -0.170862 0.024506 0.002104 -0.031210 0.999210
1649856240.816627 0.035355 0.174848 -0.181952 0.024608 0.008441 -0.034219 0.999076
1649856240.841626 0.040383 0.187240 -0.194125 0.024876 0.013136 -0.037045 0.998918
1649856240.866624 0.043667 0.204394 -0.206103 0.024812 0.018027 -0.041997 0.998647
1649856240.891623 0.047184 0.223099 -0.216971 0.025340 0.022716 -0.048100 0.998263
1649856240.916621 0.048795 0.247141 -0.223999 0.027502 0.028701 -0.054268 0.997735
1649856240.941619 0.054773 0.263969 -0.234649 0.028483 0.032800 -0.060779 0.997205
1649856240.966618 0.057298 0.285443 -0.245633 0.028730 0.037053 -0.068223 0.996568
1649856240.991616 0.059041 0.307962 -0.255766 0.029265 0.040766 -0.075880 0.995853
1649856241.016615 0.060388 0.332496 -0.262981 0.030696 0.043846 -0.084923 0.994949
1649856241.041613 0.062040 0.354538 -0.270989 0.032984 0.045416 -0.093744 0.994013
1649856241.066612 0.062154 0.378589 -0.278812 0.035219 0.046243 -0.102285 0.993055
1649856241.091610 0.061845 0.402040 -0.285441 0.036358 0.047132 -0.110917 0.992045
1649856241.116609 0.060995 0.425699 -0.290458 0.038110 0.047830 -0.120187 0.990866
1649856241.141607 0.060862 0.448188 -0.296069 0.040543 0.047481 -0.131245 0.989382
1649856241.166606 0.058221 0.471479 -0.302584 0.043495 0.046928 -0.142888 0.987668
1649856241.191604 0.057496 0.494175 -0.307775 0.046136 0.046633 -0.153462 0.985975
1649856241.216603 0.054884 0.518897 -0.311810 0.048448 0.047467 -0.163428 0.984221
1649856241.241601 0.052272 0.541299 -0.315560 0.050480 0.049073 -0.172785 0.982440
1649856241.266599 0.048432 0.563511 -0.321304 0.051974 0.051250 -0.181975 0.980590
1649856241.291598 0.044601 0.585212 -0.325030 0.051479 0.054357 -0.190649 0.978799
1649856241.316597 0.039742 0.606192 -0.329687 0.051098 0.056797 -0.198449 0.977129
1649856241.341595 0.035928 0.626869 -0.331027 0.050439 0.060060 -0.206779 0.975239
1649856241.366593 0.028912 0.644224 -0.332617 0.048112 0.063272 -0.216124 0.973125
1649856241.391592 0.025582 0.664652 -0.333598 0.045543 0.065719 -0.223478 0.971424
1649856241.416590 0.019507 0.683572 -0.333601 0.042643 0.068711 -0.231203 0.969539
1649856241.441589 0.016318 0.702653 -0.333721 0.040747 0.071557 -0.238434 0.967661
1649856241.466587 0.008353 0.719647 -0.332420 0.038753 0.075192 -0.247879 0.965091
1649856241.491585 0.000615 0.737047 -0.328732 0.035493 0.078091 -0.256196 0.962811
1649856241.516584 -0.006837 0.753381 -0.322964 0.033291 0.080821 -0.264298 0.960472
1649856241.541583 -0.013282 0.770630 -0.318682 0.031493 0.082822 -0.273721 0.957719
1649856241.566581 -0.020491 0.785637 -0.315618 0.028321 0.083792 -0.282022 0.955322
1649856241.591579 -0.027151 0.799644 -0.310731 0.024005 0.083505 -0.289391 0.953259
1649856241.616578 -0.034817 0.814719 -0.305281 0.021100 0.081815 -0.294996 0.951756
1649856241.641576 -0.040391 0.829861 -0.297346 0.019351 0.079214 -0.300929 0.950154
1649856241.666575 -0.046027 0.842535 -0.295282 0.018872 0.073025 -0.307527 0.948545
1649856241.691573 -0.050715 0.855973 -0.289616 0.018802 0.065694 -0.313895 0.946996
1649856241.716572 -0.055793 0.868839 -0.283490 0.017778 0.056418 -0.318924 0.945933
1649856241.741570 -0.058604 0.880425 -0.276244 0.016905 0.047577 -0.325262 0.944275
1649856241.766569 -0.063723 0.891092 -0.269178 0.016420 0.036752 -0.333438 0.941912
1649856241.791567 -0.067998 0.900571 -0.263003 0.012988 0.028089 -0.340390 0.939775
1649856241.816566 -0.072882 0.909451 -0.257187 0.008654 0.019714 -0.344422 0.938568
1649856241.841564 -0.077215 0.917723 -0.245297 0.005567 0.014238 -0.347670 0.937493
1649856241.866563 -0.080767 0.925301 -0.238852 0.005935 0.004927 -0.350491 0.936535
1649856241.891561 -0.084663 0.931958 -0.233233 0.005002 -0.004295 -0.352181 0.935909
1649856241.916559 -0.087381 0.938870 -0.228414 0.003805 -0.014368 -0.351841 0.935942
1649856241.941558 -0.087743 0.947495 -0.223510 0.007028 -0.024042 -0.353901 0.934947
1649856241.966556 -0.092526 0.950945 -0.219199 0.011592 -0.034048 -0.357426 0.933249
1649856241.991555 -0.094712 0.954579 -0.215611 0.013792 -0.041858 -0.359152 0.932238
1649856242.016553 -0.096672 0.958048 -0.212343 0.018169 -0.048919 -0.358924 0.931907
1649856242.041552 -0.094290 0.961097 -0.209955 0.020111 -0.053130 -0.359154 0.931548
1649856242.066550 -0.097046 0.963541 -0.209072 0.019374 -0.056941 -0.356957 0.932182
1649856242.091549 -0.097158 0.965375 -0.208969 0.018154 -0.058464 -0.351362 0.934236
1649856242.116547 -0.096642 0.967939 -0.209332 0.019118 -0.059326 -0.343109 0.937225
1649856242.141546 -0.092845 0.970200 -0.209674 0.018012 -0.058482 -0.334054 0.940566
1649856242.166544 -0.093532 0.973588 -0.212597 0.018655 -0.059133 -0.325316 0.943570
1649856242.191542 -0.091911 0.975322 -0.215188 0.021234 -0.059134 -0.318297 0.945907
1649856242.216541 -0.090348 0.976589 -0.218203 0.023977 -0.059129 -0.313903 0.947309
1649856242.241539 -0.087269 0.977547 -0.220943 0.026351 -0.058499 -0.311517 0.948072
1649856242.266538 -0.087034 0.980165 -0.224873 0.031113 -0.057141 -0.310254 0.948425
1649856242.316535 -0.084840 0.983321 -0.232244 0.035923 -0.051838 -0.302743 0.950983
1649856242.341533 -0.081396 0.985257 -0.236266 0.039533 -0.048364 -0.297501 0.952676
1649856242.366532 -0.080795 0.988564 -0.240492 0.045527 -0.045349 -0.292598 0.954074
1649856242.391530 -0.079345 0.990798 -0.243351 0.051061 -0.043127 -0.287844 0.955342
1649856242.416529 -0.078389 0.992547 -0.245709 0.055725 -0.040860 -0.283056 0.956611
1649856242.441527 -0.074772 0.993673 -0.248664 0.059143 -0.041207 -0.280531 0.957135
1649856242.466526 -0.074828 0.993555 -0.251818 0.061115 -0.042902 -0.280315 0.957000
1649856242.491524 -0.073797 0.993194 -0.253689 0.062225 -0.045652 -0.281040 0.956588
1649856242.516522 -0.072989 0.992666 -0.255273 0.063485 -0.048570 -0.282296 0.955991
1649856242.541521 -0.068393 0.993111 -0.249010 0.064325 -0.048694 -0.283537 0.955561
1649856242.566519 -0.067780 0.993652 -0.250117 0.067148 -0.052011 -0.285123 0.954720
1649856242.591518 -0.067767 0.994776 -0.250480 0.070224 -0.055241 -0.285982 0.954060
1649856242.616516 -0.067989 0.994932 -0.251881 0.071473 -0.057920 -0.285980 0.953809
1649856242.641515 -0.070931 0.996308 -0.254499 0.073158 -0.059539 -0.287643 0.953082
1649856242.666513 -0.073154 0.998239 -0.256127 0.075448 -0.059678 -0.289581 0.952307
1649856242.691512 -0.075818 1.000262 -0.257479 0.077891 -0.059078 -0.291477 0.951569
1649856242.716510 -0.078311 1.002158 -0.259350 0.079632 -0.057825 -0.292887 0.951069
1649856242.741508 -0.082632 1.006523 -0.263322 0.082182 -0.056490 -0.295373 0.950163
1649856242.766507 -0.086415 1.010521 -0.265510 0.084866 -0.054321 -0.296587 0.949675
1649856242.791506 -0.090466 1.015719 -0.267066 0.087798 -0.052500 -0.297498 0.949226
1649856242.816504 -0.094958 1.020628 -0.268145 0.091804 -0.050653 -0.298751 0.948554
1649856242.841502 -0.102765 1.032070 -0.267639 0.096092 -0.048040 -0.302730 0.947002
1649856242.866501 -0.106268 1.039739 -0.271753 0.100526 -0.045859 -0.304523 0.946074
1649856242.891499 -0.113529 1.047663 -0.272558 0.104753 -0.042962 -0.308981 0.944305
1649856242.916498 -0.121609 1.055467 -0.273890 0.107053 -0.038913 -0.314405 0.942430
1649856242.941496 -0.130068 1.063977 -0.276736 0.107815 -0.034145 -0.320489 0.940477
1649856242.966495 -0.138510 1.073489 -0.276872 0.110020 -0.031228 -0.322652 0.939583
1649856242.991493 -0.149220 1.082900 -0.277253 0.110837 -0.027798 -0.326647 0.938213
1649856243.016492 -0.160351 1.091642 -0.277543 0.110964 -0.024694 -0.332529 0.936217
1649856243.041490 -0.172182 1.101193 -0.278845 0.111003 -0.022280 -0.342202 0.932780
1649856243.091487 -0.198278 1.117594 -0.278466 0.112613 -0.017763 -0.362550 0.924965
1649856243.116486 -0.213473 1.125704 -0.277021 0.109740 -0.014587 -0.375093 0.920353
1649856243.141484 -0.229342 1.135065 -0.271478 0.106332 -0.008745 -0.390439 0.914426
1649856243.166482 -0.246021 1.143838 -0.268307 0.102999 -0.004548 -0.403891 0.908979
1649856243.191481 -0.263490 1.152422 -0.264433 0.099428 -0.000306 -0.417656 0.903149
1649856243.216479 -0.281350 1.160378 -0.260018 0.096885 0.004069 -0.431650 0.896814
1649856243.241478 -0.298409 1.169053 -0.251423 0.093837 0.008513 -0.445938 0.890091
1649856243.291475 -0.336296 1.184070 -0.238336 0.085432 0.016190 -0.469077 0.878867
1649856243.316473 -0.356070 1.188960 -0.230511 0.081654 0.017461 -0.481818 0.872284
1649856243.341472 -0.376399 1.193405 -0.232757 0.078010 0.015388 -0.496241 0.864536
1649856243.366470 -0.397749 1.196204 -0.225727 0.072558 0.014447 -0.510718 0.856559
1649856243.391469 -0.417940 1.199137 -0.218977 0.067824 0.012108 -0.523127 0.849465
1649856243.441465 -0.458492 1.201507 -0.203971 0.059869 0.003579 -0.545431 0.836007
1649856243.466464 -0.480793 1.201575 -0.195846 0.053759 -0.002193 -0.557431 0.828478
1649856243.491462 -0.502480 1.199958 -0.188832 0.048458 -0.008944 -0.570319 0.819944
1649856243.516461 -0.524905 1.198336 -0.180878 0.044849 -0.016188 -0.583538 0.810685
1649856243.541459 -0.541549 1.202127 -0.173831 0.042222 -0.023974 -0.595627 0.801792
1649856243.566458 -0.565204 1.199258 -0.166515 0.039858 -0.031443 -0.608763 0.791726
1649856243.591456 -0.589538 1.191622 -0.171453 0.033536 -0.037568 -0.621657 0.781669
1649856243.616455 -0.613494 1.187222 -0.165048 0.031442 -0.042967 -0.633220 0.772138
1649856243.641453 -0.636479 1.181099 -0.154693 0.028029 -0.044547 -0.643259 0.763838
1649856243.666452 -0.662505 1.175707 -0.147691 0.023655 -0.047752 -0.655324 0.753466
1649856243.691450 -0.688066 1.169450 -0.141756 0.020104 -0.049837 -0.666577 0.743497
1649856243.716449 -0.713482 1.163150 -0.134787 0.019552 -0.052111 -0.677242 0.733653
1649856243.741447 -0.736316 1.158024 -0.129143 0.017637 -0.050836 -0.685552 0.726032
1649856243.766445 -0.763861 1.150185 -0.123124 0.015911 -0.050658 -0.695420 0.716639
1649856243.791444 -0.788652 1.143303 -0.115746 0.014378 -0.051566 -0.704228 0.707953
1649856243.816442 -0.811844 1.135848 -0.109846 0.015886 -0.052642 -0.712581 0.699431
1649856243.841441 -0.832234 1.128829 -0.104700 0.018858 -0.053728 -0.720345 0.691274
1649856243.866439 -0.854889 1.119890 -0.100915 0.021731 -0.055940 -0.729174 0.681692
1649856243.891438 -0.876228 1.110862 -0.095164 0.023200 -0.058859 -0.737133 0.672780
1649856243.916436 -0.895662 1.100564 -0.091018 0.024958 -0.061090 -0.743212 0.665793
1649856243.941435 -0.912604 1.092044 -0.086972 0.026949 -0.063903 -0.747657 0.660454
1649856243.966433 -0.929423 1.080983 -0.084212 0.029386 -0.066907 -0.751662 0.655488
1649856243.991431 -0.944960 1.069121 -0.081837 0.032099 -0.069402 -0.754754 0.651536
1649856244.016430 -0.954970 1.053743 -0.078188 0.036485 -0.071828 -0.757726 0.647581
1649856244.041429 -0.967534 1.041993 -0.075428 0.039871 -0.073245 -0.759418 0.645236
1649856244.066427 -0.979299 1.027215 -0.073786 0.043418 -0.074267 -0.761761 0.642121
1649856244.091425 -0.990310 1.012027 -0.071880 0.047002 -0.074669 -0.764462 0.638602
1649856244.116424 -0.998044 0.993197 -0.069534 0.051463 -0.073684 -0.767664 0.634519
1649856244.141422 -1.008551 0.977966 -0.067582 0.054243 -0.070921 -0.769551 0.632313
1649856244.166421 -1.018330 0.959468 -0.065777 0.054129 -0.065913 -0.771350 0.630670
1649856244.191419 -1.027404 0.940871 -0.064013 0.052227 -0.060406 -0.772699 0.629730
1649856244.216418 -1.035185 0.919856 -0.060824 0.051372 -0.055705 -0.774099 0.628513
1649856244.241416 -1.045706 0.899907 -0.057850 0.051186 -0.052465 -0.775206 0.627442
1649856244.266414 -1.053351 0.877165 -0.055261 0.050533 -0.049780 -0.775980 0.626757
1649856244.291413 -1.058043 0.854188 -0.053052 0.050653 -0.048016 -0.775789 0.627121
1649856244.316411 -1.062618 0.829254 -0.050079 0.050733 -0.046039 -0.776278 0.626657
1649856244.341410 -1.063962 0.804101 -0.049232 0.050711 -0.044443 -0.776063 0.627040
1649856244.366408 -1.068174 0.777748 -0.046971 0.049378 -0.041611 -0.775637 0.627868
1649856244.391407 -1.071118 0.751254 -0.045680 0.047268 -0.038005 -0.775018 0.629022
1649856244.416405 -1.074457 0.724145 -0.043738 0.046144 -0.034818 -0.774754 0.629614
1649856244.441404 -1.077538 0.694269 -0.040774 0.046175 -0.031769 -0.774463 0.630132
1649856244.466402 -1.081119 0.666057 -0.039398 0.046625 -0.028489 -0.774752 0.629900
1649856244.491401 -1.083515 0.639400 -0.039405 0.046923 -0.023859 -0.775239 0.629471
1649856244.516399 -1.086910 0.611785 -0.038890 0.046532 -0.018944 -0.775952 0.628788
1649856244.541398 -1.093342 0.584406 -0.035274 0.044537 -0.013314 -0.777265 0.627454
1649856244.566396 -1.096976 0.557561 -0.034754 0.043202 -0.008020 -0.777558 0.627274
1649856244.591395 -1.098338 0.532112 -0.034725 0.042625 -0.003123 -0.777554 0.627363
1649856244.616393 -1.101022 0.505385 -0.034267 0.041702 -0.000209 -0.778134 0.626713
1649856244.641392 -1.104932 0.478199 -0.030777 0.039334 0.001792 -0.779356 0.625343
1649856244.666390 -1.107141 0.450598 -0.029317 0.036495 0.001820 -0.778864 0.626127
1649856244.691388 -1.107245 0.424194 -0.028110 0.032812 0.000005 -0.777842 0.627602
1649856244.716387 -1.109804 0.396166 -0.026117 0.027629 -0.001728 -0.777511 0.628260
1649856244.741385 -1.112704 0.368000 -0.024370 0.021544 -0.003193 -0.777117 0.628980
1649856244.766384 -1.115671 0.339571 -0.021818 0.015317 -0.003609 -0.776272 0.630202
1649856244.791382 -1.115924 0.313920 -0.020407 0.010983 -0.003208 -0.775721 0.630972
1649856244.816381 -1.118499 0.285946 -0.017955 0.007432 -0.002531 -0.775226 0.631635
1649856244.866378 -1.130239 0.231001 -0.010486 0.004464 0.003923 -0.772902 0.634498
1649856244.891376 -1.133400 0.204114 -0.007330 0.007327 0.006498 -0.773211 0.634073
1649856244.916374 -1.137227 0.175765 -0.004011 0.009369 0.009400 -0.772829 0.634475
1649856244.941373 -1.144551 0.150163 -0.005225 0.010451 0.012064 -0.772369 0.634973
1649856244.966371 -1.148559 0.122145 -0.003121 0.012295 0.014991 -0.770407 0.637258
1649856244.991370 -1.150482 0.094496 -0.002221 0.016261 0.016763 -0.768457 0.639475
1649856245.016368 -1.154285 0.065699 -0.001180 0.018082 0.019437 -0.766840 0.641289
1649856245.041367 -1.155534 0.036814 -0.008236 0.019784 0.021544 -0.765319 0.642986
1649856245.066365 -1.157617 0.008427 -0.009086 0.021394 0.023734 -0.762568 0.646119
1649856245.091364 -1.159115 -0.021842 -0.010201 0.023934 0.023718 -0.761518 0.647267
1649856245.116362 -1.161716 -0.051090 -0.012094 0.025496 0.023776 -0.760545 0.648349
1649856245.141361 -1.163049 -0.082564 -0.022116 0.026341 0.023370 -0.759956 0.649020
1649856245.166359 -1.163804 -0.112001 -0.025381 0.027614 0.023565 -0.758218 0.650989
1649856245.191358 -1.164878 -0.143121 -0.028036 0.028938 0.022997 -0.758180 0.650997
1649856245.216356 -1.166159 -0.173459 -0.031201 0.028976 0.022414 -0.757264 0.652080
1649856245.241354 -1.168110 -0.202719 -0.033140 0.027727 0.021623 -0.756419 0.653142
1649856245.266353 -1.167753 -0.233517 -0.035312 0.026691 0.018726 -0.754791 0.655154
1649856245.291352 -1.168059 -0.266317 -0.036336 0.025813 0.014140 -0.754907 0.655171
1649856245.316350 -1.168285 -0.297909 -0.037985 0.024620 0.010985 -0.754341 0.655929
1649856245.341348 -1.169876 -0.328558 -0.036564 0.023520 0.009354 -0.753765 0.656656
1649856245.366347 -1.169232 -0.360285 -0.036365 0.022980 0.008392 -0.752714 0.657893
1649856245.391345 -1.169051 -0.394263 -0.032279 0.023125 0.008344 -0.753893 0.656537
1649856245.416344 -1.168863 -0.426544 -0.031012 0.023617 0.009397 -0.754374 0.655953
1649856245.441342 -1.169552 -0.459660 -0.029143 0.024683 0.011349 -0.755037 0.655119
1649856245.466341 -1.167294 -0.492610 -0.027543 0.027374 0.014336 -0.755254 0.654704
1649856245.491339 -1.163558 -0.527255 -0.025949 0.028468 0.016344 -0.758457 0.650896
1649856245.516337 -1.162577 -0.560318 -0.024060 0.031124 0.019440 -0.760800 0.647949
1649856245.541336 -1.167465 -0.590575 -0.023631 0.034364 0.022642 -0.763050 0.645028
1649856245.566334 -1.167086 -0.623209 -0.023294 0.037877 0.026663 -0.765985 0.641187
1649856245.591333 -1.168031 -0.656205 -0.024230 0.042077 0.031194 -0.771466 0.634111
1649856245.616331 -1.168933 -0.688153 -0.024040 0.045184 0.036215 -0.775697 0.628443
1649856245.641330 -1.169203 -0.719604 -0.024927 0.047518 0.039837 -0.779893 0.622834
1649856245.666328 -1.169342 -0.751822 -0.026321 0.048919 0.041903 -0.783738 0.617743
1649856245.691327 -1.171065 -0.783870 -0.029274 0.049172 0.042122 -0.789234 0.610670
1649856245.716325 -1.172761 -0.815385 -0.031755 0.047738 0.042073 -0.793308 0.605486
1649856245.741324 -1.176087 -0.845779 -0.035130 0.044989 0.041378 -0.796515 0.601521
1649856245.766322 -1.178456 -0.876970 -0.037749 0.042166 0.040292 -0.799075 0.598396
1649856245.791321 -1.181737 -0.907157 -0.040748 0.039516 0.038953 -0.802039 0.594689
1649856245.816319 -1.185200 -0.937494 -0.042928 0.037226 0.038519 -0.804032 0.592168
1649856245.841318 -1.189597 -0.967948 -0.044538 0.035197 0.038569 -0.805657 0.590076
1649856245.866316 -1.192854 -0.998730 -0.044730 0.033413 0.038976 -0.807001 0.588314
1649856245.891315 -1.196843 -1.027859 -0.044903 0.031730 0.039699 -0.809110 0.585456
1649856245.916313 -1.202004 -1.058700 -0.043745 0.030443 0.041107 -0.810784 0.583106
1649856245.941311 -1.208910 -1.089595 -0.041697 0.029715 0.043091 -0.812301 0.580885
1649856245.966310 -1.213981 -1.121169 -0.039106 0.029756 0.045101 -0.813854 0.578552
1649856245.991308 -1.219637 -1.151894 -0.035768 0.030890 0.046544 -0.815865 0.575537
1649856246.016307 -1.225630 -1.183970 -0.033293 0.031790 0.047901 -0.817198 0.573482
1649856246.041305 -1.233278 -1.216352 -0.030501 0.033111 0.048697 -0.818039 0.572140
1649856246.066304 -1.239346 -1.248884 -0.029266 0.034467 0.049381 -0.818593 0.571208
1649856246.091302 -1.246839 -1.280853 -0.027422 0.035877 0.050142 -0.819170 0.570227
1649856246.116301 -1.253508 -1.313685 -0.026998 0.037074 0.051426 -0.819333 0.569803
1649856246.141299 -1.262337 -1.347816 -0.026584 0.038181 0.052066 -0.819448 0.569506
1649856246.166297 -1.269878 -1.381637 -0.026989 0.038820 0.051385 -0.820184 0.568464
1649856246.191296 -1.278399 -1.411857 -0.027281 0.039056 0.049355 -0.821432 0.566823
1649856246.216294 -1.287727 -1.447646 -0.024271 0.038335 0.046789 -0.822458 0.565600
1649856246.241293 -1.297513 -1.481506 -0.025086 0.037075 0.044323 -0.823269 0.564703
1649856246.266291 -1.306335 -1.516062 -0.026165 0.035456 0.041454 -0.823927 0.564065
1649856246.291290 -1.314948 -1.548101 -0.026937 0.033539 0.038032 -0.824476 0.563621
1649856246.316288 -1.324932 -1.582799 -0.028570 0.031065 0.035347 -0.824839 0.563406
1649856246.341287 -1.335538 -1.617142 -0.028862 0.028634 0.032996 -0.825192 0.563161
1649856246.366285 -1.345329 -1.652499 -0.029444 0.026924 0.030539 -0.825952 0.562268
1649856246.391284 -1.352760 -1.685903 -0.027301 0.026309 0.028428 -0.826899 0.561015
1649856246.416282 -1.362861 -1.721348 -0.025366 0.026367 0.025821 -0.827600 0.560104
1649856246.441281 -1.373979 -1.757123 -0.021882 0.026784 0.025226 -0.828134 0.559322
1649856246.466279 -1.384821 -1.793314 -0.019972 0.027633 0.025339 -0.828910 0.558124
1649856246.491277 -1.394116 -1.826209 -0.016465 0.029939 0.025859 -0.829841 0.556596
1649856246.516276 -1.404731 -1.862406 -0.010516 0.033028 0.025900 -0.831318 0.554209
1649856246.541275 -1.416121 -1.898274 -0.007546 0.036698 0.026538 -0.832967 0.551467
1649856246.566273 -1.427415 -1.934594 -0.005273 0.040294 0.027434 -0.835133 0.547884
1649856246.591271 -1.437038 -1.967436 -0.003075 0.044599 0.028890 -0.837599 0.543695
1649856246.616270 -1.449615 -2.002952 -0.001511 0.048117 0.029637 -0.840111 0.539463
1649856246.641268 -1.462367 -2.039404 -0.006018 0.052240 0.028067 -0.843096 0.534484
1649856246.666267 -1.475092 -2.074715 -0.005979 0.053294 0.029295 -0.845687 0.530203
1649856246.691265 -1.487292 -2.106143 -0.003291 0.052551 0.030966 -0.847926 0.526593
1649856246.716264 -1.500430 -2.140918 -0.005297 0.052063 0.030462 -0.850502 0.522502
1649856246.741262 -1.515415 -2.175582 -0.007138 0.052967 0.027986 -0.853223 0.518095
1649856246.766260 -1.529563 -2.209851 -0.009225 0.052408 0.026401 -0.855601 0.514299
1649856246.791259 -1.542884 -2.239657 -0.008635 0.050071 0.025387 -0.857344 0.511674
1649856246.816257 -1.556926 -2.274248 -0.001037 0.048108 0.022936 -0.859250 0.508772
1649856246.841256 -1.572174 -2.307804 -0.002323 0.044818 0.021877 -0.860994 0.506164
1649856246.866254 -1.587515 -2.341741 0.001784 0.041825 0.019522 -0.862408 0.504105
1649856246.891253 -1.603444 -2.372523 0.005268 0.039914 0.021160 -0.863858 0.501706
1649856246.916251 -1.619626 -2.406419 0.008334 0.038792 0.021443 -0.865323 0.499251
1649856246.941250 -1.636214 -2.440191 0.010075 0.038423 0.021994 -0.866689 0.496881
1649856246.966248 -1.649517 -2.476058 0.015766 0.039938 0.022501 -0.868075 0.494313
1649856246.991247 -1.665837 -2.506933 0.020602 0.041394 0.026967 -0.868269 0.493628
1649856247.016245 -1.683133 -2.541360 0.026487 0.042995 0.028571 -0.868397 0.493175
1649856247.041244 -1.700262 -2.575851 0.029412 0.044500 0.029291 -0.868114 0.493497
1649856247.066242 -1.719108 -2.608814 0.033608 0.046886 0.028996 -0.868027 0.493447
1649856247.091241 -1.737027 -2.642232 0.036303 0.049050 0.030327 -0.866416 0.495981
1649856247.116239 -1.754383 -2.675600 0.035167 0.050615 0.031850 -0.865141 0.497951
1649856247.141237 -1.771408 -2.710146 0.037198 0.052599 0.032054 -0.863665 0.500289
1649856247.166236 -1.789285 -2.744024 0.038952 0.054767 0.030692 -0.861596 0.503698
1649856247.191234 -1.805007 -2.778039 0.039768 0.057223 0.028905 -0.861334 0.503978
1649856247.216233 -1.821827 -2.811449 0.038849 0.059724 0.027391 -0.860343 0.505462
1649856247.241231 -1.838456 -2.846049 0.040940 0.061766 0.027135 -0.859295 0.507012
1649856247.266230 -1.851033 -2.879981 0.039285 0.062995 0.026180 -0.857808 0.509423
1649856247.291228 -1.866494 -2.913763 0.039229 0.063358 0.025670 -0.856951 0.510845
1649856247.316227 -1.882299 -2.946040 0.035849 0.062137 0.024671 -0.855627 0.513257
1649856247.341225 -1.898231 -2.981225 0.038560 0.060366 0.022317 -0.854402 0.515612
1649856247.366224 -1.912167 -3.013942 0.040566 0.058943 0.018162 -0.854779 0.515314
1649856247.391222 -1.928303 -3.047785 0.045418 0.056573 0.015314 -0.852953 0.518687
1649856247.416220 -1.944417 -3.081977 0.049765 0.054868 0.011949 -0.851764 0.520907
1649856247.441219 -1.957524 -3.114672 0.058152 0.053581 0.010504 -0.851064 0.522216
1649856247.466217 -1.973788 -3.144528 0.067659 0.053682 0.009622 -0.851350 0.521756
1649856247.491216 -1.990461 -3.180684 0.079195 0.055484 0.012081 -0.850414 0.523041
1649856247.516214 -2.006937 -3.214590 0.086915 0.057624 0.013480 -0.850401 0.522796
1649856247.541213 -2.020179 -3.246318 0.100408 0.060164 0.015753 -0.851165 0.521200
1649856247.566211 -2.038080 -3.276926 0.109366 0.064186 0.016243 -0.851520 0.520124
1649856247.591210 -2.056648 -3.317695 0.117864 0.067552 0.018759 -0.852307 0.518322
1649856247.616208 -2.073170 -3.351765 0.125020 0.071073 0.020541 -0.853579 0.515684
1649856247.641207 -2.090012 -3.388487 0.136171 0.074743 0.023083 -0.855134 0.512470
1649856247.666205 -2.105173 -3.421957 0.143020 0.077526 0.025807 -0.856838 0.509071
1649856247.691204 -2.124592 -3.463051 0.154386 0.079989 0.030278 -0.858172 0.506187
1649856247.716202 -2.142181 -3.499633 0.166797 0.080358 0.032406 -0.859917 0.503027
1649856247.741200 -2.159067 -3.534585 0.178201 0.079298 0.033211 -0.861799 0.499912
1649856247.766199 -2.175680 -3.568917 0.185120 0.076840 0.032119 -0.863918 0.496700
1649856247.791198 -2.193120 -3.603179 0.196313 0.073964 0.032770 -0.865538 0.494266
1649856247.816196 -2.210672 -3.635887 0.203145 0.069056 0.030923 -0.866812 0.492861
1649856247.841194 -2.225599 -3.670522 0.214020 0.063925 0.029409 -0.868462 0.490737
1649856247.866193 -2.244387 -3.702975 0.223070 0.058668 0.028773 -0.869646 0.489333
1649856247.891191 -2.261873 -3.732922 0.229095 0.055448 0.029916 -0.869886 0.489212
1649856247.916190 -2.280897 -3.765688 0.241589 0.052510 0.029599 -0.870134 0.489115
1649856247.941188 -2.296932 -3.798051 0.252714 0.050231 0.030419 -0.870628 0.488424
1649856247.966187 -2.317036 -3.830884 0.272221 0.050329 0.030373 -0.870838 0.488042
1649856247.991185 -2.335383 -3.861523 0.281374 0.050842 0.032738 -0.870465 0.488502
1649856248.016183 -2.352308 -3.891282 0.308152 0.052526 0.035938 -0.870227 0.488523
1649856248.041182 -2.368958 -3.920503 0.334015 0.054463 0.039185 -0.869844 0.488744
1649856248.066180 -2.385974 -3.951841 0.358263 0.057046 0.038081 -0.868278 0.491314
1649856248.091179 -2.403572 -3.984939 0.372051 0.058158 0.040851 -0.868175 0.491143
1649856248.116177 -2.422796 -4.015890 0.369718 0.057972 0.045513 -0.866954 0.492908
1649856248.141176 -2.440441 -4.046530 0.381486 0.060123 0.047301 -0.865798 0.494512
1649856248.166174 -2.451783 -4.074813 0.387664 0.062548 0.045141 -0.864511 0.496660
1649856248.191173 -2.468910 -4.107819 0.396850 0.061176 0.042334 -0.864858 0.496474
1649856248.216171 -2.491073 -4.144451 0.428232 0.058324 0.041952 -0.864139 0.498099
1649856248.241170 -2.508792 -4.175210 0.439113 0.057201 0.041085 -0.863498 0.499411
1649856248.266168 -2.519171 -4.199243 0.440528 0.055723 0.039719 -0.862572 0.501285
1649856248.291167 -2.535861 -4.233410 0.449381 0.053607 0.037057 -0.863136 0.500749
1649856248.316165 -2.553609 -4.263322 0.459347 0.052576 0.034365 -0.862390 0.502332
1649856248.341164 -2.570094 -4.293440 0.469534 0.051762 0.031445 -0.861892 0.503463
1649856248.366162 -2.585087 -4.325493 0.473689 0.053051 0.025925 -0.861093 0.505007
1649856248.391160 -2.602228 -4.361713 0.491610 0.052122 0.025162 -0.861818 0.503905
1649856248.416159 -2.607139 -4.382344 0.445564 0.059918 0.010332 -0.861374 0.504319
1649856248.441157 -2.619668 -4.419438 0.458543 0.063751 0.012378 -0.860518 0.505264
1649856248.466156 -2.641952 -4.447470 0.468275 0.068134 0.011297 -0.861883 0.502382
1649856248.491154 -2.652536 -4.462166 0.480344 0.068125 0.010538 -0.862979 0.500515
1649856248.516153 -2.669217 -4.478142 0.491744 0.070545 0.010699 -0.864077 0.498278
1649856248.541151 -2.684369 -4.512778 0.486013 0.073804 0.009399 -0.865330 0.495650
1649856248.566150 -2.697526 -4.540915 0.492255 0.076192 0.013149 -0.867474 0.491438
1649856248.591148 -2.702590 -4.557912 0.492256 0.073196 0.010028 -0.872270 0.483413
1649856248.616147 -2.733950 -4.596672 0.504673 0.076756 0.013277 -0.873005 0.481450
1649856248.641145 -2.741860 -4.599357 0.508748 0.078355 0.011015 -0.877055 0.473830
1649856248.666143 -2.768617 -4.646556 0.519773 0.080519 0.015329 -0.874926 0.477270
1649856248.691142 -2.767666 -4.651258 0.527975 0.076993 0.012875 -0.879429 0.469586
1649856248.716141 -2.793350 -4.688753 0.531177 0.075506 0.012838 -0.880880 0.467102
1649856248.741139 -2.831532 -4.685577 0.527032 0.069291 0.013133 -0.881575 0.466745
1649856248.766137 -2.833677 -4.723997 0.535659 0.069411 0.011039 -0.879912 0.469909
1649856248.791136 -2.856141 -4.755475 0.537658 0.064229 0.011447 -0.881822 0.467049
1649856248.816134 -2.868076 -4.793264 0.543166 0.059926 0.011037 -0.884942 0.461698
1649856248.841133 -2.894327 -4.833722 0.547168 0.054912 0.011906 -0.885232 0.461744
1649856248.866131 -2.913616 -4.863599 0.550675 0.051708 0.012520 -0.885478 0.461626
1649856248.891129 -2.935747 -4.897335 0.557286 0.049271 0.013629 -0.886028 0.460806
1649856248.916128 -2.951191 -4.931821 0.575038 0.053566 0.008631 -0.886306 0.459911
1649856248.941127 -2.941270 -4.908506 0.596094 0.058884 0.010647 -0.888038 0.455859
1649856248.966125 -2.950322 -4.930357 0.613007 0.062382 0.009783 -0.884534 0.462182
1649856248.991123 -2.980268 -4.970780 0.625977 0.061887 0.013621 -0.881538 0.467841
1649856249.016122 -2.998139 -5.128449 0.709478 0.050267 0.014409 -0.849918 0.524313
1649856249.041120 -3.010295 -5.177893 0.730705 0.053524 0.015333 -0.846742 0.529082
1649856249.066119 -3.024012 -5.229788 0.751212 0.056828 0.016389 -0.843126 0.534454
1649856249.091117 -3.036682 -5.279895 0.771425 0.059920 0.018007 -0.839074 0.540407
1649856249.116116 -3.047473 -5.338567 0.797333 0.064635 0.019967 -0.836164 0.544291
1649856249.141114 -3.059052 -5.390111 0.817951 0.067187 0.022807 -0.831427 0.551086
1649856249.166113 -3.080513 -5.434913 0.853974 0.074269 0.020609 -0.827645 0.555935
1649856249.191111 -3.096628 -5.485829 0.880345 0.077333 0.018836 -0.825004 0.559494
1649856249.216110 -3.041985 -5.633369 0.973458 0.071073 0.034338 -0.808454 0.583243
1649856249.241108 -3.044826 -5.703438 1.008227 0.071843 0.032633 -0.804518 0.588664
1649856249.266107 -3.039725 -5.767919 1.045860 0.076817 0.030282 -0.799291 0.595245
1649856249.291105 -3.039990 -5.838731 1.080577 0.076593 0.027303 -0.795525 0.600440
1649856249.316103 -3.039970 -5.908348 1.115304 0.075270 0.024355 -0.791373 0.606193
1649856249.341102 -2.965534 -6.266311 1.332648 0.119942 0.077526 -0.742176 0.654812
1649856249.366100 -2.937864 -6.358808 1.378760 0.120759 0.075799 -0.737296 0.660353
1649856249.391099 -2.919561 -6.456660 1.424203 0.120493 0.073238 -0.732449 0.666060
1649856249.416097 -2.901700 -6.552242 1.470730 0.120756 0.071089 -0.726294 0.672950
1649856249.441096 -2.882335 -6.647456 1.518153 0.121612 0.069508 -0.719493 0.680227
1649856249.466094 -2.812807 -6.725492 1.572165 0.120269 0.067613 -0.713774 0.686651
1649856249.491093 -2.788923 -6.813944 1.626175 0.123121 0.066058 -0.704823 0.695487
1649856249.516091 -2.762001 -6.903581 1.675281 0.124638 0.065300 -0.696427 0.703698
1649856249.541090 -2.732405 -6.993127 1.725467 0.127033 0.064131 -0.687821 0.711795
1649856249.566088 -2.701878 -7.079006 1.777096 0.130094 0.062530 -0.677863 0.720879
1649856249.591086 -2.671821 -7.163206 1.829615 0.133571 0.060475 -0.666906 0.730574
1649856249.616085 -2.640372 -7.247862 1.879710 0.137029 0.059894 -0.655415 0.740316
1649856249.641083 -2.556092 -7.356713 2.098519 0.141971 0.006152 -0.647043 0.749094
1649856249.666082 -2.512067 -7.445475 2.168616 0.144559 0.005860 -0.633746 0.759891
1649856249.691080 -2.470659 -7.535840 2.236677 0.145945 0.005603 -0.619432 0.771345
1649856249.716079 -2.427694 -7.624810 2.304460 0.146291 0.004469 -0.604484 0.783057
1649856249.741077 -2.383286 -7.712618 2.372255 0.146157 0.002407 -0.589215 0.794643
1649856249.766076 -2.328507 -7.785577 2.452679 0.147795 -0.001952 -0.571668 0.807062
1649856249.791074 -2.280410 -7.870545 2.522430 0.147484 -0.004774 -0.555989 0.817986
1649856249.816073 -2.230092 -7.955728 2.591415 0.145908 -0.006682 -0.539891 0.828966
1649856249.841071 -2.179599 -8.037521 2.660624 0.143468 -0.008072 -0.522238 0.840606
1649856249.866070 -2.128559 -8.110850 2.740377 0.144663 -0.011186 -0.501905 0.852666
1649856249.891068 -2.075836 -8.188901 2.811245 0.142295 -0.012366 -0.483303 0.863723
1649856249.916066 -2.020853 -8.265323 2.880433 0.139683 -0.012784 -0.464634 0.874323
1649856249.941065 -2.022067 -8.318022 2.895411 0.129786 -0.041819 -0.441532 0.886824
1649856249.966063 -1.964395 -8.392622 2.974206 0.129394 -0.045598 -0.423079 0.895646
1649856249.991062 -1.909464 -8.467004 3.044922 0.125776 -0.045492 -0.402186 0.905736
1649856250.016060 -1.862652 -8.543006 3.115888 0.123168 -0.043243 -0.377943 0.916580
1649856250.041059 -1.776046 -8.584745 3.201619 0.116976 -0.051265 -0.353459 0.926691
1649856250.066057 -1.717822 -8.659227 3.276719 0.115720 -0.052187 -0.329566 0.935560
1649856250.091056 -1.657984 -8.729602 3.349241 0.113330 -0.051502 -0.302855 0.944872
1649856250.116054 -1.601899 -8.794475 3.420834 0.111967 -0.049004 -0.272216 0.954443
1649856250.141052 -1.536072 -8.854123 3.509641 0.118141 -0.056427 -0.247852 0.959910
1649856250.166051 -1.471339 -8.922048 3.580391 0.116599 -0.054070 -0.221498 0.966654
1649856250.191050 -1.407171 -8.985637 3.651152 0.114683 -0.052665 -0.193694 0.972912
1649856250.216048 -1.341497 -9.048899 3.722563 0.112552 -0.051939 -0.166634 0.978196
1649856250.241046 -1.606105 -8.442714 3.508571 0.004398 -0.076327 0.161377 0.983927
1649856250.266045 -1.507792 -8.444004 3.585104 0.001114 -0.073302 0.185944 0.979822
1649856250.291043 -1.410019 -8.443939 3.663627 -0.001515 -0.071433 0.209193 0.975261
1649856250.316042 -1.310417 -8.443870 3.741240 -0.005459 -0.070110 0.231192 0.970363
1649856250.341040 -1.248291 -8.392009 3.788192 -0.019028 -0.072028 0.253441 0.964478
1649856250.366039 -1.143175 -8.387010 3.855331 -0.027239 -0.070800 0.272227 0.959238
1649856250.391037 -1.039790 -8.382877 3.929906 -0.033482 -0.069343 0.292413 0.953187
1649856250.416036 -0.935576 -8.378583 4.005345 -0.039185 -0.067785 0.312799 0.946587
1649856250.441034 -0.803702 -8.390151 4.067745 -0.044893 -0.066733 0.330823 0.940259
1649856250.466033 -0.692256 -8.384345 4.133888 -0.050365 -0.064010 0.350509 0.933011
1649856250.491031 -0.581477 -8.379118 4.204444 -0.054475 -0.060500 0.370397 0.925299
1649856250.516030 -0.837181 -8.394567 4.977009 0.006470 0.064361 0.433915 0.898629
1649856250.541028 -0.675686 -8.430890 5.034151 -0.006218 0.058579 0.442301 0.894930
1649856250.566026 -0.568254 -8.453562 5.176015 -0.007757 0.061915 0.459660 0.885900
1649856250.591025 -0.461397 -8.477912 5.323492 -0.009999 0.064843 0.476914 0.876498
1649856250.616023 -0.354087 -8.502364 5.470289 -0.013178 0.067136 0.493233 0.867202
1649856250.641022 -0.283098 -8.522553 5.732512 -0.003776 0.078707 0.514505 0.853859
1649856250.666020 -0.176770 -8.549235 5.889335 -0.007838 0.080741 0.528731 0.844904
1649856250.691019 -0.068747 -8.577374 6.045969 -0.012770 0.081564 0.542780 0.835807
1649856250.716017 0.038719 -8.604466 6.202748 -0.018768 0.081020 0.557089 0.826278
1649856250.741016 0.145777 -8.630082 6.361399 -0.024897 0.079547 0.570953 0.816741
1649856250.766014 0.252546 -8.657985 6.518512 -0.030515 0.078422 0.583656 0.807629
1649856250.791013 0.354319 -8.679754 6.683802 -0.032873 0.080817 0.595614 0.798519
1649856250.816011 0.458921 -8.706623 6.839949 -0.033738 0.084414 0.606936 0.789535
1649856250.841009 0.562494 -8.733234 6.996578 -0.034309 0.088521 0.617945 0.780468
1649856250.866008 0.664891 -8.760761 7.151421 -0.036911 0.090907 0.629418 0.770848
1649856250.891006 0.768707 -8.786550 7.306381 -0.040418 0.091181 0.641125 0.760928
1649856250.916005 0.873434 -8.812435 7.458701 -0.043689 0.091296 0.652229 0.751235
1649856250.941003 0.975658 -8.839825 7.612603 -0.046269 0.091893 0.663613 0.740968
1649856250.966002 1.076530 -8.867560 7.766099 -0.048202 0.092884 0.675534 0.729865
1649856250.991000 1.177384 -8.891275 7.920535 -0.049216 0.093347 0.688213 0.717794
1649856251.015999 1.280319 -8.916764 8.075054 -0.049676 0.094420 0.700799 0.705335
1649856251.040997 1.388563 -8.936522 8.235121 -0.048559 0.092347 0.713718 0.692618
1649856251.065996 1.486996 -8.961424 8.390240 -0.048349 0.093053 0.726366 0.679262
1649856251.090994 1.589564 -8.985783 8.544305 -0.047476 0.093701 0.737633 0.666981
1649856251.115993 1.692890 -9.008968 8.699615 -0.046550 0.094228 0.748178 0.655121
1649856251.140991 1.793884 -9.030915 8.857770 -0.045084 0.094092 0.758642 0.643099
1649856251.165989 1.892868 -9.057173 9.016745 -0.043120 0.095509 0.768416 0.631313
1649856251.190988 1.994490 -9.081537 9.172744 -0.040257 0.096677 0.777410 0.620215
1649856251.215986 2.095534 -9.106076 9.328613 -0.037495 0.097953 0.785976 0.609296
1649856251.240985 2.196555 -9.131543 9.483895 -0.034958 0.100541 0.793887 0.598676
1649856251.265981 2.294037 -9.163860 9.638262 -0.032587 0.106223 0.800983 0.588287
1649856251.290979 2.394722 -9.191289 9.792515 -0.030076 0.111219 0.807925 0.577912
1649856251.315978 2.495714 -9.219257 9.946450 -0.027919 0.115578 0.814949 0.567204
1649856251.340976 2.597034 -9.247929 10.100137 -0.026864 0.119435 0.821765 0.556521
1649856251.365975 2.693250 -9.269308 10.259421 -0.025669 0.123159 0.828309 0.545964
1649856251.390973 2.794792 -9.298774 10.413016 -0.026079 0.127565 0.833689 0.536666
1649856251.415972 2.897024 -9.328562 10.566684 -0.028105 0.131274 0.838188 0.528600
1649856251.440970 3.000202 -9.358412 10.720406 -0.032245 0.131956 0.843283 0.520021
1649856251.465969 3.105957 -9.394440 10.863406 -0.039353 0.130800 0.849620 0.509400
1649856251.490967 3.198855 -9.417692 11.019185 -0.043802 0.130012 0.856896 0.496897
1649856251.515965 3.302024 -9.449272 11.173985 -0.047401 0.130879 0.863077 0.485513
1649856251.540964 3.405159 -9.481259 11.329413 -0.049874 0.131630 0.868341 0.475574
1649856251.565963 3.510508 -9.510478 11.492480 -0.051408 0.131420 0.872273 0.468216
1649856251.590961 3.614180 -9.542247 11.648943 -0.053230 0.128313 0.875332 0.463138
1649856251.615959 3.717884 -9.574238 11.805861 -0.054103 0.124770 0.877231 0.460403
1649856251.640958 3.821283 -9.606752 11.963248 -0.053907 0.122541 0.878144 0.459283
1649856251.665956 3.929771 -9.647649 12.104681 -0.055433 0.121189 0.878396 0.458978
1649856251.690955 4.031396 -9.680393 12.262836 -0.054127 0.119689 0.879098 0.458183
1649856251.715953 4.135433 -9.715609 12.423678 -0.052007 0.118337 0.879558 0.457897
1649856251.740952 4.238696 -9.750326 12.582422 -0.049796 0.117604 0.879483 0.458474
1649856251.765950 4.340560 -9.781906 12.746479 -0.046558 0.116882 0.878996 0.459931
1649856251.790949 4.443443 -9.816349 12.905693 -0.044041 0.115125 0.878515 0.461538
1649856251.815947 4.545896 -9.849039 13.061770 -0.042213 0.112781 0.878097 0.463082
1649856251.840945 4.649122 -9.884089 13.221341 -0.040110 0.110827 0.877510 0.464849
1649856251.865944 4.749281 -9.928548 13.387335 -0.038388 0.111456 0.876710 0.466351
1649856251.890943 4.851319 -9.965210 13.546909 -0.037097 0.110993 0.875902 0.468081
1649856251.915941 4.960083 -10.007772 13.726366 -0.033992 0.111523 0.874746 0.470347
1649856251.940939 5.061675 -10.046044 13.886116 -0.033435 0.111741 0.873894 0.471916
1649856251.965938 5.164820 -10.084219 14.045775 -0.032925 0.112811 0.872664 0.473970
1649856251.990936 5.258274 -10.117028 14.208372 -0.032377 0.114538 0.871422 0.475874
1649856252.015935 5.355640 -10.157989 14.362887 -0.033035 0.114882 0.869960 0.478414
1649856252.040933 5.455649 -10.196638 14.522975 -0.033332 0.115011 0.868097 0.481736
1649856252.065932 5.550936 -10.212011 14.763621 -0.021986 0.115685 0.865692 0.486530
1649856252.090930 5.648495 -10.248891 14.924861 -0.022470 0.116025 0.862965 0.491249
1649856252.115929 5.745413 -10.284503 15.083961 -0.023287 0.116128 0.860173 0.496058
1649856252.140927 5.842961 -10.321847 15.252914 -0.023332 0.118018 0.856928 0.501201
1649856252.165926 5.931534 -10.365560 15.448599 -0.023222 0.126951 0.852983 0.505732
1649856252.190924 6.023572 -10.402969 15.610806 -0.023650 0.128111 0.850357 0.509825
1649856252.215922 6.114361 -10.441098 15.774013 -0.023787 0.129934 0.847883 0.513465
1649856252.240921 6.205079 -10.480268 15.933648 -0.023699 0.132115 0.845108 0.517472
1649856252.265919 6.294196 -10.514025 16.099727 -0.022375 0.136030 0.841131 0.522966
1649856252.290918 6.376281 -10.546695 16.258356 -0.021188 0.140922 0.836455 0.529183
1649856252.315916 6.467328 -10.587611 16.420165 -0.019564 0.147206 0.830487 0.536879
1649856252.340915 6.554099 -10.627374 16.577902 -0.018791 0.151202 0.825672 0.543186
1649856252.365913 6.635936 -10.669426 16.727900 -0.020731 0.156090 0.821847 0.547516
1649856252.390912 6.719777 -10.708671 16.884417 -0.020084 0.159734 0.818729 0.551148
1649856252.415910 6.805531 -10.750762 17.042301 -0.018726 0.164134 0.815701 0.554384
1649856252.440909 6.888641 -10.792981 17.198644 -0.017595 0.168470 0.813147 0.556867
1649856252.465907 6.977996 -10.841819 17.343131 -0.017619 0.171566 0.810722 0.559450
1649856252.490906 7.060048 -10.884217 17.498518 -0.015860 0.175246 0.808582 0.561456
1649856252.515904 7.141784 -10.927476 17.653340 -0.013504 0.179066 0.805903 0.564157
1649856252.540902 7.222825 -10.971221 17.807706 -0.010623 0.182841 0.802622 0.567674
1649856252.565901 7.312372 -11.005770 17.985173 -0.005914 0.189410 0.797221 0.573173
1649856252.590899 7.392649 -11.050007 18.139061 -0.003049 0.192191 0.793028 0.578065
1649856252.615898 7.472215 -11.094904 18.292349 -0.001079 0.193815 0.789430 0.582439
1649856252.640896 7.550757 -11.140784 18.445067 0.000080 0.195085 0.786793 0.585575
1649856252.665895 7.618973 -11.202702 18.565770 -0.003230 0.198249 0.785255 0.586568
1649856252.690893 7.693602 -11.254297 18.707361 -0.004332 0.203010 0.783664 0.587060
1649856252.715892 7.767200 -11.305006 18.855907 -0.005142 0.206419 0.783221 0.586455
1649856252.740890 7.840341 -11.356358 19.004564 -0.006503 0.209540 0.782724 0.585998
1649856252.765888 7.905239 -11.414048 19.175797 -0.007204 0.219355 0.780306 0.585623
1649856252.790887 7.976489 -11.467345 19.326118 -0.008133 0.222317 0.778136 0.587378
1649856252.815886 8.047461 -11.520937 19.476620 -0.009401 0.222983 0.776488 0.589285
1649856252.840884 8.073755 -11.597023 19.600183 -0.013641 0.220836 0.779063 0.586605
1649856252.865882 8.139007 -11.646743 19.755943 -0.014515 0.219436 0.778553 0.587787
1649856252.890881 8.204312 -11.702515 19.906564 -0.016778 0.218138 0.778201 0.588674
1649856252.915879 8.269050 -11.759521 20.057660 -0.019427 0.216630 0.778110 0.589270
1649856252.940878 8.319043 -11.821241 20.201085 -0.023185 0.216375 0.778193 0.589117
1649856252.965876 8.378050 -11.876938 20.348195 -0.025435 0.214574 0.777801 0.590201
1649856252.990875 8.438222 -11.936202 20.499675 -0.027945 0.213722 0.777162 0.591237
1649856253.015873 8.497301 -11.995407 20.650736 -0.030586 0.212488 0.777020 0.591738
1649856253.040872 8.545086 -12.057586 20.797449 -0.032757 0.211952 0.776864 0.592018
1649856253.065870 8.602462 -12.120942 20.961947 -0.032577 0.212794 0.776256 0.592524
1649856253.090868 8.657391 -12.182456 21.114780 -0.032446 0.212126 0.775631 0.593587
1649856253.115867 8.711635 -12.245152 21.267993 -0.031330 0.211933 0.774336 0.595405
1649856253.140866 8.759386 -12.308479 21.429293 -0.028891 0.213737 0.771926 0.598007
1649856253.165864 8.809121 -12.372922 21.570731 -0.024837 0.207929 0.770269 0.602357
1649856253.190862 8.859450 -12.436891 21.724031 -0.022421 0.207558 0.767706 0.605842
1649856253.215861 8.906541 -12.508925 21.863963 -0.022629 0.207253 0.765225 0.609069
1649856253.240859 8.914313 -12.588711 21.973968 -0.018949 0.195892 0.762035 0.616903
1649856253.265858 8.953619 -12.659871 22.120318 -0.018088 0.194367 0.759670 0.620319
1649856253.290856 8.990919 -12.724480 22.267977 -0.017692 0.193265 0.757705 0.623072
1649856253.315855 9.027501 -12.791650 22.416481 -0.017458 0.191708 0.756059 0.625554
1649856253.340853 9.056705 -12.870707 22.579820 -0.018830 0.195935 0.753919 0.626786
1649856253.365852 9.092780 -12.941680 22.735793 -0.017680 0.193088 0.751608 0.630468
1649856253.390850 9.125296 -13.013762 22.884079 -0.020013 0.194807 0.749042 0.632919
1649856253.415848 9.155655 -13.086950 23.030217 -0.023505 0.195425 0.747438 0.634502
1649856253.440847 9.192144 -13.150815 23.185654 -0.024662 0.188935 0.747885 0.635896
1649856253.465845 9.220164 -13.231081 23.351838 -0.030154 0.190256 0.750279 0.632435
1649856253.490844 9.249744 -13.303078 23.498115 -0.033852 0.186174 0.751892 0.631547
1649856253.515842 9.275204 -13.383112 23.644911 -0.038014 0.186232 0.753156 0.629784
1649856253.540841 9.312736 -13.455395 23.806060 -0.038547 0.187061 0.753713 0.628839
1649856253.565839 9.333294 -13.548736 23.997839 -0.043600 0.199002 0.756887 0.620982
1649856253.590838 9.360064 -13.633275 24.154333 -0.045625 0.200080 0.759597 0.617171
1649856253.615836 9.386109 -13.717408 24.309103 -0.043560 0.200169 0.761383 0.615086
1649856253.640835 9.410269 -13.816762 24.481837 -0.045643 0.209476 0.765397 0.606797
1649856253.665833 9.434687 -13.907555 24.650484 -0.042839 0.212326 0.768262 0.602375
1649856253.690832 9.459616 -13.998157 24.810198 -0.039283 0.211863 0.770966 0.599318
1649856253.715830 9.484587 -14.087861 24.965241 -0.033482 0.211284 0.771107 0.599693
1649856253.740829 9.503274 -14.182611 25.131569 -0.030318 0.214760 0.772151 0.597278
1649856253.765827 9.524396 -14.279639 25.287173 -0.027548 0.214187 0.773231 0.596220
1649856253.790825 9.542380 -14.378541 25.445876 -0.024951 0.214557 0.774102 0.595071
1649856253.815824 9.562046 -14.476270 25.606928 -0.022594 0.216250 0.774331 0.594253
1649856253.840822 9.590768 -14.552718 25.826396 -0.012911 0.233284 0.772120 0.590968
1649856253.865821 9.609374 -14.651656 25.993714 -0.009989 0.235592 0.771066 0.591485
1649856253.890819 9.624846 -14.754807 26.154264 -0.007431 0.234373 0.771160 0.591884
1649856253.915818 9.645779 -14.853832 26.322357 -0.005253 0.235286 0.770434 0.592490
1649856253.940816 9.698361 -14.918703 26.516276 -0.005502 0.253182 0.753121 0.607188
1649856253.965815 9.712081 -15.020430 26.676889 -0.003464 0.254589 0.748178 0.612701
1649856253.990813 9.724664 -15.120527 26.837720 -0.001670 0.257331 0.742580 0.618347
1649856254.015811 9.735754 -15.222088 26.998532 -0.000325 0.260183 0.737316 0.623434
1649856254.040810 9.770893 -15.321746 27.149151 0.000174 0.264369 0.732074 0.627835
1649856254.065809 9.783653 -15.422534 27.308142 -0.000552 0.267292 0.726424 0.633137
1649856254.090807 9.794679 -15.526204 27.466148 -0.001664 0.270025 0.720748 0.638441
1649856254.115805 9.806248 -15.628910 27.623212 -0.003540 0.272852 0.714698 0.644007
1649856254.140804 9.860422 -15.575928 27.763360 -0.010618 0.295464 0.678426 0.672552
1649856254.165802 9.869461 -15.672355 27.917481 -0.014557 0.299228 0.667765 0.681426
1649856254.190801 9.878347 -15.769869 28.067165 -0.018785 0.302638 0.655316 0.691822
1649856254.215799 9.884636 -15.872106 28.214534 -0.023638 0.304982 0.642164 0.702889
1649856254.240798 9.901952 -15.941257 28.339724 -0.030718 0.307970 0.622375 0.718930
1649856254.265796 9.907721 -16.041890 28.485644 -0.036154 0.310280 0.606118 0.731464
1649856254.290795 9.913212 -16.143440 28.629838 -0.042036 0.312124 0.589012 0.744229
1649856254.315793 9.916884 -16.248899 28.773553 -0.048563 0.312768 0.571993 0.756731
1649856254.340791 9.950743 -16.315370 28.904097 -0.058814 0.318997 0.543211 0.774405
1649856254.365790 9.953013 -16.422870 29.044961 -0.065356 0.319913 0.522588 0.787583
1649856254.390789 9.954587 -16.532361 29.184602 -0.072283 0.320456 0.500642 0.800900
1649856254.415787 10.037323 -16.363958 29.052788 -0.105158 0.367495 0.408682 0.828775
1649856254.440785 10.036428 -16.463189 29.159594 -0.114428 0.367508 0.373507 0.844001
1649856254.465784 10.033962 -16.571205 29.264779 -0.123771 0.365467 0.338421 0.858246
1649856254.490782 10.026786 -16.683878 29.369791 -0.133049 0.362024 0.302733 0.871544
1649856254.515781 10.016814 -16.801060 29.474148 -0.140992 0.357734 0.266088 0.883937
1649856254.540779 9.980277 -16.948780 29.572772 -0.140280 0.341618 0.238034 0.898309
1649856254.565778 9.965889 -17.075190 29.673306 -0.145855 0.333467 0.199235 0.909853
1649856254.590776 10.002987 -17.198745 29.718255 -0.158934 0.324452 0.136177 0.922457
1649856254.615775 9.985969 -17.337948 29.814908 -0.164029 0.312446 0.093093 0.931024
