# timestamp tx ty tz qx qy qz qw
1649856227.767436 0.006333 -0.031179 0.019300 0.022280 0.021291 -0.000176 0.999525
1649856227.842431 0.007778 -0.030886 0.017771 0.022428 0.021279 0.000750 0.999522
1649856227.867430 -0.022697 -0.019487 0.035504 0.021172 0.020448 -0.008405 0.999531
1649856227.892428 -0.010607 -0.015855 0.016677 0.012119 0.014079 -0.006233 0.999808
1649856227.917427 -0.006487 -0.016212 0.012376 0.014471 0.012892 -0.003224 0.999807
1649856227.942425 -0.006907 -0.014766 0.011660 0.014526 0.012866 -0.002941 0.999807
1649856227.967423 -0.007909 -0.013627 0.015965 0.014030 0.012978 -0.002862 0.999813
1649856227.992422 -0.002329 -0.004958 0.015489 0.011492 0.014055 -0.002566 0.999832
1649856228.017420 -0.001755 -0.016566 0.020610 0.014277 0.017002 -0.001838 0.999752
1649856228.042419 -0.002947 -0.014992 0.021327 0.014262 0.017082 -0.001764 0.999751
1649856228.067417 -0.005205 -0.013189 0.021237 0.014142 0.016989 -0.001699 0.999754
1649856228.092416 -0.005514 -0.010507 0.021783 0.014191 0.016896 -0.001508 0.999755
1649856228.117414 -0.006385 -0.011685 0.020319 0.014093 0.016552 -0.001665 0.999762
1649856228.142413 -0.007968 -0.010168 0.020640 0.014047 0.016593 -0.001576 0.999762
1649856228.167411 -0.009646 -0.008715 0.021876 0.013781 0.016566 -0.001437 0.999767
1649856228.192410 -0.009117 -0.004778 0.022679 0.013543 0.016598 -0.001331 0.999770
1649856228.217408 -0.012015 -0.006455 0.022021 0.013428 0.016216 -0.002049 0.999776
1649856228.242407 -0.014258 -0.004159 0.022414 0.013437 0.016209 -0.002003 0.999776
1649856228.267405 -0.017972 -0.015061 0.018568 0.014446 0.016334 -0.001784 0.999761
1649856228.292403 -0.017659 -0.012076 0.018548 0.014379 0.015865 -0.002114 0.999769
1649856228.317402 -0.017975 -0.008659 0.018225 0.014248 0.015389 -0.003392 0.999774
1649856228.342400 -0.020129 -0.006379 0.018295 0.014265 0.015337 -0.003323 0.999775
1649856228.367399 -0.020917 -0.004929 0.020313 0.014173 0.015649 -0.002874 0.999773
1649856228.392397 -0.019790 -0.003031 0.021165 0.013856 0.015926 -0.002794 0.999773
1649856228.417396 -0.019406 -0.004398 0.021541 0.013805 0.015865 -0.003091 0.999774
1649856228.442394 -0.021473 -0.002243 0.021857 0.013831 0.015862 -0.003078 0.999774
1649856228.467393 -0.023376 -0.000200 0.023402 0.013548 0.016039 -0.002963 0.999775
1649856228.492391 -0.021571 0.001633 0.022558 0.013512 0.016266 -0.002766 0.999773
1649856228.517390 -0.021883 -0.002074 0.020682 0.013503 0.016337 -0.003441 0.999769
1649856228.542388 -0.023893 -0.000114 0.020689 0.013506 0.016359 -0.003406 0.999769
1649856228.567386 -0.026039 0.001499 0.022417 0.013123 0.016596 -0.003321 0.999771
1649856228.592385 -0.024559 0.003226 0.022016 0.013129 0.016675 -0.003127 0.999770
1649856228.617383 -0.025014 -0.001400 0.020903 0.013390 0.017016 -0.003563 0.999759
1649856228.642382 -0.027014 0.000226 0.020848 0.013414 0.017027 -0.003550 0.999759
1649856228.667380 -0.028902 0.001338 0.023398 0.013218 0.017196 -0.003213 0.999760
1649856228.692379 -0.027909 0.002725 0.023756 0.013277 0.016933 -0.003219 0.999763
1649856228.717377 -0.029182 -0.010267 0.019976 0.013929 0.015984 -0.004975 0.999763
1649856228.742376 -0.030981 -0.009754 0.019918 0.013948 0.015967 -0.004946 0.999763
1649856228.767374 -0.032587 -0.009133 0.020196 0.013830 0.016035 -0.004794 0.999764
1649856228.792373 -0.031202 -0.007178 0.020866 0.013756 0.016032 -0.004796 0.999765
1649856228.817371 -0.031009 -0.006390 0.020990 0.013800 0.015903 -0.004775 0.999767
1649856228.842370 -0.032809 -0.005194 0.021023 0.013814 0.015902 -0.004766 0.999767
1649856228.867368 -0.034302 -0.003855 0.021808 0.013661 0.015984 -0.004643 0.999768
1649856228.892366 -0.032231 -0.002371 0.022073 0.013624 0.015895 -0.004445 0.999771
1649856228.917365 -0.032003 -0.003617 0.021939 0.013821 0.015766 -0.004908 0.999768
1649856228.942363 -0.033456 -0.001894 0.022116 0.013845 0.015763 -0.004866 0.999768
1649856228.967362 -0.034692 -0.000125 0.023291 0.013647 0.015818 -0.004755 0.999770
1649856228.992360 -0.033186 0.003379 0.023856 0.013550 0.015916 -0.004601 0.999771
1649856229.017359 -0.033736 -0.010643 0.020681 0.013739 0.015866 -0.005845 0.999763
1649856229.042357 -0.034887 -0.010453 0.020580 0.013758 0.015858 -0.005830 0.999763
1649856229.067356 -0.035948 -0.010143 0.020710 0.013658 0.015904 -0.005746 0.999764
1649856229.092354 -0.034563 -0.008771 0.021164 0.013590 0.015848 -0.005670 0.999766
1649856229.117352 -0.034498 -0.007786 0.021233 0.013571 0.015777 -0.005607 0.999768
1649856229.142351 -0.035688 -0.006708 0.021215 0.013583 0.015757 -0.005552 0.999768
1649856229.192348 -0.034895 -0.004184 0.021985 0.013479 0.015545 -0.005245 0.999775
1649856229.217346 -0.035381 -0.005054 0.021600 0.013622 0.015623 -0.005454 0.999770
1649856229.242345 -0.036557 -0.003502 0.021593 0.013632 0.015604 -0.005415 0.999771
1649856229.267343 -0.038065 -0.002503 0.022413 0.013453 0.015633 -0.005367 0.999773
1649856229.292342 -0.036840 -0.002412 0.021753 0.013607 0.015537 -0.004912 0.999775
1649856229.317340 -0.036075 -0.012263 0.016567 0.014556 0.015313 -0.005492 0.999762
1649856229.342339 -0.037171 -0.011337 0.016213 0.014587 0.015268 -0.005451 0.999762
1649856229.367337 -0.038002 -0.010331 0.016315 0.014458 0.015366 -0.005312 0.999763
1649856229.392335 -0.036107 -0.007992 0.016674 0.014563 0.015231 -0.005283 0.999764
1649856229.417334 -0.033066 -0.006854 0.018577 0.014037 0.015523 -0.006383 0.999761
1649856229.442333 -0.033988 -0.006347 0.018521 0.014053 0.015529 -0.006380 0.999760
1649856229.467331 -0.036471 -0.005417 0.017696 0.015994 0.015268 -0.006224 0.999736
1649856229.492329 -0.035734 -0.004441 0.018231 0.015581 0.015388 -0.006038 0.999742
1649856229.517328 -0.035392 -0.004684 0.017858 0.014859 0.014683 -0.005960 0.999764
1649856229.542326 -0.036618 -0.003434 0.017773 0.014915 0.014642 -0.005935 0.999764
1649856229.567325 -0.036371 -0.003028 0.018858 0.014667 0.014689 -0.005891 0.999767
1649856229.592323 -0.035642 -0.001640 0.019452 0.014356 0.014861 -0.005698 0.999770
1649856229.617322 -0.033758 -0.010833 0.016506 0.014692 0.014876 -0.005976 0.999764
1649856229.642320 -0.034756 -0.010315 0.016306 0.014701 0.014868 -0.005964 0.999764
1649856229.667319 -0.035613 -0.009722 0.016484 0.014569 0.014954 -0.005879 0.999765
1649856229.692317 -0.034466 -0.008413 0.016846 0.014587 0.014889 -0.005685 0.999767
1649856229.717315 -0.035306 -0.007261 0.017397 0.014775 0.015249 -0.005679 0.999758
1649856229.742314 -0.036653 -0.005837 0.017409 0.014803 0.015232 -0.005674 0.999758
1649856229.767312 -0.037892 -0.004625 0.018343 0.014587 0.015327 -0.005603 0.999760
1649856229.792311 -0.037282 -0.003259 0.018907 0.014422 0.015390 -0.005470 0.999763
1649856229.817309 -0.037530 -0.003127 0.018925 0.014452 0.015474 -0.005848 0.999759
1649856229.842308 -0.038962 -0.001175 0.019131 0.014469 0.015467 -0.005830 0.999759
1649856229.867306 -0.041542 -0.010477 0.018376 0.014327 0.015640 -0.007562 0.999746
1649856229.917303 -0.040363 -0.008722 0.019371 0.013996 0.015464 -0.006767 0.999760
1649856229.942302 -0.041724 -0.007749 0.019516 0.014007 0.015454 -0.006785 0.999759
1649856229.967300 -0.043437 -0.006567 0.018392 0.016127 0.014890 -0.006573 0.999737
1649856229.992299 -0.043095 -0.004931 0.019023 0.015602 0.015103 -0.006304 0.999744
1649856230.017297 -0.043842 -0.004178 0.019535 0.014847 0.014732 -0.006699 0.999759
1649856230.042295 -0.045425 -0.002395 0.019743 0.014858 0.014711 -0.006686 0.999759
1649856230.067294 -0.047087 -0.000849 0.020988 0.014652 0.014772 -0.006675 0.999761
1649856230.092292 -0.045707 0.002161 0.022310 0.014451 0.014849 -0.006459 0.999764
1649856230.117291 -0.047216 0.001067 0.022808 0.013975 0.015189 -0.006992 0.999763
1649856230.167288 -0.050962 0.004548 0.025114 0.013740 0.015225 -0.007009 0.999765
1649856230.192286 -0.049248 0.007126 0.026977 0.013460 0.015283 -0.006837 0.999769
1649856230.217285 -0.052471 0.003829 0.027121 0.013063 0.015658 -0.007560 0.999763
1649856230.242283 -0.054270 0.005845 0.027803 0.013060 0.015694 -0.007553 0.999763
1649856230.267280 -0.056253 0.007380 0.029734 0.012866 0.015694 -0.007542 0.999766
1649856230.292278 -0.053691 0.010142 0.030816 0.012697 0.015765 -0.007829 0.999764
1649856230.317277 -0.058609 -0.004655 0.026138 0.013561 0.015806 -0.009649 0.999737
1649856230.342275 -0.060110 -0.004082 0.026574 0.013573 0.015818 -0.009686 0.999736
1649856230.367274 -0.061277 -0.003401 0.027288 0.013523 0.015836 -0.009655 0.999737
1649856230.392272 -0.056380 -0.001724 0.028512 0.013222 0.015790 -0.009452 0.999743
1649856230.417270 -0.052907 -0.006344 0.028150 0.013261 0.015756 -0.008422 0.999752
1649856230.442269 -0.053774 -0.006200 0.028400 0.013266 0.015746 -0.008444 0.999752
1649856230.467267 -0.051371 -0.008546 0.027740 0.013111 0.015521 -0.009176 0.999751
1649856230.492266 -0.049602 -0.008366 0.028153 0.012782 0.015528 -0.008911 0.999758
1649856230.517264 -0.048612 -0.008554 0.028161 0.013026 0.015472 -0.008065 0.999763
1649856230.542263 -0.049271 -0.008337 0.028276 0.013056 0.015448 -0.008086 0.999763
1649856230.567261 -0.050937 -0.007589 0.026858 0.015805 0.015043 -0.008103 0.999729
1649856230.592259 -0.049643 -0.006672 0.026921 0.015258 0.015281 -0.007897 0.999736
1649856230.617258 -0.049617 -0.005201 0.026443 0.013978 0.015108 -0.007871 0.999757
1649856230.642256 -0.050723 -0.004061 0.026327 0.013972 0.015111 -0.007900 0.999757
1649856230.667255 -0.051900 -0.002934 0.026641 0.013895 0.015117 -0.007917 0.999758
1649856230.692253 -0.049368 -0.000866 0.026662 0.013851 0.015141 -0.007507 0.999761
1649856230.717252 -0.051248 -0.005955 0.027188 0.013851 0.014808 -0.008015 0.999762
1649856230.742250 -0.052551 -0.004951 0.027225 0.013860 0.014778 -0.008033 0.999762
1649856230.767249 -0.053457 -0.003752 0.027404 0.013867 0.014741 -0.008048 0.999763
1649856230.792247 -0.051359 -0.001962 0.027843 0.013646 0.014739 -0.007870 0.999767
1649856230.817245 -0.050122 -0.005674 0.028046 0.013661 0.014763 -0.008330 0.999763
1649856230.842244 -0.051314 -0.005031 0.028110 0.013672 0.014738 -0.008335 0.999763
1649856230.867242 -0.052528 -0.004268 0.028284 0.013663 0.014747 -0.008343 0.999763
1649856230.917239 -0.050672 -0.001953 0.028336 0.013568 0.014715 -0.008064 0.999767
1649856230.942238 -0.048549 -0.008967 0.025995 0.013800 0.014571 -0.008606 0.999762
1649856230.967236 -0.051181 -0.009043 0.025606 0.013623 0.014673 -0.008480 0.999764
1649856230.992235 -0.048641 -0.007872 0.025709 0.013545 0.014628 -0.008082 0.999769
1649856231.017233 -0.049289 -0.005637 0.026079 0.013749 0.014568 -0.008042 0.999767
1649856231.042232 -0.050550 -0.004595 0.025952 0.013745 0.014566 -0.008083 0.999767
1649856231.067230 -0.051601 -0.003434 0.026110 0.013698 0.014549 -0.008058 0.999768
1649856231.092228 -0.049783 -0.001638 0.026556 0.013672 0.014490 -0.007902 0.999770
1649856231.117227 -0.049761 -0.004885 0.026962 0.014025 0.014038 -0.008374 0.999768
1649856231.142225 -0.052459 -0.004160 0.027108 0.013963 0.014192 -0.008630 0.999765
1649856231.167224 -0.051876 -0.005656 0.027435 0.013670 0.014069 -0.009580 0.999762
1649856231.192222 -0.051542 -0.004632 0.027961 0.013611 0.014039 -0.009443 0.999764
1649856231.217221 -0.051944 -0.004280 0.027957 0.013909 0.014078 -0.008954 0.999764
1649856231.242219 -0.053845 -0.003555 0.028211 0.013840 0.014166 -0.008998 0.999763
1649856231.267217 -0.055488 -0.002528 0.028546 0.013887 0.014113 -0.008972 0.999764
1649856231.292216 -0.055225 -0.000847 0.029119 0.013778 0.014236 -0.009085 0.999762
1649856231.317214 -0.054687 -0.003841 0.028367 0.013829 0.014116 -0.009296 0.999762
1649856231.342213 -0.055716 -0.003037 0.028543 0.013808 0.014100 -0.009178 0.999763
1649856231.367211 -0.057352 -0.002059 0.028807 0.013867 0.014058 -0.009140 0.999763
1649856231.392210 -0.057040 -0.000406 0.029472 0.013753 0.014144 -0.009172 0.999763
1649856231.417208 -0.056182 -0.005142 0.029065 0.013638 0.014150 -0.009945 0.999757
1649856231.442207 -0.056793 -0.004421 0.029167 0.013676 0.014054 -0.009885 0.999759
1649856231.467205 -0.057630 -0.003233 0.030200 0.013671 0.014341 -0.009961 0.999754
1649856231.492203 -0.058192 -0.002359 0.030386 0.013600 0.014320 -0.009613 0.999759
1649856231.517202 -0.059235 -0.001698 0.030659 0.013512 0.014359 -0.009562 0.999760
1649856231.542201 -0.060229 -0.000941 0.030922 0.013476 0.014344 -0.009395 0.999762
1649856231.567199 -0.061750 0.000143 0.031304 0.013429 0.014283 -0.009387 0.999764
1649856231.592197 -0.062216 0.000794 0.030928 0.013679 0.014097 -0.009332 0.999764
1649856231.617196 -0.059081 -0.006438 0.027744 0.013982 0.014300 -0.009881 0.999751
1649856231.642194 -0.059173 -0.005498 0.027318 0.014097 0.014053 -0.009769 0.999754
1649856231.667193 -0.060545 -0.004804 0.027481 0.014195 0.014057 -0.009501 0.999755
1649856231.692191 -0.059841 -0.003150 0.027812 0.014193 0.013952 -0.009411 0.999758
1649856231.717190 -0.058394 -0.005131 0.027102 0.013823 0.014512 -0.009886 0.999750
1649856231.742188 -0.058863 -0.004084 0.026847 0.013841 0.014459 -0.009886 0.999751
1649856231.767186 -0.059730 -0.003109 0.026790 0.013764 0.014450 -0.009861 0.999752
1649856231.792185 -0.058755 -0.001132 0.026975 0.013839 0.014358 -0.009916 0.999752
1649856231.817183 -0.058102 0.000212 0.028079 0.013406 0.014808 -0.009440 0.999756
1649856231.842182 -0.059145 0.001367 0.028264 0.013286 0.014882 -0.009514 0.999756
1649856231.867180 -0.060149 0.002765 0.028583 0.013197 0.014818 -0.009520 0.999758
1649856231.892179 -0.060173 0.003727 0.028685 0.013513 0.014356 -0.009500 0.999760
1649856231.917177 -0.059984 0.003543 0.029147 0.013588 0.014531 -0.009589 0.999756
1649856231.942176 -0.060262 0.003097 0.029305 0.013473 0.014655 -0.009673 0.999755
1649856231.967174 -0.061227 0.004274 0.029888 0.013364 0.014556 -0.009694 0.999758
1649856231.992172 -0.061709 0.006088 0.031035 0.013300 0.014185 -0.009409 0.999767
1649856232.017171 -0.061909 0.005040 0.031168 0.013119 0.014512 -0.009762 0.999761
1649856232.042169 -0.062205 0.004714 0.031827 0.012950 0.014506 -0.009567 0.999765
1649856232.067168 -0.063547 0.005626 0.032516 0.012878 0.014432 -0.009568 0.999767
1649856232.092166 -0.060818 0.002628 0.029903 0.013777 0.014433 -0.009481 0.999756
1649856232.117165 -0.056640 -0.004584 0.025245 0.013893 0.015233 -0.009226 0.999745
1649856232.142163 -0.057797 -0.003900 0.025099 0.013844 0.015325 -0.009339 0.999743
1649856232.167162 -0.058178 -0.005293 0.025108 0.013371 0.015697 -0.010403 0.999733
1649856232.192160 -0.056785 -0.004166 0.025271 0.013411 0.015516 -0.010264 0.999737
1649856232.217158 -0.057791 -0.004311 0.025379 0.013387 0.015472 -0.009774 0.999743
1649856232.242157 -0.058659 -0.003769 0.025098 0.013394 0.015391 -0.009731 0.999744
1649856232.267155 -0.059612 -0.003223 0.025222 0.013340 0.015302 -0.009717 0.999747
1649856232.292154 -0.059545 -0.003041 0.025561 0.013408 0.014817 -0.009589 0.999754
1649856232.317152 -0.057896 -0.003484 0.025755 0.013756 0.014628 -0.009571 0.999753
1649856232.342151 -0.058695 -0.002463 0.025820 0.013706 0.014681 -0.009626 0.999752
1649856232.367149 -0.058496 -0.001225 0.027304 0.013923 0.013869 -0.009715 0.999760
1649856232.392148 -0.058482 0.000012 0.027540 0.013856 0.013798 -0.009480 0.999764
1649856232.417146 -0.054527 -0.006676 0.024175 0.013994 0.014761 -0.009227 0.999751
1649856232.442144 -0.056101 -0.005846 0.024043 0.013977 0.014833 -0.009523 0.999747
1649856232.467143 -0.057112 -0.005103 0.024033 0.013839 0.014448 -0.010008 0.999750
1649856232.492141 -0.057622 -0.003979 0.024005 0.013860 0.014041 -0.009825 0.999757
1649856232.517140 -0.057408 -0.004956 0.024054 0.013958 0.014501 -0.009534 0.999752
1649856232.542138 -0.058477 -0.003972 0.024069 0.013944 0.014532 -0.009578 0.999751
1649856232.567137 -0.059600 -0.002985 0.024171 0.013869 0.014528 -0.009561 0.999753
1649856232.592135 -0.059307 -0.001155 0.024262 0.013994 0.014280 -0.009563 0.999754
1649856232.617134 -0.059073 0.000548 0.024682 0.014033 0.014231 -0.009425 0.999756
1649856232.642132 -0.060241 0.001842 0.025051 0.013923 0.014297 -0.009519 0.999756
1649856232.667130 -0.061286 0.003308 0.025569 0.013804 0.014200 -0.009519 0.999759
1649856232.692129 -0.061179 0.003919 0.025926 0.013927 0.013829 -0.009531 0.999762
1649856232.717127 -0.060619 0.003384 0.027199 0.013902 0.013695 -0.009592 0.999764
1649856232.742126 -0.060886 0.003212 0.027464 0.013849 0.013805 -0.009620 0.999763
1649856232.767124 -0.061511 0.005689 0.029692 0.013623 0.013884 -0.009541 0.999765
1649856232.792123 -0.061537 0.006022 0.030097 0.013532 0.013858 -0.009606 0.999766
1649856232.817121 -0.054808 -0.005678 0.025263 0.013786 0.014896 -0.009490 0.999749
1649856232.842120 -0.056005 -0.005307 0.025349 0.013784 0.014943 -0.009715 0.999746
1649856232.867118 -0.056733 -0.004896 0.025582 0.013717 0.014969 -0.009704 0.999747
1649856232.892117 -0.056120 -0.003814 0.026095 0.013623 0.014930 -0.009647 0.999749
1649856232.917115 -0.055940 -0.003104 0.026101 0.013689 0.014989 -0.009348 0.999750
1649856232.942113 -0.057639 -0.002320 0.026139 0.013661 0.015042 -0.009504 0.999748
1649856232.967112 -0.058547 -0.001336 0.026461 0.013550 0.015059 -0.009461 0.999750
1649856232.992110 -0.058049 0.000226 0.027148 0.013548 0.015066 -0.009462 0.999750
1649856233.017109 -0.055295 -0.003396 0.027630 0.013562 0.014760 -0.008745 0.999761
1649856233.042107 -0.058001 -0.001467 0.028042 0.013565 0.014869 -0.008984 0.999757
1649856233.067106 -0.058233 0.001252 0.029520 0.013465 0.015171 -0.009155 0.999752
1649856233.092104 -0.059117 0.003374 0.030173 0.013530 0.014983 -0.009126 0.999755
1649856233.117103 -0.058855 -0.002424 0.028439 0.013542 0.015047 -0.010510 0.999740
1649856233.142101 -0.059737 -0.001385 0.028656 0.013520 0.015011 -0.010366 0.999742
1649856233.167099 -0.061196 -0.000160 0.029501 0.012964 0.015167 -0.010753 0.999743
1649856233.192098 -0.062117 0.000958 0.029707 0.012977 0.014882 -0.010699 0.999748
1649856233.217096 -0.062985 0.001798 0.029866 0.012979 0.014927 -0.010867 0.999745
1649856233.242095 -0.063118 0.002052 0.029964 0.012981 0.014656 -0.010541 0.999753
1649856233.267093 -0.063946 0.003318 0.030987 0.012589 0.014541 -0.011067 0.999754
1649856233.292092 -0.064472 0.004299 0.031335 0.012582 0.014291 -0.010923 0.999759
1649856233.317090 -0.058704 -0.004917 0.027290 0.013475 0.015722 -0.010589 0.999730
1649856233.342089 -0.059011 -0.004456 0.026933 0.013492 0.015539 -0.010450 0.999734
1649856233.367087 -0.059229 -0.003519 0.027458 0.013074 0.015804 -0.010685 0.999733
1649856233.392085 -0.059534 -0.002738 0.027284 0.013103 0.015405 -0.010548 0.999740
1649856233.417084 -0.060097 -0.001777 0.027393 0.013211 0.015419 -0.010512 0.999739
1649856233.442082 -0.060429 -0.001154 0.027181 0.013219 0.015243 -0.010342 0.999743
1649856233.467081 -0.058732 -0.004044 0.026470 0.013455 0.015676 -0.010730 0.999729
1649856233.517078 -0.058308 -0.002377 0.025956 0.013580 0.015140 -0.010072 0.999742
1649856233.542076 -0.058101 -0.004452 0.025655 0.013521 0.015158 -0.010810 0.999735
1649856233.567075 -0.058672 -0.003974 0.025704 0.013424 0.015169 -0.010803 0.999736
1649856233.592073 -0.057855 -0.002836 0.026055 0.013423 0.015099 -0.010614 0.999740
1649856233.617071 -0.057604 -0.003901 0.025628 0.013529 0.015052 -0.010522 0.999740
1649856233.642070 -0.058444 -0.003285 0.025530 0.013523 0.015047 -0.010496 0.999740
1649856233.667068 -0.059245 -0.002647 0.026754 0.013067 0.015505 -0.010608 0.999738
1649856233.692067 -0.059598 -0.001971 0.026779 0.013055 0.015152 -0.010503 0.999745
1649856233.717065 -0.058986 -0.003325 0.025522 0.013587 0.015519 -0.010185 0.999735
1649856233.742064 -0.059831 -0.002540 0.025369 0.013588 0.015467 -0.010139 0.999737
1649856233.767062 -0.060949 -0.001636 0.025390 0.013515 0.015492 -0.010107 0.999738
1649856233.792061 -0.060872 0.000487 0.025139 0.013594 0.015141 -0.010662 0.999736
1649856233.817059 -0.062139 0.001592 0.025440 0.013510 0.015200 -0.010674 0.999736
1649856233.842057 -0.062461 0.002275 0.025266 0.013518 0.014951 -0.010415 0.999743
1649856233.867056 -0.063503 0.003479 0.025700 0.013434 0.014849 -0.010384 0.999746
1649856233.892054 -0.062677 0.002960 0.026099 0.013411 0.014604 -0.010359 0.999750
1649856233.917053 -0.060307 0.000297 0.026778 0.013471 0.014681 -0.010334 0.999748
1649856233.942051 -0.060288 0.000244 0.026866 0.013490 0.014717 -0.010199 0.999749
1649856233.967050 -0.061030 0.000925 0.028435 0.013067 0.014575 -0.010707 0.999751
1649856233.992048 -0.060766 0.001032 0.029302 0.013058 0.014353 -0.010580 0.999756
1649856234.017047 -0.056264 -0.005287 0.025912 0.013587 0.015205 -0.009905 0.999743
1649856234.042045 -0.057075 -0.004852 0.026018 0.013575 0.015258 -0.010024 0.999741
1649856234.067044 -0.057832 -0.004341 0.026159 0.013528 0.015271 -0.009993 0.999742
1649856234.092042 -0.057794 -0.002974 0.026343 0.013570 0.015153 -0.010329 0.999740
1649856234.117040 -0.058795 -0.002296 0.026828 0.013516 0.015125 -0.010265 0.999742
1649856234.142039 -0.059497 -0.001588 0.026948 0.013519 0.015050 -0.010179 0.999744
1649856234.167037 -0.057358 -0.005541 0.026770 0.013509 0.015510 -0.010922 0.999729
1649856234.192036 -0.057267 -0.005539 0.026749 0.013372 0.015357 -0.010816 0.999734
1649856234.217034 -0.057754 -0.005882 0.026402 0.013530 0.015275 -0.009982 0.999742
1649856234.242033 -0.058005 -0.005390 0.026251 0.013592 0.015150 -0.009936 0.999743
1649856234.267031 -0.058484 -0.005712 0.026067 0.013616 0.015300 -0.010070 0.999740
1649856234.292030 -0.057762 -0.004730 0.026201 0.013631 0.015219 -0.010088 0.999740
1649856234.317028 -0.058283 -0.005120 0.025673 0.013658 0.015079 -0.009893 0.999744
1649856234.342026 -0.058626 -0.004253 0.025589 0.013699 0.015027 -0.009829 0.999745
1649856234.367025 -0.058425 -0.002839 0.026443 0.013311 0.015363 -0.010514 0.999738
1649856234.392023 -0.058717 -0.001960 0.026546 0.013366 0.015064 -0.010430 0.999743
1649856234.417022 -0.057219 -0.003856 0.025338 0.013562 0.015169 -0.010020 0.999743
1649856234.442020 -0.057940 -0.003012 0.025200 0.013560 0.015157 -0.009967 0.999743
1649856234.467019 -0.058800 -0.002020 0.026215 0.013275 0.015543 -0.010595 0.999735
1649856234.492017 -0.059156 -0.000976 0.026406 0.013366 0.015147 -0.010430 0.999742
1649856234.517015 -0.059626 -0.000788 0.027403 0.013388 0.015148 -0.010298 0.999743
1649856234.542014 -0.060144 -0.000077 0.027594 0.013406 0.015054 -0.010162 0.999745
1649856234.567012 -0.060871 0.000740 0.029024 0.013099 0.014968 -0.010733 0.999745
1649856234.592011 -0.061302 0.001854 0.029804 0.013035 0.014596 -0.010571 0.999753
1649856234.617009 -0.061177 0.001430 0.030138 0.013110 0.014731 -0.010451 0.999751
1649856234.642008 -0.061018 0.001376 0.030433 0.013121 0.014646 -0.010187 0.999755
1649856234.667006 -0.061746 0.002036 0.031788 0.012767 0.014492 -0.010705 0.999756
1649856234.692005 -0.062286 0.002941 0.032254 0.012641 0.014342 -0.010566 0.999761
1649856234.717003 -0.061226 0.001634 0.031532 0.012929 0.014418 -0.010226 0.999760
1649856234.742002 -0.060968 0.001448 0.031798 0.012956 0.014291 -0.009932 0.999765
1649856234.767000 -0.062041 0.002522 0.032319 0.012950 0.014235 -0.009907 0.999766
1649856234.791999 -0.062484 0.003243 0.032597 0.012863 0.014104 -0.009858 0.999769
1649856234.816997 -0.061690 0.004155 0.031053 0.013177 0.014310 -0.009987 0.999761
1649856234.841995 -0.061134 0.004085 0.030958 0.013237 0.014353 -0.009669 0.999763
1649856234.866994 -0.061556 0.004835 0.030830 0.013240 0.014082 -0.009779 0.999765
1649856234.891992 -0.061382 0.005439 0.030992 0.013133 0.013955 -0.009608 0.999770
1649856234.916991 -0.061006 0.004929 0.027829 0.013412 0.014406 -0.009710 0.999759
1649856234.941989 -0.061971 0.005690 0.027779 0.013338 0.014394 -0.009415 0.999763
1649856234.966988 -0.062895 0.007113 0.027956 0.013266 0.014483 -0.009512 0.999762
1649856234.991986 -0.063111 0.008006 0.027935 0.013245 0.014168 -0.009445 0.999767
1649856235.016984 -0.063772 0.007498 0.027233 0.013230 0.013919 -0.010231 0.999763
1649856235.041983 -0.063029 0.006449 0.027019 0.013130 0.013854 -0.009896 0.999769
1649856235.066981 -0.063816 0.007081 0.027276 0.012986 0.013702 -0.009870 0.999773
1649856235.091980 -0.063517 0.007302 0.027841 0.012980 0.013144 -0.009737 0.999782
1649856235.116978 -0.060201 -0.000785 0.025281 0.013772 0.013736 -0.010262 0.999758
1649856235.141977 -0.060215 -0.001021 0.024996 0.013743 0.013688 -0.010008 0.999762
1649856235.166975 -0.060862 -0.000742 0.024614 0.013734 0.013508 -0.010440 0.999760
1649856235.191973 -0.059751 -0.000454 0.024685 0.013671 0.013487 -0.010310 0.999762
1649856235.216972 -0.060040 -0.000427 0.024786 0.013731 0.013792 -0.010288 0.999758
1649856235.241970 -0.059972 -0.000467 0.024612 0.013728 0.013701 -0.010151 0.999760
1649856235.266969 -0.059519 0.000024 0.025373 0.013607 0.013918 -0.010370 0.999757
1649856235.291967 -0.059365 0.000355 0.025747 0.013545 0.013441 -0.010214 0.999766
1649856235.316966 -0.059408 0.000199 0.025739 0.013668 0.013881 -0.010301 0.999757
1649856235.366963 -0.050420 -0.009351 0.025178 0.013816 0.012039 -0.009077 0.999791
1649856235.391961 -0.050888 -0.008852 0.024081 0.013208 0.012838 -0.008372 0.999795
1649856235.416960 -0.051691 -0.007555 0.024424 0.013727 0.013809 -0.008489 0.999774
1649856235.441958 -0.053380 -0.007007 0.024587 0.013655 0.014025 -0.008991 0.999768
1649856235.466956 -0.054323 -0.005977 0.024461 0.013689 0.014195 -0.008809 0.999767
1649856235.491955 -0.053749 -0.004696 0.024466 0.013714 0.014139 -0.008745 0.999768
1649856235.516953 -0.054432 -0.003199 0.024369 0.013905 0.014202 -0.008960 0.999762
1649856235.541952 -0.056772 -0.002195 0.024524 0.013788 0.014424 -0.009236 0.999758
1649856235.566950 -0.057880 -0.000976 0.024635 0.013737 0.014439 -0.009178 0.999759
1649856235.591949 -0.057839 0.000826 0.024770 0.013837 0.014279 -0.009161 0.999760
1649856235.616947 -0.058630 0.002198 0.024938 0.013816 0.014242 -0.009449 0.999758
1649856235.641946 -0.060600 0.003229 0.025177 0.013732 0.014327 -0.009328 0.999760
1649856235.666944 -0.062066 0.004860 0.025433 0.013655 0.014318 -0.009278 0.999761
1649856235.691942 -0.062107 0.007064 0.025791 0.013750 0.014217 -0.009365 0.999761
1649856235.716941 -0.063016 0.008427 0.026299 0.013696 0.014323 -0.009763 0.999756
1649856235.741939 -0.064695 0.009356 0.026750 0.013641 0.014387 -0.009321 0.999760
1649856235.766938 -0.066476 0.011243 0.027178 0.013549 0.014378 -0.009249 0.999762
1649856235.791936 -0.066530 0.013967 0.027652 0.013821 0.014230 -0.009465 0.999758
1649856235.816935 -0.066003 0.015756 0.029324 0.013342 0.014841 -0.010832 0.999742
1649856235.841933 -0.067116 0.015044 0.030673 0.013180 0.015097 -0.010593 0.999743
1649856235.866932 -0.068806 0.016616 0.031581 0.013066 0.015082 -0.010581 0.999745
1649856235.891930 -0.068355 0.017423 0.032301 0.013271 0.014388 -0.010533 0.999753
1649856235.916929 -0.069322 0.017095 0.029442 0.013120 0.015253 -0.010940 0.999738
1649856235.941927 -0.070927 0.016312 0.030329 0.013001 0.015620 -0.010084 0.999743
1649856235.966925 -0.070795 0.018485 0.031279 0.012837 0.015764 -0.010472 0.999738
1649856235.991924 -0.070742 0.019883 0.031849 0.013291 0.015337 -0.010601 0.999738
1649856236.016922 -0.071060 0.016811 0.032257 0.012951 0.015186 -0.011663 0.999733
1649856236.041921 -0.069301 0.013389 0.033280 0.012891 0.015222 -0.010826 0.999742
1649856236.066919 -0.070417 0.013356 0.034093 0.012822 0.015172 -0.010761 0.999745
1649856236.091918 -0.069881 0.012643 0.034613 0.012868 0.014834 -0.010793 0.999749
1649856236.116916 -0.067896 0.009987 0.033666 0.012773 0.014769 -0.011436 0.999744
1649856236.141915 -0.065248 0.006523 0.033871 0.012725 0.014711 -0.010616 0.999754
1649856236.166913 -0.065820 0.006092 0.034344 0.012693 0.014618 -0.010581 0.999757
1649856236.191911 -0.064466 0.005331 0.034272 0.012630 0.014509 -0.010433 0.999761
1649856236.216910 -0.060623 -0.004552 0.028117 0.013645 0.016063 -0.010564 0.999722
1649856236.241908 -0.059703 -0.005234 0.027399 0.013735 0.015756 -0.010322 0.999728
1649856236.266909 -0.060158 -0.006022 0.027074 0.013710 0.015730 -0.010306 0.999729
1649856236.291907 -0.059281 -0.006058 0.026861 0.013813 0.015691 -0.010171 0.999730
1649856236.316906 -0.059951 -0.005554 0.026198 0.013753 0.015626 -0.009916 0.999734
1649856236.341904 -0.059860 -0.004921 0.025577 0.013792 0.015458 -0.009798 0.999737
1649856236.366903 -0.061454 -0.003711 0.025397 0.013830 0.015491 -0.009604 0.999738
1649856236.391901 -0.060727 -0.002236 0.025153 0.014046 0.015338 -0.009778 0.999736
1649856236.416899 -0.060428 -0.000135 0.025463 0.013813 0.015585 -0.010322 0.999730
1649856236.441898 -0.060847 0.000677 0.025105 0.013818 0.015532 -0.010159 0.999732
1649856236.466896 -0.061147 0.002041 0.025157 0.013678 0.015511 -0.010252 0.999734
1649856236.491895 -0.060028 0.003078 0.025229 0.013856 0.014978 -0.010238 0.999739
1649856236.516893 -0.058673 -0.001932 0.025463 0.013989 0.014776 -0.010409 0.999739
1649856236.541892 -0.059310 -0.001222 0.025462 0.013965 0.014796 -0.010325 0.999740
1649856236.566890 -0.059154 -0.002001 0.025463 0.013677 0.014709 -0.011098 0.999737
1649856236.591889 -0.058191 -0.000931 0.025522 0.013697 0.014546 -0.010945 0.999740
1649856236.616887 -0.058866 -0.002181 0.025783 0.013912 0.014690 -0.010603 0.999739
1649856236.641886 -0.059419 -0.001672 0.025794 0.013917 0.014602 -0.010473 0.999742
1649856236.666884 -0.060257 -0.000989 0.025960 0.013858 0.014602 -0.010427 0.999743
1649856236.691882 -0.059586 0.000249 0.026151 0.013858 0.014509 -0.010327 0.999745
1649856236.716881 -0.061174 0.000867 0.025883 0.013581 0.014136 -0.010480 0.999753
1649856236.741879 -0.061453 0.001570 0.025721 0.013608 0.013944 -0.010300 0.999757
1649856236.766878 -0.062472 0.002616 0.026039 0.013550 0.013871 -0.010262 0.999759
1649856236.791876 -0.061741 0.003043 0.026319 0.013567 0.013482 -0.010030 0.999767
1649856236.816875 -0.057657 -0.005121 0.025810 0.013766 0.014394 -0.009933 0.999752
1649856236.841873 -0.058094 -0.004780 0.025807 0.013793 0.014355 -0.009933 0.999752
1649856236.866872 -0.059044 -0.004354 0.025872 0.013407 0.014195 -0.010263 0.999757
1649856236.891870 -0.058668 -0.003806 0.025946 0.013415 0.013928 -0.010079 0.999762
1649856236.916868 -0.059276 -0.003023 0.026226 0.013551 0.014228 -0.010135 0.999756
1649856236.941867 -0.059952 -0.002226 0.026160 0.013556 0.014184 -0.010078 0.999757
1649856236.966865 -0.060869 -0.001396 0.026615 0.013489 0.014092 -0.010045 0.999759
1649856236.991864 -0.059456 -0.000259 0.027244 0.013483 0.013994 -0.009888 0.999762
1649856237.016862 -0.057004 -0.004285 0.024528 0.013871 0.014612 -0.009773 0.999749
1649856237.041861 -0.058041 -0.003584 0.024396 0.013859 0.014620 -0.009881 0.999748
1649856237.066859 -0.058704 -0.002577 0.024380 0.013411 0.014480 -0.010324 0.999752
1649856237.091857 -0.057501 -0.001341 0.025002 0.013405 0.014424 -0.010103 0.999755
1649856237.116856 -0.057499 -0.004486 0.024592 0.013705 0.014664 -0.010136 0.999747
1649856237.141855 -0.058244 -0.003805 0.024490 0.013722 0.014642 -0.010174 0.999747
1649856237.166853 -0.059928 -0.002975 0.024660 0.013805 0.014691 -0.009934 0.999747
1649856237.191851 -0.059311 -0.001671 0.024853 0.013803 0.014608 -0.009899 0.999749
1649856237.216850 -0.059922 -0.000162 0.024862 0.013674 0.014373 -0.010337 0.999750
1649856237.241848 -0.060765 0.000678 0.024913 0.013667 0.014314 -0.010265 0.999751
1649856237.291845 -0.059982 0.002938 0.026190 0.013266 0.014201 -0.010522 0.999756
1649856237.316844 -0.059062 -0.003168 0.025582 0.013960 0.014113 -0.010408 0.999749
1649856237.341842 -0.059508 -0.002537 0.025696 0.013965 0.014078 -0.010302 0.999750
1649856237.366840 -0.055154 -0.000217 0.028648 0.013319 0.015646 -0.010280 0.999736
1649856237.391839 -0.054692 0.000815 0.029076 0.013386 0.015403 -0.010169 0.999740
1649856237.416837 -0.054341 0.000037 0.026937 0.013439 0.015372 -0.009518 0.999746
1649856237.441836 -0.056620 0.000567 0.027128 0.013363 0.015595 -0.009781 0.999741
1649856237.466834 -0.057548 0.001128 0.026633 0.013336 0.015866 -0.009852 0.999737
1649856237.491832 -0.057290 0.002551 0.026697 0.013453 0.015676 -0.009954 0.999737
1649856237.516831 -0.058167 0.003097 0.026175 0.013415 0.015242 -0.009747 0.999746
1649856237.541830 -0.060513 0.003513 0.026161 0.013353 0.015378 -0.009707 0.999745
1649856237.566828 -0.061911 0.004615 0.026321 0.013225 0.015375 -0.009701 0.999747
1649856237.591826 -0.061229 0.006017 0.026897 0.013383 0.015183 -0.009987 0.999745
1649856237.616825 -0.061911 0.005495 0.026632 0.013565 0.014718 -0.010158 0.999748
1649856237.666822 -0.055094 -0.004827 0.028884 0.013489 0.012952 -0.008663 0.999788
1649856237.691820 -0.053757 -0.005985 0.027773 0.013181 0.014148 -0.008766 0.999775
1649856237.716819 -0.055225 -0.005495 0.027365 0.013405 0.014907 -0.008785 0.999760
1649856237.741817 -0.056629 -0.005415 0.027268 0.013424 0.014875 -0.009000 0.999759
1649856237.766815 -0.057526 -0.005336 0.027320 0.013410 0.014856 -0.008989 0.999759
1649856237.791814 -0.056944 -0.004707 0.027474 0.013420 0.014807 -0.009094 0.999759
1649856237.816813 -0.057781 -0.003636 0.027421 0.013482 0.014672 -0.009373 0.999758
1649856237.841811 -0.058960 -0.002769 0.027214 0.013543 0.014615 -0.009409 0.999757
1649856237.866809 -0.060045 -0.002000 0.027361 0.013495 0.014634 -0.009349 0.999758
1649856237.891808 -0.059417 -0.000889 0.027681 0.013530 0.014561 -0.009250 0.999760
1649856237.916806 -0.061519 0.000170 0.025906 0.013840 0.014373 -0.009622 0.999755
1649856237.941805 -0.062338 0.001145 0.025816 0.013818 0.014412 -0.009316 0.999757
1649856237.966803 -0.063703 0.002476 0.025765 0.013748 0.014393 -0.009306 0.999759
1649856237.991802 -0.063847 0.005069 0.025829 0.013831 0.014209 -0.009969 0.999754
1649856238.016800 -0.065146 0.007141 0.025766 0.013911 0.014048 -0.010530 0.999749
1649856238.041799 -0.066406 0.008149 0.025993 0.013829 0.014061 -0.010246 0.999753
1649856238.066797 -0.067913 0.009626 0.026148 0.013732 0.014012 -0.010238 0.999755
1649856238.091795 -0.068670 0.012096 0.026275 0.013780 0.013713 -0.010952 0.999751
1649856238.116794 -0.070568 0.013787 0.026219 0.014048 0.013362 -0.011707 0.999744
1649856238.141792 -0.071889 0.013821 0.026643 0.013989 0.013221 -0.011242 0.999752
1649856238.166791 -0.074132 0.013913 0.027270 0.014059 0.013276 -0.012132 0.999739
1649856238.191789 -0.074192 0.014744 0.028097 0.013924 0.013197 -0.012212 0.999741
1649856238.216788 -0.074559 0.013506 0.029227 0.013532 0.013318 -0.012098 0.999747
1649856238.241786 -0.073157 0.012057 0.029892 0.013425 0.013051 -0.011368 0.999760
1649856238.266784 -0.074142 0.012233 0.030918 0.013322 0.013010 -0.011306 0.999763
1649856238.291783 -0.071917 0.011237 0.032504 0.013316 0.013404 -0.011097 0.999760
1649856238.316782 -0.073470 0.010834 0.030509 0.013535 0.013478 -0.011498 0.999751
1649856238.341780 -0.072405 0.010538 0.030850 0.013478 0.013183 -0.010694 0.999765
1649856238.366778 -0.073171 0.010834 0.031380 0.013406 0.013167 -0.010639 0.999767
1649856238.391777 -0.072645 0.012629 0.031798 0.013297 0.012869 -0.011297 0.999765
1649856238.416775 -0.073583 0.013825 0.032191 0.013315 0.012768 -0.012005 0.999758
1649856238.441773 -0.073525 0.013459 0.032418 0.013319 0.012396 -0.011385 0.999770
1649856238.466772 -0.074238 0.013761 0.033026 0.013288 0.012330 -0.011370 0.999771
1649856238.491771 -0.073980 0.015538 0.033538 0.012777 0.012060 -0.012194 0.999771
1649856238.516769 -0.074819 0.015894 0.034341 0.013246 0.012234 -0.012475 0.999760
1649856238.541767 -0.075023 0.014959 0.034651 0.013235 0.011791 -0.011965 0.999771
1649856238.566766 -0.075547 0.014688 0.035473 0.013212 0.011736 -0.011951 0.999772
1649856238.591764 -0.075025 0.015669 0.036209 0.012807 0.011515 -0.012585 0.999772
1649856238.616763 -0.075857 0.014345 0.037502 0.013667 0.010576 -0.012774 0.999769
1649856238.641761 -0.074141 0.011596 0.039850 0.013526 0.010883 -0.011186 0.999787
1649856238.666760 -0.074543 0.010968 0.041516 0.013535 0.010860 -0.011129 0.999787
1649856238.691758 -0.073146 0.010164 0.043938 0.013546 0.011338 -0.010633 0.999787
1649856238.716756 -0.072153 0.009272 0.048046 0.012440 0.012597 -0.010195 0.999791
1649856238.741755 -0.071027 0.009427 0.051284 0.012258 0.013323 -0.008745 0.999798
1649856238.766753 -0.072327 0.011364 0.053063 0.012347 0.013202 -0.008750 0.999798
1649856238.791752 -0.071977 0.014603 0.055955 0.012274 0.013663 -0.009025 0.999791
1649856238.816750 -0.074073 0.019814 0.058170 0.011091 0.013374 -0.010641 0.999792
1649856238.841749 -0.079363 0.023614 0.060356 0.010848 0.013719 -0.011021 0.999786
1649856238.866747 -0.082378 0.027285 0.061992 0.010932 0.013634 -0.010992 0.999787
1649856238.891746 -0.084838 0.032008 0.064500 0.010809 0.014034 -0.011535 0.999777
1649856238.916744 -0.090907 0.036189 0.067298 0.010426 0.014333 -0.012870 0.999760
1649856238.941742 -0.099110 0.036500 0.070191 0.009905 0.014888 -0.012066 0.999767
1649856238.966741 -0.104245 0.039831 0.072312 0.009929 0.014813 -0.012057 0.999768
1649856238.991739 -0.105161 0.041291 0.072265 0.008830 0.013925 -0.011420 0.999799
1649856239.016738 -0.070904 0.021193 0.062278 0.004130 0.005331 -0.003391 0.999972
1649856239.041736 -0.051777 0.008398 0.061791 0.003179 0.003623 0.001691 0.999987
1649856239.066735 -0.049609 0.011857 0.053789 0.003085 0.004143 0.000260 0.999987
1649856239.091733 -0.042108 0.011234 0.051340 0.003175 0.004375 -0.000487 0.999985
1649856239.116732 -0.039655 0.013722 0.049087 0.003309 0.005121 -0.004615 0.999971
1649856239.141730 -0.040065 0.011115 0.047151 0.003024 0.006258 -0.005169 0.999962
1649856239.166728 -0.034785 0.009626 0.044114 0.003179 0.006216 -0.005192 0.999962
1649856239.191727 -0.029964 0.007860 0.041397 0.003248 0.006453 -0.005078 0.999961
1649856239.216725 -0.031555 0.006121 0.039690 0.004474 0.008007 -0.006216 0.999939
1649856239.241724 -0.030261 0.001933 0.037693 0.004247 0.008537 -0.005835 0.999938
1649856239.266722 -0.026608 -0.000128 0.034568 0.004398 0.008315 -0.005907 0.999938
1649856239.291721 -0.031222 0.000001 0.031769 0.004686 0.009285 -0.008085 0.999913
1649856239.316719 -0.049578 0.001880 0.028415 0.006257 0.011696 -0.010983 0.999852
1649856239.341718 -0.052732 -0.000826 0.024871 0.006018 0.012004 -0.011547 0.999843
1649856239.366716 -0.053914 -0.003346 0.021069 0.006035 0.012011 -0.011585 0.999843
1649856239.391715 -0.054274 -0.005079 0.016612 0.006340 0.011376 -0.011934 0.999844
1649856239.416713 -0.046570 -0.009870 0.011943 0.006441 0.009461 -0.007818 0.999904
1649856239.441711 -0.047820 -0.011229 0.008503 0.006431 0.009530 -0.008165 0.999901
1649856239.466710 -0.042918 -0.012431 0.005310 0.006347 0.009330 -0.008246 0.999902
1649856239.491708 -0.040912 -0.013762 0.002184 0.006967 0.008458 -0.007744 0.999910
1649856239.516707 -0.041451 -0.012364 -0.000701 0.008485 0.007773 -0.007254 0.999907
1649856239.541705 -0.045219 -0.012289 -0.003690 0.008355 0.008117 -0.008260 0.999898
1649856239.566704 -0.045680 -0.012304 -0.005399 0.008294 0.008762 -0.008293 0.999893
1649856239.591702 -0.044960 -0.012534 -0.008036 0.008636 0.008315 -0.007967 0.999896
1649856239.616700 -0.047896 -0.010122 -0.008975 0.008966 0.007828 -0.007840 0.999898
1649856239.641699 -0.051021 -0.009333 -0.011488 0.008960 0.008168 -0.008508 0.999890
1649856239.666698 -0.051488 -0.008357 -0.015266 0.008759 0.007128 -0.008940 0.999896
1649856239.691696 -0.051212 -0.007762 -0.017717 0.009078 0.006864 -0.008711 0.999897
1649856239.716694 -0.051124 -0.005481 -0.020397 0.009552 0.007143 -0.008591 0.999892
1649856239.741693 -0.054291 -0.004378 -0.022740 0.009482 0.007415 -0.009384 0.999884
1649856239.766691 -0.055411 -0.003554 -0.024788 0.009279 0.007403 -0.009408 0.999885
1649856239.791690 -0.054885 -0.002897 -0.026974 0.009381 0.007148 -0.009157 0.999889
1649856239.816688 -0.058089 -0.000478 -0.027085 0.010305 0.006985 -0.009262 0.999880
1649856239.841687 -0.060917 0.000484 -0.029050 0.010237 0.007241 -0.009339 0.999878
1649856239.866685 -0.060397 0.002832 -0.030661 0.009866 0.007045 -0.009968 0.999877
1649856239.891683 -0.060504 0.004246 -0.032575 0.009955 0.006949 -0.009602 0.999880
1649856239.916682 -0.061345 0.005122 -0.033958 0.010911 0.007235 -0.009534 0.999869
1649856239.941680 -0.062453 0.004436 -0.035478 0.010390 0.006984 -0.009776 0.999874
1649856239.966679 -0.063284 0.004818 -0.036582 0.009394 0.006532 -0.009818 0.999886
1649856239.991677 -0.062539 0.004884 -0.038544 0.008157 0.006220 -0.009381 0.999903
1649856240.016676 -0.062751 0.003793 -0.038588 0.009159 0.006774 -0.009210 0.999893
1649856240.041674 -0.062915 0.002097 -0.039817 0.008665 0.006685 -0.008239 0.999906
1649856240.066673 -0.061812 -0.003122 -0.030318 0.008018 0.003470 -0.008610 0.999925
1649856240.091671 -0.060544 -0.002751 -0.029802 0.007505 0.003351 -0.007798 0.999936
1649856240.116669 -0.059297 -0.001950 -0.028016 0.007266 0.004339 -0.006514 0.999943
1649856240.141668 -0.058999 -0.001919 -0.028017 0.006612 0.004583 -0.005598 0.999952
1649856240.166666 -0.058754 -0.001263 -0.028130 0.006341 0.005602 -0.004584 0.999954
1649856240.191665 -0.057112 -0.001291 -0.028491 0.006678 0.007299 -0.003573 0.999945
1649856240.216663 -0.057502 0.002342 -0.027678 0.007551 0.008649 -0.002314 0.999931
1649856240.241662 -0.056828 0.002292 -0.028548 0.006300 0.009090 -0.000648 0.999939
1649856240.266661 -0.054995 0.004424 -0.030182 0.007218 0.008495 -0.000409 0.999938
1649856240.291660 -0.052712 0.006395 -0.031833 0.012555 0.007208 -0.001444 0.999894
1649856240.316658 -0.049967 0.007917 -0.034130 0.016589 0.004128 -0.003177 0.999849
1649856240.341656 -0.046299 0.002918 -0.036865 0.017347 -0.000402 -0.005869 0.999832
1649856240.366655 -0.046043 0.005454 -0.041449 0.016252 -0.005261 -0.007673 0.999825
1649856240.391653 -0.043136 0.007582 -0.046250 0.017304 -0.009984 -0.009663 0.999754
1649856240.416652 -0.041473 0.010421 -0.050759 0.019907 -0.012647 -0.011475 0.999656
1649856240.441650 -0.042189 0.010179 -0.056456 0.020729 -0.013906 -0.011298 0.999625
1649856240.466649 -0.041441 0.014049 -0.064243 0.022255 -0.014427 -0.011777 0.999579
1649856240.491647 -0.038550 0.020547 -0.071919 0.024578 -0.014118 -0.012723 0.999517
1649856240.516646 -0.037541 0.027677 -0.079215 0.027594 -0.012673 -0.013374 0.999449
1649856240.541644 -0.038052 0.027809 -0.085740 0.028663 -0.011038 -0.010669 0.999471
1649856240.566643 -0.038459 0.035890 -0.091959 0.030031 -0.010993 -0.010813 0.999430
1649856240.591641 -0.035618 0.045770 -0.100719 0.032830 -0.011401 -0.014470 0.999291
1649856240.616639 -0.033234 0.057032 -0.111083 0.034274 -0.011914 -0.020772 0.999126
1649856240.641638 -0.026958 0.057252 -0.119403 0.035354 -0.010735 -0.022666 0.999060
1649856240.666636 -0.024583 0.066637 -0.128660 0.035626 -0.008382 -0.026165 0.998987
1649856240.691635 -0.021669 0.077468 -0.138383 0.036122 -0.005050 -0.029354 0.998903
1649856240.716633 -0.023741 0.097629 -0.146925 0.036107 -0.000102 -0.030235 0.998890
1649856240.741632 -0.018572 0.101808 -0.154923 0.033880 0.004335 -0.028140 0.999020
1649856240.766630 -0.017373 0.115295 -0.164313 0.033295 0.009581 -0.028923 0.998981
1649856240.791629 -0.015003 0.129804 -0.173322 0.032391 0.015155 -0.029749 0.998917
1649856240.816627 -0.014304 0.145865 -0.183239 0.033361 0.019058 -0.031903 0.998752
1649856240.841626 -0.008788 0.154831 -0.190745 0.032573 0.024075 -0.033968 0.998602
1649856240.866624 -0.007879 0.171358 -0.198792 0.032648 0.028922 -0.038768 0.998296
1649856240.891623 -0.005326 0.188491 -0.205163 0.032998 0.033573 -0.045064 0.997874
1649856240.916621 -0.007463 0.216087 -0.209367 0.034966 0.034302 -0.052317 0.997429
1649856240.941619 -0.005636 0.233929 -0.210197 0.034311 0.040435 -0.058441 0.996881
1649856240.966618 -0.005779 0.254394 -0.215516 0.034468 0.044715 -0.065742 0.996238
1649856240.991616 -0.005207 0.274142 -0.218944 0.034223 0.047517 -0.074325 0.995513
1649856241.016615 -0.004744 0.301296 -0.222264 0.036005 0.050073 -0.085256 0.994448
1649856241.041613 -0.005381 0.323670 -0.225289 0.038324 0.051744 -0.094096 0.993479
1649856241.066612 -0.005972 0.347852 -0.228511 0.040467 0.052579 -0.102550 0.992513
1649856241.091610 -0.004404 0.370958 -0.230954 0.041529 0.053659 -0.111658 0.991427
1649856241.116609 -0.006700 0.404476 -0.220279 0.043762 0.048163 -0.121164 0.990497
1649856241.141607 -0.010890 0.428681 -0.226556 0.047708 0.048344 -0.132751 0.988819
1649856241.166606 -0.012494 0.453698 -0.221814 0.050266 0.046151 -0.144983 0.987078
1649856241.191604 -0.013560 0.477221 -0.219256 0.053067 0.046096 -0.155445 0.985341
1649856241.216603 -0.012876 0.504791 -0.208544 0.054560 0.034578 -0.164603 0.984243
1649856241.241601 -0.033747 0.530148 -0.207620 0.057445 0.035789 -0.177478 0.981795
1649856241.266599 -0.040028 0.553863 -0.202460 0.058818 0.038490 -0.186041 0.980024
1649856241.291598 -0.044648 0.578730 -0.192472 0.057368 0.043786 -0.193249 0.978492
1649856241.316597 -0.049689 0.598465 -0.185031 0.057248 0.047244 -0.202063 0.976556
1649856241.366593 -0.067851 0.643797 -0.180368 0.057074 0.055355 -0.219888 0.972280
1649856241.391592 -0.081377 0.743517 -0.170826 0.048796 0.066232 -0.219893 0.972049
1649856241.416590 -0.092015 0.798828 -0.144133 0.052940 0.069678 -0.225115 0.970395
1649856241.441589 -0.094408 0.833832 -0.127771 0.050189 0.074593 -0.233733 0.968135
1649856241.466587 -0.103729 0.866975 -0.114829 0.048061 0.077973 -0.242082 0.965923
1649856241.491585 -0.098887 0.901859 -0.093301 0.042807 0.083379 -0.246303 0.964650
1649856241.516584 -0.108504 0.955114 -0.060639 0.039260 0.079802 -0.251951 0.963645
1649856241.541583 -0.110361 0.990521 -0.037977 0.036483 0.083349 -0.261004 0.961040
1649856241.566581 -0.123666 1.028809 -0.018158 0.032280 0.086080 -0.270633 0.958283
1649856241.591579 -0.161454 1.061031 0.003159 0.023295 0.090475 -0.287728 0.953144
1649856241.616578 -0.173410 1.111936 0.039210 0.019562 0.086647 -0.293008 0.951975
1649856241.641576 -0.179088 1.138283 0.048520 0.022700 0.082419 -0.295173 0.951612
1649856241.666575 -0.179245 1.186580 0.068531 0.021261 0.077988 -0.301500 0.950033
1649856241.691573 -0.183829 1.222669 0.090465 0.019029 0.066780 -0.313151 0.947161
1649856241.716572 -0.191112 1.257978 0.112215 0.018633 0.057886 -0.318836 0.945857
1649856241.741570 -0.209808 1.296157 0.135776 0.015233 0.043014 -0.318849 0.946706
1649856241.766569 -0.212261 1.309506 0.143196 0.012690 0.031563 -0.327194 0.944345
1649856241.791567 -0.220138 1.338911 0.163453 0.009195 0.021423 -0.333523 0.942454
1649856241.816566 -0.219499 1.361250 0.225853 0.017618 0.001414 -0.342995 0.939171
1649856241.841564 -0.175343 1.338252 0.253305 0.015807 0.002030 -0.327594 0.944684
1649856241.866563 -0.172401 1.351711 0.277938 0.016512 -0.005731 -0.331197 0.943400
1649856241.891561 -0.168062 1.369120 0.301739 0.015519 -0.014580 -0.332571 0.942838
1649856241.916559 -0.162596 1.384632 0.327143 0.015445 -0.024303 -0.333483 0.942316
1649856241.941558 -0.131230 1.385021 0.287382 0.029844 -0.026495 -0.318328 0.947140
1649856241.966556 -0.131230 1.364210 0.294250 0.029942 -0.037117 -0.328251 0.943386
1649856241.991555 -0.121136 1.365266 0.300142 0.032423 -0.044811 -0.329868 0.942405
1649856242.016553 -0.110156 1.366531 0.306450 0.036973 -0.051936 -0.330264 0.941733
1649856242.041552 -0.113785 1.364200 0.313937 0.040555 -0.057427 -0.320521 0.944629
1649856242.066550 -0.108902 1.363315 0.321215 0.040933 -0.062280 -0.321483 0.943978
1649856242.091549 -0.100758 1.362974 0.324929 0.039726 -0.063896 -0.315648 0.945889
1649856242.116547 -0.091753 1.363740 0.327658 0.040337 -0.064646 -0.307562 0.948472
1649856242.141546 -0.097657 1.359348 0.333608 0.040583 -0.067648 -0.290306 0.953677
1649856242.166544 -0.097395 1.354515 0.335371 0.039156 -0.069288 -0.285674 0.955016
1649856242.191542 -0.092827 1.352984 0.336372 0.041289 -0.068897 -0.278350 0.957115
1649856242.216541 -0.116531 1.496507 0.421106 -0.034845 -0.371178 -0.331717 0.866589
1649856242.241539 -0.131415 1.514746 0.433353 -0.033353 -0.371423 -0.328435 0.867792
1649856242.266538 -0.141021 1.531643 0.447364 -0.030654 -0.370721 -0.325648 0.869241
1649856242.291536 -0.148956 1.546208 0.462100 -0.028799 -0.369263 -0.322603 0.871058
1649856242.316535 -0.153435 1.558897 0.478472 -0.028264 -0.366899 -0.318705 0.873506
1649856242.341533 0.055515 1.557012 0.600690 -0.043614 -0.340181 -0.308925 0.887096
1649856242.366532 0.080837 1.533790 0.650483 -0.037669 -0.337831 -0.309088 0.888210
1649856242.391530 0.108344 1.511796 0.702153 -0.034247 -0.336106 -0.303451 0.890942
1649856242.416529 0.137617 1.487182 0.753457 -0.032467 -0.335790 -0.297738 0.893053
1649856242.441527 0.160679 1.458971 0.804600 -0.031722 -0.341284 -0.289260 0.893783
1649856242.466526 0.200668 1.450345 0.858267 -0.025864 -0.338646 -0.283911 0.896685
1649856242.491524 0.389015 1.390200 0.768972 -0.130792 -0.252664 -0.339946 0.896377
1649856242.516522 0.435780 1.348536 0.830338 -0.130689 -0.256483 -0.340012 0.895281
1649856242.541521 0.529731 1.275415 0.760628 -0.137017 -0.298424 -0.337771 0.882088
1649856242.566519 0.585132 1.225222 0.806324 -0.135130 -0.302670 -0.337018 0.881221
1649856242.591518 0.642093 1.171266 0.853353 -0.132899 -0.306490 -0.336386 0.880480
1649856242.616516 0.699425 1.113309 0.901875 -0.131635 -0.309692 -0.336086 0.879664
1649856242.641515 0.768172 1.042485 0.949628 -0.138652 -0.316847 -0.333225 0.877123
1649856242.666513 0.830611 0.978824 0.998472 -0.136375 -0.318066 -0.333848 0.876802
1649856242.691512 0.893908 0.911126 1.049305 -0.134068 -0.318762 -0.335206 0.876387
1649856242.716510 0.957100 0.840074 1.100433 -0.132098 -0.318704 -0.336642 0.876156
1649856242.741508 1.011171 0.766242 1.149718 -0.127867 -0.317130 -0.338593 0.876603
1649856242.766507 1.079527 0.696422 1.198475 -0.125724 -0.315735 -0.338306 0.877527
1649856242.791506 1.147714 0.617967 1.251850 -0.122888 -0.315182 -0.339151 0.877801
1649856242.816504 1.218395 0.539167 1.303107 -0.119947 -0.314477 -0.339493 0.878329
1649856242.841502 1.298764 0.463066 1.357903 -0.115032 -0.313560 -0.340993 0.878733
1649856242.866501 1.384510 0.371993 1.390073 -0.109425 -0.306745 -0.343189 0.880997
1649856242.891499 1.458893 0.284470 1.444212 -0.104657 -0.305772 -0.347067 0.880395
1649856242.916498 1.532332 0.195080 1.498780 -0.101794 -0.304084 -0.351327 0.879625
1649856242.941496 1.622317 0.097894 1.556150 -0.101565 -0.301443 -0.356975 0.878286
1649856242.966495 1.699770 0.010288 1.613389 -0.095753 -0.297918 -0.360727 0.878608
1649856242.991493 1.779622 -0.087870 1.671359 -0.094228 -0.296053 -0.365251 0.877533
1649856243.016492 1.862013 -0.189859 1.731092 -0.093201 -0.295032 -0.371484 0.875369
1649856243.041490 1.920060 -0.277837 1.794225 -0.087413 -0.297958 -0.377822 0.872256
1649856243.066489 1.994039 -0.397783 1.849407 -0.080980 -0.295816 -0.389759 0.868345
1649856243.091487 1.832133 -0.342494 2.011768 -0.089876 -0.348600 -0.410705 0.837688
1649856243.116486 1.874963 -0.437150 2.083081 -0.088649 -0.348827 -0.423028 0.831570
1649856243.141484 1.907696 -0.537453 2.135623 -0.094390 -0.339889 -0.434939 0.828489
1649856243.166482 1.949124 -0.638373 2.208760 -0.093170 -0.339069 -0.449303 0.821267
1649856243.191481 1.991773 -0.742476 2.283899 -0.091723 -0.337893 -0.463966 0.813727
1649856243.216479 2.035961 -0.850068 2.361227 -0.089199 -0.336928 -0.478063 0.806212
1649856243.241478 2.080610 -0.918194 2.434261 -0.080745 -0.336886 -0.482778 0.804309
1649856243.266476 2.128476 -1.028643 2.514727 -0.080495 -0.335296 -0.495819 0.797032
1649856243.291475 2.177583 -1.142079 2.597231 -0.080612 -0.334815 -0.507803 0.789644
1649856243.316473 2.226963 -1.259108 2.682540 -0.079623 -0.336028 -0.519491 0.781584
1649856243.341472 2.287396 -1.367520 2.766809 -0.078155 -0.338363 -0.533448 0.771256
1649856243.366470 2.341701 -1.492330 2.856497 -0.078696 -0.341873 -0.546486 0.760449
1649856243.391469 2.397773 -1.621860 2.949010 -0.079014 -0.346402 -0.558064 0.749885
1649856243.416467 2.455786 -1.755025 3.043579 -0.079355 -0.351734 -0.567581 0.740160
1649856243.441465 2.520227 -1.868836 3.146808 -0.074810 -0.365089 -0.572583 0.730248
1649856243.466464 2.583350 -2.008926 3.246178 -0.076330 -0.371938 -0.582106 0.719019
1649856243.491462 2.647566 -2.152403 3.347484 -0.076509 -0.380022 -0.591927 0.706648
1649856243.516461 2.713589 -2.301656 3.451163 -0.075441 -0.388737 -0.602167 0.693244
1649856243.541459 2.763283 -2.465394 3.558872 -0.074231 -0.394781 -0.608103 0.684725
1649856243.566458 2.829755 -2.624427 3.666306 -0.072165 -0.403636 -0.616616 0.672052
1649856243.591456 2.893116 -2.766319 3.778983 -0.065291 -0.413913 -0.619639 0.663672
1649856243.616455 2.963033 -2.932825 3.891237 -0.063768 -0.420248 -0.628770 0.651132
1649856243.641453 3.033791 -3.108276 4.017313 -0.058907 -0.423394 -0.640701 0.637785
1649856243.666452 3.107287 -3.282958 4.134426 -0.058087 -0.427217 -0.650126 0.625658
1649856243.691450 3.182720 -3.462406 4.253599 -0.056491 -0.430474 -0.659656 0.613478
1649856243.716449 3.259921 -3.645852 4.374095 -0.054742 -0.432804 -0.668872 0.601909
1649856243.741447 3.333909 -3.841379 4.497314 -0.053426 -0.432572 -0.677712 0.592227
1649856243.766445 3.414520 -4.032772 4.622710 -0.050517 -0.433596 -0.685088 0.583178
1649856243.791444 3.498335 -4.229310 4.750026 -0.046763 -0.435051 -0.691634 0.574618
1649856243.816442 3.585093 -4.428602 4.878798 -0.041660 -0.437310 -0.697507 0.566134
1649856243.841441 3.670415 -4.614996 5.020745 -0.028444 -0.441907 -0.699843 0.560472
1649856243.866439 3.764131 -4.823951 5.155184 -0.021945 -0.444929 -0.705351 0.551395
1649856243.891438 3.861676 -5.040010 5.290791 -0.017461 -0.447217 -0.710822 0.542609
1649856243.916436 3.961991 -5.258145 5.430045 -0.013418 -0.449903 -0.714738 0.535310
1649856243.941435 4.067146 -5.486826 5.577280 -0.007486 -0.450010 -0.720187 0.527982
1649856243.966433 4.175125 -5.714261 5.722935 -0.003759 -0.453434 -0.721770 0.522907
1649856243.991431 4.285149 -5.943807 5.872645 0.000003 -0.457234 -0.721530 0.519935
1649856244.016430 4.403782 -6.167830 6.023006 0.005091 -0.460504 -0.721229 0.517435
1649856244.041429 4.522009 -6.409306 6.177598 0.008332 -0.463560 -0.721534 0.514229
1649856244.066427 4.643385 -6.656191 6.334222 0.011873 -0.464925 -0.722324 0.511812
1649856244.091425 4.772219 -6.907483 6.490919 0.015316 -0.465079 -0.724781 0.508093
1649856244.116424 4.898830 -7.167216 6.649479 0.017814 -0.464562 -0.726868 0.505497
1649856244.141422 5.027088 -7.427035 6.813772 0.020973 -0.463143 -0.728982 0.503632
1649856244.166421 5.157614 -7.692970 6.980303 0.021210 -0.458820 -0.732307 0.502753
1649856244.191419 5.290606 -7.963440 7.150120 0.019877 -0.453892 -0.735722 0.502295
1649856244.216418 5.425541 -8.237386 7.323069 0.018965 -0.449882 -0.738557 0.501776
1649856244.241416 5.562888 -8.515704 7.498459 0.017524 -0.447693 -0.740583 0.500800
1649856244.266414 5.705356 -8.794293 7.677118 0.017441 -0.445858 -0.742151 0.500119
1649856244.291413 5.847033 -9.083978 7.858911 0.016630 -0.444392 -0.743035 0.500138
1649856244.316411 5.990901 -9.379570 8.043960 0.015609 -0.442706 -0.744050 0.500156
1649856244.341410 6.138680 -9.673741 8.228351 0.013811 -0.440366 -0.744717 0.501282
1649856244.366408 6.291425 -9.968653 8.416307 0.012359 -0.438065 -0.745648 0.501951
1649856244.391407 6.442951 -10.277701 8.607205 0.009234 -0.434831 -0.747357 0.502289
1649856244.416405 6.595930 -10.589746 8.800535 0.006561 -0.431682 -0.748584 0.503219
1649856244.441404 6.754098 -10.903331 8.997002 0.005934 -0.428977 -0.750016 0.503409
1649856244.466402 6.919245 -11.210794 9.188725 0.006104 -0.426231 -0.751340 0.503764
1649856244.491401 7.079703 -11.534573 9.387043 0.005583 -0.422513 -0.753429 0.503782
1649856244.516399 7.242234 -11.861217 9.587055 0.004437 -0.418082 -0.755933 0.503739
1649856244.541398 7.413256 -12.188120 9.789632 0.003806 -0.413805 -0.759549 0.501833
1649856244.566396 7.583031 -12.515877 9.993059 0.003548 -0.409992 -0.761628 0.501813
1649856244.591395 7.754342 -12.863279 10.194618 -0.000102 -0.404109 -0.765509 0.500692
1649856244.616393 7.925869 -13.205883 10.402152 -0.001306 -0.401631 -0.767040 0.500340
1649856244.641392 8.099302 -13.552551 10.612089 -0.003532 -0.400511 -0.767953 0.499826
1649856244.666390 8.274456 -13.903447 10.824320 -0.007212 -0.400463 -0.768511 0.498967
1649856244.691388 8.452204 -14.243735 11.040715 -0.009332 -0.403712 -0.766940 0.498730
1649856244.716387 8.631097 -14.602252 11.257616 -0.015494 -0.405059 -0.767241 0.497019
1649856244.741385 8.811500 -14.964703 11.476692 -0.022517 -0.405699 -0.767836 0.495307
1649856244.766384 8.993742 -15.330941 11.697959 -0.029622 -0.405792 -0.768502 0.493822
1649856244.791382 9.176303 -15.702569 11.922687 -0.035620 -0.405707 -0.768920 0.492844
1649856244.816381 9.361682 -16.078104 12.148205 -0.040146 -0.404704 -0.769583 0.492286
1649856244.841379 9.549152 -16.456458 12.376341 -0.042633 -0.403403 -0.770021 0.492459
1649856244.866378 9.738348 -16.838892 12.606728 -0.043795 -0.401408 -0.770412 0.493375
1649856244.891376 9.925815 -17.221895 12.845143 -0.041233 -0.401467 -0.769251 0.495355
1649856244.916374 10.118653 -17.612851 13.080119 -0.040076 -0.399305 -0.769418 0.496936
1649856244.941373 10.313310 -18.008320 13.317243 -0.039043 -0.397087 -0.769317 0.498948
1649856244.966371 10.509879 -18.408381 13.556373 -0.038684 -0.394838 -0.768886 0.501419
1649856244.991370 10.709818 -18.843237 13.781984 -0.047969 -0.384843 -0.772810 0.502355
1649856245.016368 10.908905 -19.253524 14.024698 -0.047855 -0.382752 -0.771939 0.505292
1649856245.041367 11.109682 -19.669946 14.269006 -0.047945 -0.380722 -0.771039 0.508185
1649856245.066365 11.306803 -20.060494 14.539957 -0.036539 -0.389826 -0.764316 0.512369
1649856245.091364 11.515734 -20.500806 14.774619 -0.043521 -0.383287 -0.766265 0.513843
1649856245.116362 11.723299 -20.932360 15.022430 -0.044734 -0.382603 -0.765648 0.515167
1649856245.141361 11.932584 -21.365213 15.274129 -0.044578 -0.383116 -0.764694 0.516216
1649856245.166359 12.035680 -20.133401 16.740462 0.509009 -0.733634 -0.253317 0.372185
1649856245.191358 12.336441 -20.523426 17.023766 0.508580 -0.734928 -0.250971 0.371808
1649856245.216356 12.641466 -20.913824 17.317160 0.507965 -0.736582 -0.249067 0.370654
1649856245.241354 12.950585 -21.304583 17.620684 0.507141 -0.738811 -0.247520 0.368376
1649856245.266353 13.263679 -21.695682 17.934317 0.506274 -0.741560 -0.246072 0.364999
1649856245.291352 13.580728 -22.087094 18.257937 0.505496 -0.744510 -0.244620 0.361026
1649856245.316350 13.901812 -22.478826 18.591400 0.505008 -0.747120 -0.243242 0.357226
1649856245.341348 14.227047 -22.870879 18.934620 0.504707 -0.749132 -0.242072 0.354223
1649856245.366347 14.556455 -23.263194 19.287584 0.504601 -0.750447 -0.240982 0.352329
1649856245.391345 14.890059 -23.655775 19.650346 0.504913 -0.750982 -0.239964 0.351435
1649856245.416344 15.227876 -24.048589 20.023050 0.505859 -0.750813 -0.238772 0.351246
1649856245.441342 15.570036 -24.441618 20.405804 0.507319 -0.749965 -0.237498 0.351817
1649856245.466341 15.916728 -24.834864 20.798687 0.509395 -0.748434 -0.236177 0.352965
1649856245.491339 16.269883 -25.220797 21.204953 0.513817 -0.746318 -0.232841 0.353252
1649856245.516337 16.626027 -25.614086 21.618440 0.517600 -0.743519 -0.231326 0.354623
1649856245.541336 16.987183 -26.007512 22.042183 0.522372 -0.739928 -0.229879 0.356074
1649856245.566334 17.415323 -25.965989 22.492774 0.563742 -0.734094 -0.133237 0.354329
1649856245.591333 17.788342 -26.339040 22.937540 0.569690 -0.728384 -0.131615 0.357195
1649856245.616331 18.169240 -26.693868 23.391827 0.576591 -0.720496 -0.127366 0.363602
1649856245.641330 18.551467 -27.063814 23.858127 0.582225 -0.715195 -0.127190 0.365148
1649856245.666328 18.937893 -27.432798 24.335324 0.588218 -0.710347 -0.127419 0.364926
1649856245.691327 19.327909 -27.803454 24.828049 0.595167 -0.706635 -0.128113 0.360599
1649856245.716325 19.722569 -28.172252 25.327289 0.599919 -0.703651 -0.130274 0.357773
1649856245.741324 20.121888 -28.538751 25.836859 0.603711 -0.701579 -0.132911 0.354478
1649856245.766322 20.525311 -28.903973 26.356973 0.606826 -0.700118 -0.135298 0.351129
1649856245.791321 20.932571 -29.268404 26.887249 0.609408 -0.699126 -0.137259 0.347857
1649856245.816319 21.340449 -29.644476 27.430104 0.611146 -0.698780 -0.140830 0.344055
1649856245.841318 21.761615 -29.984781 27.977359 0.614356 -0.696105 -0.138353 0.344765
1649856245.866316 22.179769 -30.344881 28.538946 0.616655 -0.694233 -0.138701 0.344295
1649856245.891315 22.601280 -30.705247 29.109056 0.618514 -0.693023 -0.139487 0.343080
1649856245.916313 23.024291 -31.067475 29.691595 0.620730 -0.691230 -0.139862 0.342542
1649856245.941311 23.438620 -31.449166 30.303795 0.625926 -0.688298 -0.138598 0.339490
1649856245.966310 23.869599 -31.808848 30.905422 0.628097 -0.686245 -0.138551 0.339656
1649856245.991308 24.300590 -32.171111 31.520084 0.630314 -0.684460 -0.137290 0.339661
1649856246.016307 24.738282 -32.529574 32.143633 0.632433 -0.682875 -0.136009 0.339428
1649856246.041305 25.179861 -32.886330 32.778333 0.634389 -0.681676 -0.134052 0.338967
1649856246.066304 25.623726 -33.243292 33.426592 0.636412 -0.680718 -0.131210 0.338213
1649856246.091302 26.069961 -33.600464 34.085762 0.637558 -0.680287 -0.128342 0.338021
1649856246.116301 26.522612 -33.955572 34.754822 0.638335 -0.679919 -0.126183 0.338107
1649856246.141299 26.979132 -34.309903 35.435368 0.639247 -0.679700 -0.124138 0.337579
1649856246.166297 27.439299 -34.664235 36.127710 0.640958 -0.679368 -0.122508 0.335595
1649856246.191296 27.906217 -35.010831 36.829591 0.643299 -0.678830 -0.120704 0.332848
1649856246.216294 28.374561 -35.362520 37.543921 0.645032 -0.679039 -0.120152 0.329245
1649856246.241293 28.846475 -35.713398 38.269482 0.646419 -0.679694 -0.119848 0.325260
1649856246.266291 29.314172 -36.072775 39.014528 0.648225 -0.681052 -0.118587 0.319233
1649856246.291290 29.794469 -36.417475 39.761456 0.649302 -0.682117 -0.117943 0.314982
1649856246.316288 30.275894 -36.765992 40.520423 0.649801 -0.683568 -0.118302 0.310642
1649856246.341287 30.760438 -37.113742 41.290136 0.650328 -0.684815 -0.118812 0.306572
1649856246.366285 31.246576 -37.460489 42.072437 0.651722 -0.685513 -0.117924 0.302365
1649856246.416282 32.234269 -38.138173 43.663606 0.655344 -0.685716 -0.113746 0.295602
1649856246.441281 32.730295 -38.482216 44.476260 0.656604 -0.685689 -0.112237 0.293436
1649856246.466279 33.231568 -38.823478 45.297230 0.657730 -0.685130 -0.110920 0.292720
1649856246.491277 33.736095 -39.162679 46.130089 0.659884 -0.683601 -0.108432 0.292378
1649856246.516276 34.239620 -39.518235 46.976483 0.662095 -0.682227 -0.108466 0.290571
1649856246.541275 34.747787 -39.862361 47.833066 0.665222 -0.679919 -0.105821 0.289813
1649856246.566273 35.252613 -40.200199 48.709959 0.670395 -0.676211 -0.098312 0.289214
1649856246.591271 35.771118 -40.531838 49.588622 0.675031 -0.672015 -0.094516 0.289474
1649856246.616270 36.288935 -40.875489 50.480653 0.679330 -0.668424 -0.093031 0.288210
1649856246.641268 36.810660 -41.211644 51.383906 0.683817 -0.664498 -0.090488 0.287486
1649856246.666267 37.336261 -41.546528 52.298806 0.687554 -0.661026 -0.089740 0.286810
1649856246.691265 37.869569 -41.876985 53.222532 0.690781 -0.657807 -0.090899 0.286092
1649856246.716264 38.402431 -42.209043 54.160754 0.694382 -0.655134 -0.091032 0.283454
1649856246.741262 38.938696 -42.539806 55.110577 0.698199 -0.652581 -0.090741 0.280040
1649856246.766260 39.480372 -42.870755 56.068958 0.701152 -0.650620 -0.092218 0.276722
1649856246.791259 40.027374 -43.176931 57.039948 0.704930 -0.647740 -0.088222 0.275180
1649856246.816257 40.574546 -43.503371 58.022999 0.706934 -0.646572 -0.090492 0.272028
1649856246.866254 41.677941 -44.153730 60.021345 0.710101 -0.644898 -0.095633 0.265927
1649856246.891253 42.237277 -44.461033 61.034450 0.712461 -0.643044 -0.093894 0.264723
1649856246.916251 42.795769 -44.783466 62.059790 0.714265 -0.641656 -0.094488 0.263011
1649856246.941250 43.359391 -45.119003 63.090353 0.714467 -0.641619 -0.100120 0.260457
1649856246.966248 43.922990 -45.440890 64.136825 0.715907 -0.640169 -0.099156 0.260441
1649856246.991247 44.489261 -45.762088 65.194287 0.716931 -0.639020 -0.097636 0.261018
1649856247.016245 45.058190 -46.082536 66.263121 0.717580 -0.638447 -0.095523 0.261418
1649856247.041244 45.629838 -46.402114 67.343712 0.717757 -0.638671 -0.092852 0.261349
1649856247.066242 46.204263 -46.720636 68.436349 0.717595 -0.639582 -0.089585 0.260705
1649856247.091241 46.781589 -47.037953 69.541278 0.717167 -0.640923 -0.085990 0.259797
1649856247.116239 47.361818 -47.353959 70.658573 0.716261 -0.642555 -0.082429 0.259419
1649856247.141237 47.944726 -47.668515 71.788370 0.715043 -0.644637 -0.078753 0.258754
1649856247.166236 48.530344 -47.981522 72.930678 0.714328 -0.646743 -0.074656 0.256681
1649856247.191234 49.120174 -48.287037 74.084588 0.714418 -0.648169 -0.069077 0.254386
1649856247.216233 49.711601 -48.596681 75.251087 0.714173 -0.649664 -0.064941 0.252342
1649856247.241231 50.305727 -48.904969 76.429457 0.713580 -0.651215 -0.061258 0.250939
1649856247.266230 50.902351 -49.212096 77.619646 0.712603 -0.653156 -0.058375 0.249354
1649856247.291228 51.509867 -49.538555 78.810377 0.709229 -0.657655 -0.067358 0.244841
1649856247.316227 52.111255 -49.845447 80.023412 0.707621 -0.660597 -0.066459 0.241800
1649856247.341225 52.718597 -50.185483 81.241378 0.704295 -0.665500 -0.078206 0.234440
1649856247.366224 53.323931 -50.493458 82.476576 0.702977 -0.668566 -0.077913 0.229722
1649856247.416220 54.540316 -51.108045 84.979565 0.700318 -0.674488 -0.077483 0.220494
1649856247.441219 55.151434 -51.414518 86.247284 0.699178 -0.676816 -0.076705 0.217226
1649856247.466217 55.764569 -51.720324 87.525895 0.698564 -0.678273 -0.075096 0.215207
1649856247.491216 56.383470 -52.028663 88.811405 0.697995 -0.679128 -0.075842 0.214094
1649856247.516214 57.001313 -52.333177 90.112463 0.698727 -0.678554 -0.073138 0.214466
1649856247.541213 57.621556 -52.636764 91.425240 0.699997 -0.677351 -0.070113 0.215140
1649856247.566211 58.244183 -52.939263 92.749987 0.701554 -0.675874 -0.066960 0.215714
1649856247.591210 58.861699 -53.202999 94.101553 0.706665 -0.670711 -0.047140 0.220340
1649856247.616208 59.489202 -53.500473 95.450550 0.709156 -0.668115 -0.043420 0.220986
1649856247.641207 60.119379 -53.796666 96.811722 0.712156 -0.664793 -0.039815 0.222034
1649856247.666205 60.752326 -54.091565 98.185145 0.714831 -0.661523 -0.037513 0.223601
1649856247.691204 61.387154 -54.363402 99.574844 0.718417 -0.656780 -0.028768 0.227352
1649856247.716202 62.025115 -54.654493 100.972558 0.720949 -0.654086 -0.028413 0.227150
1649856247.741200 62.665493 -54.944484 102.382353 0.723424 -0.651912 -0.028981 0.225452
1649856247.766199 63.308331 -55.233464 103.804071 0.725582 -0.650476 -0.030816 0.222401
1649856247.791198 63.849370 -55.244174 105.367734 0.738166 -0.614762 0.109738 0.255219
1649856247.841194 65.138899 -55.770148 108.266732 0.741816 -0.614753 0.102694 0.247471
1649856247.866193 65.785400 -56.029739 109.732577 0.742958 -0.615203 0.099238 0.244319
1649856247.891191 66.396367 -56.123671 111.254716 0.741175 -0.595040 0.167581 0.261732
1649856247.916190 67.044311 -56.366836 112.740159 0.741744 -0.595618 0.165571 0.260080
1649856247.941188 67.692514 -56.607173 114.236160 0.741909 -0.596026 0.164717 0.259216
1649856247.966187 68.340874 -56.844709 115.742901 0.741888 -0.596015 0.165308 0.258926
1649856247.991185 68.995270 -56.995766 117.253563 0.737804 -0.589955 0.189523 0.267730
1649856248.016183 69.644757 -57.221989 118.780797 0.737276 -0.589551 0.191855 0.268413
1649856248.041182 70.274843 -57.391123 120.351492 0.735578 -0.575926 0.224157 0.277467
1649856248.066180 70.923498 -57.605569 121.900319 0.734474 -0.575738 0.227461 0.278093
1649856248.091179 71.612993 -57.812894 123.412059 0.731526 -0.584943 0.210469 0.280024
1649856248.116177 72.242593 -57.959032 125.014588 0.727951 -0.571216 0.245697 0.288848
1649856248.141176 72.891643 -58.157178 126.596229 0.726286 -0.571613 0.249527 0.288969
1649856248.166174 73.540190 -58.350849 128.189487 0.725754 -0.571770 0.252853 0.287097
1649856248.191173 74.188352 -58.540077 129.794244 0.726001 -0.571890 0.255417 0.283946
1649856248.216171 74.836228 -58.724999 131.410282 0.726232 -0.572351 0.257095 0.280897
1649856248.241170 75.486868 -58.923643 133.035684 0.727463 -0.575184 0.251547 0.276921
1649856248.266168 76.133949 -59.101569 134.674418 0.727377 -0.576252 0.252467 0.274076
1649856248.291167 76.786336 -59.264750 136.320097 0.727355 -0.576317 0.254541 0.272071
1649856248.316165 77.432280 -59.434554 137.980121 0.727966 -0.576958 0.255830 0.267834
1649856248.341164 78.077515 -59.600622 139.650734 0.728632 -0.577471 0.257383 0.263393
1649856248.366162 78.722112 -59.762970 141.331882 0.729333 -0.577694 0.259313 0.259036
1649856248.391160 79.369555 -59.916383 143.021202 0.729729 -0.577449 0.261840 0.255908
1649856248.416159 80.013233 -60.071158 144.723131 0.729918 -0.577085 0.264802 0.253127
1649856248.441157 80.657074 -60.227568 146.434989 0.730355 -0.576646 0.266629 0.250937
1649856248.466156 81.299628 -60.375577 148.157922 0.730448 -0.574838 0.270900 0.250240
1649856248.491154 81.947381 -60.503966 149.889351 0.730591 -0.570322 0.278111 0.252238
1649856248.516153 82.589649 -60.644794 151.632613 0.731630 -0.566865 0.281413 0.253352
1649856248.541151 83.230971 -60.781072 153.387459 0.733254 -0.562500 0.284373 0.255076
1649856248.566150 83.871505 -60.913408 155.153222 0.735477 -0.557751 0.286721 0.256474
1649856248.591148 84.535282 -61.018336 156.914618 0.738497 -0.552252 0.286036 0.260429
1649856248.616147 85.173431 -61.137002 158.704331 0.740730 -0.546434 0.290541 0.261371
1649856248.641145 85.812656 -61.255414 160.502535 0.743060 -0.541602 0.292577 0.262541
1649856248.666143 86.451097 -61.369354 162.311887 0.745246 -0.537443 0.293652 0.263690
1649856248.691142 87.093712 -61.456063 164.130506 0.746505 -0.530973 0.299449 0.266700
1649856248.716141 87.730707 -61.560171 165.961296 0.749525 -0.527142 0.299334 0.265955
1649856248.741139 88.366919 -61.660004 167.802985 0.752742 -0.523657 0.298585 0.264595
1649856248.766137 89.002402 -61.755678 169.655557 0.755792 -0.520893 0.297251 0.262853
1649856248.791136 89.646086 -61.833793 171.510769 0.758091 -0.519114 0.295407 0.261826
1649856248.816134 90.280496 -61.920821 173.384298 0.760326 -0.518067 0.293443 0.259621
1649856248.841133 90.913976 -62.004037 175.268319 0.762043 -0.517816 0.291375 0.257406
1649856248.866131 91.546469 -62.083498 177.162751 0.763239 -0.518014 0.289687 0.255361
1649856248.891129 92.185459 -62.147215 179.059921 0.763743 -0.519027 0.288472 0.253163
1649856248.916128 92.816209 -62.218771 180.974701 0.763479 -0.519517 0.289202 0.252119
1649856248.941127 93.447850 -62.300795 182.906520 0.764621 -0.518890 0.287759 0.251601
1649856248.966125 94.076251 -62.365657 184.842373 0.762530 -0.520069 0.291027 0.251753
1649856248.991123 94.707695 -62.422038 186.785644 0.759993 -0.521888 0.294696 0.251394
1649856249.016122 95.333415 -62.479115 188.742759 0.756738 -0.524079 0.299914 0.250481
1649856249.041120 95.958065 -62.536753 190.713016 0.753981 -0.526193 0.304740 0.248530
1649856249.066119 96.580691 -62.586029 192.692013 0.749929 -0.529500 0.310732 0.246337
1649856249.091117 97.210245 -62.617373 194.675186 0.744752 -0.533075 0.317268 0.246001
1649856249.116116 97.830772 -62.657518 196.675622 0.739230 -0.537575 0.323185 0.245160
1649856249.141114 98.452025 -62.698181 198.688800 0.734482 -0.541826 0.327229 0.244709
1649856249.166113 99.069420 -62.730245 200.711320 -0.729760 0.546114 -0.332371 -0.242360
1649856249.191111 99.687383 -62.745240 202.743500 -0.724901 0.548264 -0.340443 -0.240881
1649856249.216110 100.299478 -62.772460 204.789519 -0.722069 0.551698 -0.344330 -0.235971
1649856249.241108 100.911572 -62.792137 206.843999 -0.718966 0.555465 -0.348021 -0.231147
1649856249.266107 101.521594 -62.807948 208.909156 -0.716196 0.559239 -0.351367 -0.225512
1649856249.291105 102.131865 -62.809778 210.983856 -0.712803 0.562242 -0.356395 -0.220861
1649856249.316103 102.738086 -62.817716 213.069527 -0.710035 0.566961 -0.358130 -0.214821
1649856249.341102 103.342421 -62.821661 215.165935 -0.707207 0.571802 -0.359657 -0.208682
1649856249.391099 104.544939 -62.819050 219.389411 -0.700351 0.581845 -0.363807 -0.196493
1649856249.416097 105.137616 -62.818716 221.525792 -0.696668 0.585615 -0.368311 -0.189887
1649856249.441096 105.733328 -62.809228 223.663012 -0.691152 0.591649 -0.371819 -0.184420
1649856249.466094 106.326815 -62.796297 225.810468 -0.684934 0.597955 -0.375778 -0.179181
1649856249.491093 106.916871 -62.781877 227.968832 -0.678184 0.604658 -0.379773 -0.173860
1649856249.516091 107.501736 -62.769102 230.142842 -0.671800 0.610667 -0.384333 -0.167503
1649856249.541090 108.087428 -62.745392 232.321502 -0.664009 0.617533 -0.389356 -0.161702
1649856249.566088 108.673908 -62.712614 234.507524 -0.655456 0.624703 -0.394713 -0.155965
1649856249.591086 109.267006 -62.667356 236.699262 -0.646642 0.631833 -0.399598 -0.151531
1649856249.616085 109.837832 -62.644244 238.916654 -0.637203 0.639317 -0.405563 -0.144100
1649856249.641083 110.412958 -62.603348 241.136673 -0.625828 0.647890 -0.411738 -0.138023
1649856249.666082 110.986066 -62.556888 243.366566 -0.613415 0.657150 -0.417683 -0.131972
1649856249.691080 111.557053 -62.507855 245.606480 -0.600728 0.667388 -0.422055 -0.124857
1649856249.716079 112.118730 -62.467423 247.862976 -0.588542 0.677777 -0.425176 -0.116031
1649856249.741077 112.682599 -62.409384 250.124080 -0.575162 0.688271 -0.428850 -0.107517
1649856249.766076 113.243725 -62.346876 252.395165 -0.561671 0.698577 -0.432218 -0.098508
1649856249.791074 113.824097 -62.253439 254.664845 -0.548917 0.708233 -0.434311 -0.092031
1649856249.816073 114.380657 -62.181486 256.955756 -0.534120 0.719218 -0.436488 -0.083182
1649856249.841071 114.935191 -62.103979 259.256269 -0.518447 0.730656 -0.437913 -0.074746
1649856249.866070 115.487483 -62.021110 261.566261 -0.502090 0.742040 -0.439153 -0.066531
1649856249.891068 116.036969 -61.934697 263.886220 -0.485421 0.752986 -0.440412 -0.058446
1649856249.916066 116.584072 -61.843650 266.215759 -0.468374 0.763384 -0.441919 -0.050775
1649856249.941065 117.128844 -61.748575 268.555279 -0.450835 0.773431 -0.443472 -0.043409
1649856249.966063 117.672462 -61.646698 270.903824 -0.432497 0.783356 -0.444956 -0.036250
1649856249.991062 118.212741 -61.542862 273.263176 -0.413284 0.793566 -0.445663 -0.028866
1649856250.016060 118.750781 -61.433267 275.632021 -0.392510 0.803988 -0.446201 -0.021057
1649856250.041059 119.286275 -61.320155 278.011189 -0.370369 0.814412 -0.446540 -0.012737
1649856250.066057 119.819123 -61.202357 280.400167 -0.346676 0.824596 -0.447037 -0.003912
1649856250.091056 120.349895 -61.079058 282.798638 -0.321632 0.834053 -0.448198 0.005255
1649856250.116054 120.878740 -60.949311 285.206120 -0.295350 0.842426 -0.450424 0.014314
1649856250.141052 121.405310 -60.815364 287.624064 -0.268894 0.849724 -0.452916 0.023059
1649856250.166051 121.932976 -60.671613 290.051565 -0.242741 0.856105 -0.455152 0.031583
1649856250.191050 122.455647 -60.527172 292.489770 -0.216604 0.862106 -0.456299 0.040594
1649856250.216048 122.972952 -60.388407 294.941829 -0.191930 0.867576 -0.456026 0.050149
1649856250.241046 123.491241 -60.234544 297.400178 -0.167012 0.872150 -0.456023 0.059195
1649856250.291043 124.527571 -59.910415 302.341284 -0.122463 0.879161 -0.453938 0.077574
1649856250.316042 125.039114 -59.750457 304.829200 -0.102173 0.882851 -0.450373 0.085438
1649856250.341040 125.549190 -59.578261 307.327033 -0.081934 0.885578 -0.447571 0.093369
1649856250.366039 126.062641 -59.387837 309.831905 -0.061421 0.887720 -0.445242 0.099704
1649856250.391037 126.569425 -59.206399 312.349034 -0.041453 0.889963 -0.441369 0.106965
1649856250.441034 127.576140 -58.829170 317.411569 -0.000073 0.892387 -0.434738 0.121032
1649856250.466033 128.081521 -58.630730 319.956684 0.019483 0.892472 -0.432445 0.126909
1649856250.491031 128.581213 -58.426816 322.510888 0.040736 0.891730 -0.430664 0.132992
1649856250.516030 129.072645 -58.231277 325.078977 0.061540 0.890957 -0.428085 0.138390
1649856250.541028 129.566899 -58.021271 327.654311 -0.082161 -0.889283 0.426414 -0.143513
1649856250.566026 130.064475 -57.799212 330.237575 -0.101914 -0.887170 0.424817 -0.148572
1649856250.591025 130.554747 -57.580209 332.833366 -0.121688 -0.885709 0.420993 -0.153218
1649856250.616023 131.042815 -57.356951 335.439798 -0.140382 -0.884435 0.416186 -0.157660
1649856250.641022 131.529093 -57.128651 338.056542 -0.158071 -0.883312 0.410687 -0.161585
1649856250.666020 132.015370 -56.894495 340.684166 -0.174231 -0.882347 0.405054 -0.164435
1649856250.691019 132.498725 -56.657220 343.322839 -0.190293 -0.881597 0.398142 -0.167508
1649856250.716017 132.980190 -56.414253 345.970526 -0.206354 -0.880775 0.389818 -0.172323
1649856250.766014 133.938429 -55.912846 351.296341 -0.235737 -0.878890 0.372837 -0.181582
1649856250.791013 134.412985 -55.656749 353.974421 -0.250685 -0.876481 0.367186 -0.184695
1649856250.816011 134.886792 -55.396237 356.663634 -0.266078 -0.872778 0.364519 -0.185977
1649856250.841009 135.361749 -55.126762 359.361422 -0.281309 -0.868694 0.362333 -0.186952
1649856250.866008 135.839352 -54.845930 362.069347 -0.295602 -0.865388 0.358143 -0.188299
1649856250.891006 136.308845 -54.567714 364.787440 -0.310480 -0.861826 0.351861 -0.192489
1649856250.916005 136.777138 -54.285062 367.516875 -0.324554 -0.858173 0.346041 -0.196113
1649856250.941003 137.245433 -53.995563 370.255440 -0.338807 -0.854057 0.340471 -0.199693
1649856250.966002 137.711895 -53.701345 373.003960 -0.353897 -0.849130 0.335131 -0.203526
1649856250.991000 138.177324 -53.402069 375.761925 -0.369724 -0.843253 0.329910 -0.208299
1649856251.015999 138.635283 -53.107782 378.530422 -0.386469 -0.836045 0.324949 -0.214658
1649856251.065996 139.557832 -52.487380 384.093649 -0.418832 -0.821358 0.315346 -0.224739
1649856251.090994 140.016636 -52.169653 386.888442 -0.434069 -0.813513 0.311791 -0.229275
1649856251.115993 140.464402 -51.858140 389.700385 -0.449193 -0.806289 0.307336 -0.231665
1649856251.140991 140.919399 -51.532610 392.515841 -0.462950 -0.798505 0.303718 -0.236268
1649856251.165989 141.367858 -51.208339 395.343590 -0.476730 -0.790410 0.300551 -0.240102
1649856251.190988 141.820248 -50.877225 398.184144 -0.488335 -0.783395 0.298747 -0.242017
1649856251.215986 142.271967 -50.537241 401.030460 -0.500656 -0.775027 0.297451 -0.245356
1649856251.240985 142.721853 -50.193650 403.888320 -0.513008 -0.766776 0.296383 -0.247051
1649856251.265981 143.168663 -49.846561 406.758144 -0.525836 -0.758401 0.296330 -0.245993
1649856251.290979 143.617738 -49.490005 409.636418 -0.538613 -0.749714 0.296156 -0.245187
1649856251.315978 144.063809 -49.132693 412.527075 -0.551013 -0.741132 0.295230 -0.244841
1649856251.340976 144.508486 -48.771148 415.428602 -0.563019 -0.732989 0.293219 -0.244457
1649856251.365975 144.950621 -48.404306 418.341853 -0.575020 -0.725190 0.290710 -0.242774
1649856251.390973 145.392623 -48.034778 421.265447 -0.585591 -0.718386 0.288261 -0.240644
1649856251.415972 145.833636 -47.660214 424.198797 -0.594765 -0.712996 0.284780 -0.238309
1649856251.440970 146.271800 -47.282561 427.143083 -0.603365 -0.708409 0.278286 -0.238042
1649856251.465969 146.711863 -46.899432 430.097386 -0.611877 -0.703732 0.269509 -0.240278
1649856251.490967 147.147669 -46.514020 433.062481 -0.622231 -0.697363 0.260701 -0.241969
1649856251.515965 147.582721 -46.124872 436.037918 -0.632617 -0.690520 0.253508 -0.242305
1649856251.540964 148.016787 -45.731905 439.023468 -0.641675 -0.684087 0.247827 -0.242612
1649856251.565963 148.460921 -45.326617 442.017451 -0.646181 -0.680709 0.244153 -0.243873
1649856251.590961 148.892377 -44.925658 445.022849 -0.650097 -0.677549 0.239922 -0.246452
1649856251.615959 149.322708 -44.520691 448.038253 0.652084 0.675585 -0.237351 0.249071
1649856251.640958 149.752339 -44.111709 451.063829 0.653284 0.674137 -0.236758 0.250408
1649856251.665956 150.173046 -43.712886 454.101876 0.654499 0.672981 -0.235056 0.251945
1649856251.690955 150.603105 -43.293002 457.146548 0.655484 0.671288 -0.236042 0.252978
1649856251.715953 151.025371 -42.877063 460.205029 0.656829 0.669371 -0.237025 0.253649
1649856251.740952 151.451069 -42.452194 463.271697 0.657258 0.668091 -0.239279 0.253795
1649856251.765950 151.876523 -42.023664 466.352300 0.656242 0.668670 -0.241819 0.252488
1649856251.790949 152.300010 -41.590179 469.439318 0.655540 0.668041 -0.244497 0.253395
1649856251.815947 152.719382 -41.156156 472.537835 0.654928 0.667307 -0.246635 0.254838
1649856251.840945 153.140459 -40.714813 475.645802 0.654040 0.666994 -0.248931 0.255703
1649856251.865944 153.562615 -40.268021 478.766225 -0.652824 -0.667798 0.251146 -0.254545
1649856251.890943 153.982338 -39.818474 481.895418 -0.652442 -0.667685 0.253214 -0.253770
1649856251.915941 154.400431 -39.365905 485.035593 -0.652267 -0.667642 0.254741 -0.252803
1649856251.940939 154.818900 -38.907979 488.185827 -0.652284 -0.667618 0.256244 -0.251300
1649856251.965938 155.241187 -38.439880 491.344178 -0.652218 -0.667822 0.258406 -0.248700
1649856251.990936 155.650214 -37.986973 494.523974 -0.651789 -0.669654 0.259149 -0.244083
1649856252.015935 156.066280 -37.516677 497.705548 -0.650974 -0.670753 0.260785 -0.241484
1649856252.040933 156.481432 -37.041970 500.897298 -0.649626 -0.672290 0.262231 -0.239264
1649856252.065932 156.904927 -36.557313 504.096583 -0.646074 -0.675260 0.265097 -0.237352
1649856252.090930 157.319019 -36.073527 507.308436 -0.643757 -0.677697 0.266898 -0.234668
1649856252.115929 157.732671 -35.585036 510.530456 -0.641341 -0.680234 0.268626 -0.231957
1649856252.140927 158.145803 -35.092336 513.762923 -0.638988 -0.682814 0.270598 -0.228552
1649856252.190924 158.971093 -34.093373 520.259008 -0.635118 -0.687131 0.274283 -0.221914
1649856252.215922 159.384590 -33.585010 523.521299 -0.633937 -0.688373 0.276277 -0.218944
1649856252.240921 159.796967 -33.073908 526.795371 -0.632638 -0.689799 0.278807 -0.214972
1649856252.265919 160.212343 -32.570231 530.084470 -0.627586 -0.693659 0.283555 -0.211116
1649856252.290918 160.625136 -32.049460 533.378919 -0.624787 -0.696043 0.288885 -0.204232
1649856252.315916 161.037365 -31.524602 536.684162 -0.621546 -0.698669 0.294802 -0.196558
1649856252.340915 161.449167 -30.995103 539.999945 -0.618624 -0.701024 0.299352 -0.190414
1649856252.365913 161.859748 -30.463372 543.328009 -0.616517 -0.702965 0.302177 -0.185569
1649856252.390912 162.271427 -29.924901 546.665063 -0.615637 -0.703594 0.305537 -0.180539
1649856252.415910 162.683278 -29.381850 550.012697 -0.615443 -0.703548 0.309251 -0.174971
1649856252.440909 163.095051 -28.834210 553.370872 -0.615663 -0.703099 0.312711 -0.169772
1649856252.465907 163.502544 -28.287021 556.741850 -0.616421 -0.702309 0.315664 -0.164752
1649856252.490906 163.914801 -27.728335 560.120079 -0.616844 -0.701284 0.319291 -0.160492
1649856252.515904 164.325602 -27.166892 563.510081 -0.616586 -0.700507 0.323739 -0.155900
1649856252.540902 164.736272 -26.600468 566.910535 -0.615513 -0.700049 0.328955 -0.151208
1649856252.565901 165.146582 -26.030983 570.322589 -0.613175 -0.700358 0.334589 -0.146851
1649856252.590899 165.555965 -25.455004 573.743694 -0.610964 -0.700511 0.339974 -0.142913
1649856252.615898 165.966138 -24.874185 577.176347 -0.608648 -0.701138 0.344124 -0.139753
1649856252.640896 166.376777 -24.288632 580.619966 -0.607385 -0.701326 0.347003 -0.137162
1649856252.665895 166.780749 -23.709563 584.077686 -0.608051 -0.700195 0.349329 -0.134055
1649856252.690893 167.193251 -23.114957 587.543007 -0.609826 -0.698624 0.351036 -0.129657
1649856252.715892 167.606119 -22.516231 591.019482 -0.612520 -0.696825 0.351300 -0.125865
1649856252.740890 168.019287 -21.913022 594.506529 -0.615058 -0.695381 0.351028 -0.122182
1649856252.765888 168.406587 -21.332635 598.006655 -0.620462 -0.691154 0.350442 -0.120509
