# timestamp tx ty tz qx qy qz qw
1649856227.792434 0.006053 -0.030935 0.019389 0.022212 0.021181 -0.000232 0.999529
1649856227.842431 0.007907 -0.031402 0.017906 0.022321 0.021173 0.000678 0.999526
1649856227.892428 0.001533 -0.023931 0.008392 0.012446 0.015046 -0.001605 0.999808
1649856227.942425 -0.003541 -0.022060 0.013833 0.014616 0.015525 -0.002520 0.999769
1649856227.992422 -0.004698 -0.019951 0.021135 0.015523 0.018673 -0.002385 0.999702
1649856228.042419 -0.003583 -0.019267 0.015900 0.015526 0.016393 -0.002167 0.999743
1649856228.067417 -0.003263 -0.018975 0.016443 0.015462 0.016173 -0.002028 0.999748
1649856228.117414 -0.003849 -0.019269 0.016152 0.015382 0.016245 -0.002249 0.999747
1649856228.167411 -0.005635 -0.018033 0.016739 0.015161 0.016390 -0.002179 0.999748
1649856228.217408 -0.005804 -0.018627 0.016041 0.015160 0.016186 -0.002507 0.999751
1649856228.267405 -0.007313 -0.017792 0.016414 0.015054 0.016056 -0.002470 0.999755
1649856228.317402 -0.007398 -0.018083 0.016311 0.015060 0.016024 -0.002707 0.999755
1649856228.367399 -0.008321 -0.016829 0.015873 0.014997 0.016006 -0.002567 0.999756
1649856228.392397 -0.008211 -0.016702 0.016040 0.014922 0.015999 -0.002502 0.999758
1649856228.442394 -0.009562 -0.015675 0.015582 0.014915 0.015918 -0.002777 0.999758
1649856228.492391 -0.010647 -0.014227 0.015914 0.014878 0.015768 -0.002848 0.999761
1649856228.542388 -0.011276 -0.013941 0.015453 0.014932 0.015823 -0.003026 0.999759
1649856228.592385 -0.010903 -0.013094 0.015420 0.014840 0.015909 -0.002815 0.999759
1649856228.617383 -0.009877 -0.014240 0.015453 0.014929 0.016043 -0.003004 0.999755
1649856228.642382 -0.009373 -0.014698 0.015534 0.014974 0.016111 -0.002988 0.999754
1649856228.692379 -0.009879 -0.014184 0.015925 0.014975 0.016133 -0.002917 0.999753
1649856228.742376 -0.010306 -0.013911 0.015997 0.014926 0.016101 -0.002915 0.999755
1649856228.792373 -0.010777 -0.013315 0.016336 0.014940 0.016114 -0.002770 0.999755
1649856228.842370 -0.010233 -0.013264 0.015548 0.014938 0.016030 -0.002964 0.999756
1649856228.892366 -0.009980 -0.012680 0.015214 0.014955 0.015983 -0.002876 0.999756
1649856228.942363 -0.010490 -0.012638 0.015105 0.014989 0.015879 -0.003056 0.999757
1649856228.992360 -0.011158 -0.012084 0.015625 0.014925 0.015862 -0.002986 0.999758
1649856229.042357 -0.011500 -0.012373 0.015578 0.014981 0.015858 -0.003198 0.999757
1649856229.092354 -0.010919 -0.012043 0.015352 0.014981 0.015818 -0.003050 0.999758
1649856229.142351 -0.010484 -0.012350 0.014975 0.015000 0.015887 -0.003082 0.999757
1649856229.192348 -0.010268 -0.012101 0.015065 0.015006 0.015899 -0.002892 0.999757
1649856229.242345 -0.010136 -0.012283 0.014716 0.015061 0.015863 -0.002989 0.999756
1649856229.292342 -0.010992 -0.012096 0.015541 0.015012 0.015948 -0.002913 0.999756
1649856229.317340 -0.010657 -0.013332 0.015564 0.014976 0.015891 -0.003023 0.999757
1649856229.342339 -0.010695 -0.013947 0.015713 0.014973 0.015874 -0.002984 0.999757
1649856229.392335 -0.011492 -0.013779 0.016108 0.014967 0.015844 -0.002921 0.999758
1649856229.417334 -0.011179 -0.014421 0.016232 0.014908 0.015887 -0.003117 0.999758
1649856229.442333 -0.011200 -0.014700 0.016317 0.014881 0.015932 -0.003104 0.999758
1649856229.492329 -0.011960 -0.014170 0.016748 0.014804 0.015990 -0.003089 0.999758
1649856229.542326 -0.012528 -0.013559 0.016894 0.014869 0.015940 -0.003152 0.999757
1649856229.592323 -0.012747 -0.012539 0.017122 0.014910 0.015956 -0.003018 0.999757
1649856229.617322 -0.011781 -0.012997 0.016987 0.014836 0.015866 -0.003208 0.999759
1649856229.642320 -0.011364 -0.013106 0.017111 0.014789 0.015945 -0.003140 0.999759
1649856229.667319 -0.011036 -0.013004 0.017298 0.014739 0.015978 -0.003130 0.999759
1649856229.692317 -0.010878 -0.012804 0.017424 0.014688 0.016028 -0.003155 0.999759
1649856229.742314 -0.011528 -0.011898 0.017593 0.014749 0.015990 -0.003205 0.999758
1649856229.792311 -0.012040 -0.011054 0.017586 0.014781 0.015836 -0.003117 0.999760
1649856229.817309 -0.011341 -0.011718 0.017433 0.014694 0.015883 -0.003245 0.999761
1649856229.842308 -0.010932 -0.011883 0.017417 0.014642 0.015953 -0.003211 0.999760
1649856229.892305 -0.011451 -0.010841 0.017494 0.014630 0.015966 -0.003220 0.999760
1649856229.942302 -0.012268 -0.010018 0.017140 0.014757 0.015822 -0.003300 0.999760
1649856229.992299 -0.013029 -0.009058 0.016988 0.014804 0.015793 -0.003141 0.999761
1649856230.042295 -0.013709 -0.009189 0.016566 0.014782 0.015861 -0.003334 0.999759
1649856230.092292 -0.014158 -0.008529 0.016795 0.014789 0.015853 -0.003269 0.999760
1649856230.142289 -0.014240 -0.008812 0.016716 0.014753 0.015874 -0.003438 0.999759
1649856230.192286 -0.014162 -0.008447 0.017099 0.014715 0.016001 -0.003173 0.999759
1649856230.217285 -0.013271 -0.009498 0.017286 0.014636 0.016005 -0.003348 0.999759
1649856230.242283 -0.012728 -0.009987 0.017528 0.014631 0.016026 -0.003334 0.999759
1649856230.267280 -0.012267 -0.010484 0.017909 0.014653 0.015965 -0.003320 0.999760
1649856230.292278 -0.011895 -0.010990 0.018120 0.014648 0.015978 -0.003351 0.999759
1649856230.317277 -0.011764 -0.011160 0.018277 0.014600 0.015985 -0.003332 0.999760
1649856230.342275 -0.011725 -0.011179 0.018338 0.014573 0.016010 -0.003284 0.999760
1649856230.392272 -0.012327 -0.010428 0.018674 0.014599 0.015985 -0.003247 0.999760
1649856230.417270 -0.012003 -0.010704 0.018736 0.014600 0.016012 -0.003253 0.999760
1649856230.442269 -0.011979 -0.010628 0.018878 0.014600 0.016038 -0.003199 0.999760
1649856230.492266 -0.012734 -0.009529 0.019304 0.014603 0.016063 -0.003130 0.999759
1649856230.542263 -0.013386 -0.008458 0.019450 0.014614 0.016050 -0.003266 0.999759
1649856230.592259 -0.013710 -0.006899 0.019790 0.014645 0.016010 -0.003152 0.999760
1649856230.617258 -0.012426 -0.007247 0.019616 0.014496 0.016212 -0.002967 0.999759
1649856230.642256 -0.011927 -0.007154 0.019697 0.014437 0.016344 -0.002902 0.999758
1649856230.692253 -0.012357 -0.005940 0.020171 0.014389 0.016419 -0.002831 0.999758
1649856230.742250 -0.013086 -0.005013 0.020188 0.014532 0.016200 -0.002863 0.999759
1649856230.792247 -0.013549 -0.004280 0.020050 0.014589 0.016084 -0.002911 0.999760
1649856230.842244 -0.013851 -0.004357 0.019656 0.014491 0.016010 -0.003045 0.999762
1649856230.867242 -0.013299 -0.004952 0.019708 0.014401 0.016079 -0.002978 0.999763
1649856230.892241 -0.012778 -0.005391 0.019646 0.014352 0.016111 -0.002927 0.999763
1649856230.942238 -0.013754 -0.005601 0.019735 0.014317 0.016207 -0.003228 0.999761
1649856230.992235 -0.013856 -0.005734 0.020244 0.014352 0.016120 -0.003224 0.999762
1649856231.017233 -0.013064 -0.006869 0.020395 0.014331 0.016056 -0.003295 0.999763
1649856231.042232 -0.012695 -0.007642 0.020809 0.014328 0.016008 -0.003276 0.999764
1649856231.092228 -0.013188 -0.007911 0.021489 0.014287 0.016011 -0.003270 0.999764
1649856231.117227 -0.012687 -0.008420 0.021457 0.014274 0.016034 -0.003350 0.999764
1649856231.142225 -0.012334 -0.009429 0.021361 0.014336 0.016027 -0.003282 0.999763
1649856231.192222 -0.012872 -0.009890 0.021657 0.014327 0.016022 -0.003323 0.999763
1649856231.217221 -0.012739 -0.010519 0.021744 0.014298 0.015927 -0.003411 0.999765
1649856231.242219 -0.012452 -0.010922 0.021671 0.014282 0.015954 -0.003345 0.999765
1649856231.292216 -0.013193 -0.010669 0.021553 0.014270 0.016025 -0.003305 0.999764
1649856231.317214 -0.012879 -0.011044 0.021318 0.014244 0.016117 -0.003343 0.999763
1649856231.342213 -0.012523 -0.011124 0.021032 0.014228 0.016251 -0.003228 0.999762
1649856231.392210 -0.013070 -0.010490 0.020861 0.014158 0.016381 -0.003179 0.999761
1649856231.442207 -0.013824 -0.009122 0.020810 0.014112 0.016546 -0.003356 0.999758
1649856231.492203 -0.014146 -0.007614 0.020932 0.014147 0.016550 -0.003291 0.999758
1649856231.542201 -0.014519 -0.006566 0.021196 0.014113 0.016481 -0.003389 0.999759
1649856231.592197 -0.014277 -0.004741 0.021463 0.014103 0.016444 -0.003277 0.999760
1649856231.642194 -0.014188 -0.004177 0.020929 0.014119 0.016416 -0.003339 0.999760
1649856231.692191 -0.013832 -0.003261 0.020903 0.014150 0.016305 -0.003163 0.999762
1649856231.742188 -0.013760 -0.002131 0.021030 0.014248 0.016115 -0.003309 0.999763
1649856231.767186 -0.012790 -0.002425 0.021598 0.014276 0.016013 -0.003194 0.999765
1649856231.792185 -0.012124 -0.002700 0.022018 0.014330 0.015907 -0.003110 0.999766
1649856231.842182 -0.012649 -0.002078 0.022475 0.014108 0.015990 -0.003315 0.999767
1649856231.892179 -0.013149 -0.001346 0.022718 0.014055 0.016032 -0.003232 0.999767
1649856231.942176 -0.013512 -0.001990 0.022512 0.014055 0.016211 -0.003427 0.999764
1649856231.992172 -0.013832 -0.001872 0.022696 0.014069 0.016249 -0.003305 0.999764
1649856232.042169 -0.014132 -0.002947 0.022055 0.014014 0.016312 -0.003425 0.999763
1649856232.092166 -0.014135 -0.003474 0.021883 0.014119 0.016272 -0.003282 0.999763
1649856232.142163 -0.014188 -0.004571 0.021221 0.014166 0.016216 -0.003388 0.999762
1649856232.192160 -0.013841 -0.004493 0.020787 0.014290 0.016173 -0.003147 0.999762
1649856232.242157 -0.012922 -0.005023 0.020001 0.014427 0.016109 -0.003234 0.999761
1649856232.292154 -0.012202 -0.004571 0.019683 0.014476 0.015991 -0.002947 0.999763
1649856232.342151 -0.011770 -0.004997 0.018681 0.014460 0.016040 -0.003036 0.999762
1649856232.392148 -0.011592 -0.004877 0.017932 0.014438 0.016139 -0.002833 0.999762
1649856232.442144 -0.012202 -0.005494 0.016997 0.014544 0.016230 -0.002998 0.999758
1649856232.492141 -0.012460 -0.005484 0.016739 0.014529 0.016245 -0.002861 0.999758
1649856232.542138 -0.012922 -0.005953 0.016391 0.014642 0.016340 -0.003089 0.999755
1649856232.567137 -0.012468 -0.006570 0.016570 0.014679 0.016333 -0.003021 0.999754
1649856232.592135 -0.011973 -0.007050 0.016700 0.014729 0.016296 -0.002984 0.999754
1649856232.617134 -0.011557 -0.007509 0.016762 0.014740 0.016214 -0.003102 0.999755
1649856232.642132 -0.011886 -0.008745 0.016934 0.014728 0.016211 -0.003153 0.999755
1649856232.667130 -0.012148 -0.009868 0.017109 0.014717 0.016190 -0.003170 0.999756
1649856232.692129 -0.012364 -0.011020 0.017195 0.014690 0.016282 -0.003184 0.999754
1649856232.717127 -0.012777 -0.011708 0.017221 0.014661 0.016356 -0.003374 0.999753
1649856232.742126 -0.012789 -0.011886 0.017327 0.014659 0.016366 -0.003322 0.999753
1649856232.792123 -0.013654 -0.011775 0.017375 0.014642 0.016362 -0.003353 0.999753
1649856232.817121 -0.013324 -0.011981 0.017417 0.014726 0.016306 -0.003507 0.999752
1649856232.867118 -0.011919 -0.013614 0.022880 0.014052 0.016309 -0.003136 0.999763
1649856232.917115 -0.011422 -0.013970 0.023582 0.014022 0.016408 -0.003197 0.999762
1649856232.967112 -0.010789 -0.014207 0.023943 0.014159 0.016495 -0.002876 0.999760
1649856233.017109 -0.010062 -0.014383 0.023683 0.014012 0.016587 -0.003040 0.999760
1649856233.067106 -0.009580 -0.014682 0.023486 0.014037 0.016680 -0.002885 0.999758
1649856233.117103 -0.009762 -0.014244 0.022964 0.013897 0.016745 -0.002940 0.999759
1649856233.167099 -0.009386 -0.014214 0.022535 0.013894 0.016660 -0.002720 0.999761
1649856233.217096 -0.009459 -0.013592 0.021840 0.013769 0.016760 -0.002843 0.999761
1649856233.267093 -0.009535 -0.013364 0.021769 0.013597 0.016650 -0.002472 0.999766
1649856233.317090 -0.009798 -0.012622 0.021665 0.013680 0.016758 -0.002797 0.999762
1649856233.367087 -0.009713 -0.012506 0.022046 0.013673 0.016645 -0.002516 0.999765
1649856233.417084 -0.009990 -0.011599 0.022054 0.013676 0.016592 -0.002844 0.999765
1649856233.467081 -0.010000 -0.011259 0.022549 0.013532 0.016530 -0.002679 0.999768
1649856233.492079 -0.009643 -0.011225 0.022540 0.013619 0.016517 -0.002796 0.999767
1649856233.542076 -0.009720 -0.009746 0.022862 0.013705 0.016506 -0.002749 0.999766
1649856233.592073 -0.010679 -0.007274 0.023073 0.013863 0.016639 -0.002932 0.999761
1649856233.642070 -0.011939 -0.005265 0.022748 0.014000 0.016768 -0.002996 0.999757
1649856233.692067 -0.012827 -0.003170 0.022448 0.014230 0.016908 -0.002959 0.999751
1649856233.742064 -0.013287 -0.002399 0.021146 0.014339 0.016828 -0.003146 0.999751
1649856233.792061 -0.012996 -0.001483 0.020344 0.014415 0.016642 -0.002979 0.999753
1649856233.842057 -0.012599 -0.001863 0.018545 0.014367 0.016629 -0.003137 0.999754
1649856233.892054 -0.012194 -0.001901 0.018094 0.014376 0.016495 -0.002861 0.999757
1649856233.917053 -0.011039 -0.003937 0.017818 0.014476 0.016534 -0.002802 0.999755
1649856233.942051 -0.011825 -0.007099 0.017741 0.014463 0.016669 -0.002958 0.999752
1649856233.992048 -0.013115 -0.009393 0.017575 0.014312 0.016894 -0.003005 0.999750
1649856234.042045 -0.014085 -0.009957 0.017872 0.014325 0.016856 -0.003120 0.999750
1649856234.067044 -0.013724 -0.010310 0.018280 0.014303 0.016799 -0.002997 0.999752
1649856234.092042 -0.013113 -0.010729 0.018496 0.014290 0.016837 -0.002988 0.999752
1649856234.142039 -0.013571 -0.010882 0.018604 0.014360 0.016732 -0.003252 0.999752
1649856234.192036 -0.013192 -0.010811 0.018970 0.014424 0.016572 -0.003198 0.999754
1649856234.217034 -0.011952 -0.011115 0.018770 0.014426 0.016589 -0.003207 0.999753
1649856234.242033 -0.010744 -0.011610 0.018498 0.014501 0.016596 -0.003030 0.999753
1649856234.292030 -0.011072 -0.011436 0.018808 0.014533 0.016697 -0.002986 0.999751
1649856234.317028 -0.010790 -0.011966 0.018878 0.014526 0.016509 -0.003178 0.999753
1649856234.342026 -0.010628 -0.012124 0.019172 0.014537 0.016346 -0.003157 0.999756
1649856234.392023 -0.011343 -0.011143 0.019698 0.014534 0.016203 -0.003097 0.999758
1649856234.442020 -0.011860 -0.009475 0.019673 0.014382 0.016213 -0.003250 0.999760
1649856234.492017 -0.011818 -0.007423 0.019673 0.014391 0.016267 -0.003047 0.999759
1649856234.542014 -0.011791 -0.006023 0.018924 0.014355 0.016291 -0.003190 0.999759
1649856234.592011 -0.012166 -0.004556 0.018785 0.014404 0.016249 -0.003027 0.999760
1649856234.642008 -0.012363 -0.004762 0.018273 0.014399 0.016209 -0.003200 0.999760
1649856234.667006 -0.012338 -0.005076 0.018524 0.014397 0.016093 -0.003085 0.999762
1649856234.692005 -0.011947 -0.005696 0.018437 0.014431 0.016140 -0.002967 0.999761
1649856234.742002 -0.012851 -0.005117 0.018402 0.014390 0.016077 -0.003265 0.999762
1649856234.791999 -0.013497 -0.004788 0.018826 0.014406 0.015956 -0.003321 0.999763
1649856234.841995 -0.013953 -0.004948 0.018332 0.014258 0.015587 -0.003429 0.999771
1649856234.891992 -0.014085 -0.004757 0.017994 0.014179 0.015376 -0.003314 0.999776
1649856234.916991 -0.013542 -0.006511 0.017869 0.014279 0.015554 -0.003457 0.999771
1649856234.941989 -0.012790 -0.008894 0.017809 0.014458 0.015701 -0.003275 0.999767
1649856234.991986 -0.013021 -0.010747 0.017932 0.014542 0.015859 -0.003159 0.999763
1649856235.041983 -0.013740 -0.010697 0.018300 0.014369 0.016094 -0.003616 0.999761
1649856235.091980 -0.013989 -0.009874 0.018379 0.014282 0.016216 -0.003537 0.999760
1649856235.141977 -0.013970 -0.008945 0.018353 0.014324 0.016037 -0.003652 0.999762
1649856235.191973 -0.013781 -0.007854 0.018310 0.014303 0.015849 -0.003487 0.999766
1649856235.241970 -0.013677 -0.007482 0.018202 0.014347 0.015716 -0.003497 0.999767
1649856235.291967 -0.014160 -0.005857 0.018225 0.014357 0.015608 -0.003334 0.999770
1649856235.341964 -0.014001 -0.005842 0.018044 0.014484 0.015637 -0.003435 0.999767
1649856235.391961 -0.013765 -0.004949 0.018069 0.014459 0.015763 -0.003354 0.999766
1649856235.441958 -0.013158 -0.005861 0.017573 0.014479 0.015942 -0.003404 0.999762
1649856235.491955 -0.012887 -0.006317 0.017748 0.014516 0.016002 -0.003287 0.999761
1649856235.541952 -0.012903 -0.007266 0.017697 0.014500 0.016017 -0.003298 0.999761
1649856235.591949 -0.013461 -0.006589 0.017903 0.014470 0.016004 -0.003127 0.999762
1649856235.641946 -0.013905 -0.006693 0.017815 0.014494 0.016037 -0.003325 0.999761
1649856235.666944 -0.013024 -0.007381 0.017965 0.014494 0.016071 -0.003262 0.999760
1649856235.691942 -0.012287 -0.007863 0.018191 0.014513 0.016100 -0.003182 0.999760
1649856235.741939 -0.012666 -0.007555 0.018585 0.014472 0.016009 -0.003288 0.999762
1649856235.791936 -0.012534 -0.006568 0.019039 0.014475 0.015968 -0.003132 0.999763
1649856235.816935 -0.011535 -0.007209 0.018710 0.014408 0.016064 -0.003211 0.999762
1649856235.841933 -0.011731 -0.008705 0.018699 0.014384 0.016160 -0.003295 0.999761
1649856235.891930 -0.012548 -0.009579 0.018962 0.014343 0.016222 -0.003360 0.999760
1649856235.941927 -0.013397 -0.009087 0.019147 0.014331 0.015992 -0.003484 0.999763
1649856235.991924 -0.013653 -0.008228 0.019292 0.014321 0.015974 -0.003403 0.999764
1649856236.041921 -0.013401 -0.007427 0.019183 0.014282 0.015952 -0.003444 0.999765
1649856236.091918 -0.013023 -0.006762 0.018914 0.014330 0.015986 -0.003226 0.999764
1649856236.141915 -0.013023 -0.005659 0.018255 0.014313 0.016150 -0.003391 0.999761
1649856236.191911 -0.013029 -0.004498 0.017660 0.014310 0.016229 -0.003208 0.999761
1649856236.216910 -0.012425 -0.005190 0.017368 0.014406 0.016186 -0.003298 0.999760
1649856236.241908 -0.012933 -0.007155 0.017320 0.014469 0.016286 -0.003264 0.999757
1649856236.291907 -0.014006 -0.008097 0.017813 0.014494 0.016345 -0.003194 0.999756
1649856236.341904 -0.014754 -0.007779 0.018049 0.014487 0.016192 -0.003542 0.999758
1649856236.391901 -0.014803 -0.007874 0.018948 0.014480 0.016115 -0.003518 0.999759
1649856236.441898 -0.014774 -0.007206 0.019609 0.014368 0.016323 -0.003777 0.999756
1649856236.491895 -0.014400 -0.005947 0.020426 0.014301 0.016638 -0.003670 0.999753
1649856236.541892 -0.013927 -0.006090 0.019635 0.014269 0.016477 -0.003670 0.999756
1649856236.591889 -0.013743 -0.005567 0.019391 0.014300 0.016257 -0.003295 0.999760
1649856236.641886 -0.013291 -0.005846 0.018763 0.014399 0.015981 -0.003424 0.999763
1649856236.666884 -0.012524 -0.006433 0.018393 0.014438 0.015880 -0.003238 0.999764
1649856236.691882 -0.011783 -0.007230 0.017863 0.014464 0.015898 -0.003102 0.999764
1649856236.741879 -0.012567 -0.006624 0.017152 0.014448 0.015935 -0.003279 0.999763
1649856236.791876 -0.012670 -0.006471 0.017120 0.014462 0.016046 -0.003223 0.999761
1649856236.841873 -0.012709 -0.007105 0.016578 0.014514 0.016085 -0.003338 0.999760
1649856236.866872 -0.012013 -0.008000 0.016524 0.014537 0.016110 -0.003214 0.999759
1649856236.891870 -0.011385 -0.008856 0.016453 0.014529 0.016122 -0.003112 0.999760
1649856236.966865 -0.012445 -0.008705 0.016408 0.014497 0.016107 -0.003273 0.999760
1649856237.016862 -0.012474 -0.010026 0.016749 0.014530 0.016192 -0.003351 0.999758
1649856237.066859 -0.009829 -0.012630 0.022025 0.013773 0.016024 -0.002634 0.999773
1649856237.116856 -0.009964 -0.013305 0.023253 0.013761 0.016210 -0.002883 0.999770
1649856237.166853 -0.009966 -0.013317 0.023888 0.013882 0.016339 -0.002706 0.999766
1649856237.216850 -0.010116 -0.013004 0.024079 0.013763 0.016370 -0.002993 0.999767
1649856237.241848 -0.009753 -0.012833 0.023918 0.013810 0.016340 -0.002927 0.999767
1649856237.266846 -0.010214 -0.012651 0.023830 0.013803 0.016403 -0.003029 0.999766
1649856237.341842 -0.012421 -0.010866 0.023674 0.013737 0.016440 -0.003292 0.999765
1649856237.391839 -0.013315 -0.009667 0.022917 0.013872 0.016426 -0.003189 0.999764
1649856237.441836 -0.013826 -0.009086 0.021288 0.013991 0.016392 -0.003311 0.999762
1649856237.491832 -0.013786 -0.007958 0.019338 0.014108 0.016431 -0.003153 0.999760
1649856237.541830 -0.014000 -0.008130 0.017751 0.014321 0.016294 -0.003390 0.999759
1649856237.591826 -0.013953 -0.007677 0.017005 0.014436 0.016133 -0.003230 0.999760
1649856237.641823 -0.014111 -0.007832 0.016478 0.014550 0.016118 -0.003405 0.999758
1649856237.716819 -0.014419 -0.008110 0.016643 0.014598 0.016134 -0.003572 0.999757
1649856237.766815 -0.011101 -0.009698 0.022998 0.013864 0.015741 -0.002830 0.999776
1649856237.791814 -0.010498 -0.010212 0.023601 0.013904 0.015787 -0.002719 0.999775
1649856237.841811 -0.010311 -0.008916 0.025139 0.013830 0.015796 -0.002861 0.999775
1649856237.891808 -0.011304 -0.008104 0.025996 0.013852 0.015971 -0.002988 0.999772
1649856237.941805 -0.012588 -0.008014 0.026131 0.013684 0.016160 -0.003202 0.999771
1649856237.991802 -0.013652 -0.007706 0.026061 0.013749 0.016242 -0.003199 0.999768
1649856238.041799 -0.014159 -0.008167 0.025364 0.013707 0.016194 -0.003473 0.999769
1649856238.091795 -0.014591 -0.008089 0.024738 0.013767 0.016174 -0.003394 0.999769
1649856238.116794 -0.014362 -0.008698 0.024187 0.013703 0.016168 -0.003556 0.999769
1649856238.141792 -0.013772 -0.009579 0.023353 0.013825 0.016170 -0.003397 0.999768
1649856238.191789 -0.014310 -0.009931 0.022860 0.013919 0.016134 -0.003305 0.999767
1649856238.241786 -0.015030 -0.009988 0.022519 0.013956 0.016011 -0.003496 0.999768
1649856238.291783 -0.015473 -0.009545 0.022644 0.013919 0.015914 -0.003386 0.999771
1649856238.341780 -0.015751 -0.009041 0.022416 0.014004 0.015956 -0.003605 0.999768
1649856238.366778 -0.015037 -0.008984 0.022399 0.014029 0.015952 -0.003548 0.999768
1649856238.391777 -0.014437 -0.008959 0.022287 0.014076 0.015932 -0.003532 0.999768
1649856238.416775 -0.014521 -0.008982 0.022352 0.014057 0.015925 -0.003688 0.999768
1649856238.441773 -0.014068 -0.009399 0.022049 0.014119 0.015895 -0.003556 0.999768
1649856238.466772 -0.013908 -0.009798 0.021809 0.014171 0.015864 -0.003509 0.999768
1649856238.491771 -0.013717 -0.010247 0.021561 0.014207 0.015864 -0.003481 0.999767
1649856238.541767 -0.014797 -0.009689 0.021739 0.014163 0.015988 -0.003620 0.999765
1649856238.566766 -0.015017 -0.009685 0.022037 0.014123 0.016113 -0.003632 0.999764
1649856238.591764 -0.014928 -0.009554 0.022428 0.014116 0.016218 -0.003613 0.999762
1649856238.641761 -0.015077 -0.009193 0.022686 0.014068 0.016050 -0.003692 0.999765
1649856238.691758 -0.014751 -0.008568 0.023090 0.014064 0.015894 -0.003570 0.999768
1649856238.716756 -0.014086 -0.008635 0.023366 0.014023 0.015869 -0.003615 0.999769
1649856238.741755 -0.013581 -0.009208 0.023394 0.014038 0.015847 -0.003524 0.999770
1649856238.791752 -0.013989 -0.009091 0.023777 0.014042 0.015825 -0.003506 0.999770
1649856238.841749 -0.014573 -0.008554 0.024556 0.013948 0.015850 -0.003572 0.999771
1649856238.891746 -0.014741 -0.007768 0.025180 0.013934 0.015812 -0.003537 0.999772
1649856238.941742 -0.015170 -0.007458 0.025182 0.013946 0.015679 -0.003598 0.999773
1649856238.991739 -0.015165 -0.006527 0.025338 0.013986 0.015637 -0.003547 0.999774
1649856239.041736 -0.015407 -0.006316 0.025356 0.013935 0.015659 -0.003716 0.999773
1649856239.091733 -0.015424 -0.005744 0.025505 0.013906 0.015646 -0.003608 0.999774
1649856239.141730 -0.015678 -0.006295 0.025561 0.013831 0.015704 -0.003622 0.999774
1649856239.191727 -0.015744 -0.006703 0.025723 0.013768 0.015834 -0.003463 0.999774
1649856239.241724 -0.015644 -0.007168 0.025946 0.013783 0.015923 -0.003664 0.999772
1649856239.266722 -0.014899 -0.007626 0.025900 0.013786 0.015939 -0.003614 0.999771
1649856239.291721 -0.014280 -0.007849 0.025763 0.013805 0.015923 -0.003559 0.999772
1649856239.341718 -0.014998 -0.007609 0.025712 0.013762 0.015874 -0.003545 0.999773
1649856239.391715 -0.015309 -0.007359 0.025443 0.013845 0.015813 -0.003470 0.999773
1649856239.441711 -0.015231 -0.007621 0.025098 0.013886 0.015693 -0.003640 0.999774
1649856239.491708 -0.015113 -0.008260 0.024860 0.013851 0.015806 -0.003537 0.999773
1649856239.541705 -0.015643 -0.008541 0.024807 0.013845 0.015862 -0.003718 0.999771
1649856239.591702 -0.015463 -0.008353 0.025166 0.013933 0.015801 -0.003648 0.999771
1649856239.641699 -0.015572 -0.008247 0.024849 0.013891 0.015816 -0.003732 0.999771
1649856239.691696 -0.015998 -0.007885 0.025108 0.013925 0.015707 -0.003612 0.999773
1649856239.741693 -0.016058 -0.008491 0.025028 0.013847 0.015651 -0.003764 0.999775
1649856239.791690 -0.015810 -0.008360 0.025206 0.013841 0.015588 -0.003634 0.999776
1649856239.841687 -0.016130 -0.008200 0.025826 0.013708 0.015664 -0.003806 0.999776
1649856239.891683 -0.016179 -0.007976 0.026037 0.013755 0.015623 -0.003612 0.999777
1649856239.941680 -0.015922 -0.008691 0.025268 0.013218 0.015429 -0.003682 0.999787
1649856239.991677 -0.015102 -0.009321 0.024813 0.011520 0.014304 -0.003448 0.999825
1649856240.041674 -0.014507 -0.010766 0.024605 0.011093 0.013788 -0.001954 0.999841
1649856240.091671 -0.013412 -0.011690 0.024562 0.011287 0.013814 -0.000308 0.999841
1649856240.141668 -0.011093 -0.012406 0.024714 0.010332 0.013988 0.001333 0.999848
1649856240.191665 -0.009016 -0.011658 0.023610 0.011327 0.016319 0.003412 0.999797
1649856240.241662 -0.006255 -0.011270 0.020111 0.011745 0.017556 0.005212 0.999763
1649856240.291660 -0.003527 -0.009452 0.014078 0.018270 0.015589 0.004848 0.999700
1649856240.341656 -0.001030 -0.006983 0.004712 0.023502 0.007525 0.000184 0.999695
1649856240.391653 0.001214 -0.003851 -0.009445 0.022373 -0.002339 -0.003796 0.999740
1649856240.441650 0.002332 0.002835 -0.027284 0.026420 -0.007112 -0.006908 0.999602
1649856240.491647 0.005247 0.013571 -0.047080 0.030079 -0.007148 -0.007524 0.999494
1649856240.541644 0.007874 0.028566 -0.069482 0.033276 -0.006333 -0.007546 0.999398
1649856240.566643 0.009609 0.036056 -0.079342 0.033767 -0.006294 -0.009101 0.999368
1649856240.591641 0.011893 0.044571 -0.091324 0.035955 -0.006311 -0.011990 0.999262
1649856240.616639 0.014514 0.054763 -0.104015 0.038707 -0.005651 -0.016513 0.999098
1649856240.641638 0.014669 0.061197 -0.117519 0.041313 -0.003567 -0.021118 0.998917
1649856240.691635 0.015074 0.081614 -0.144446 0.042256 0.003228 -0.028235 0.998703
1649856240.716633 0.014070 0.092321 -0.157683 0.041200 0.007857 -0.030470 0.998655
1649856240.741632 0.016932 0.106755 -0.171451 0.039324 0.012670 -0.031059 0.998663
1649856240.791629 0.019057 0.138888 -0.197667 0.038463 0.023476 -0.032247 0.998464
1649856240.841626 0.020838 0.176671 -0.221708 0.038057 0.033979 -0.037479 0.997994
1649856240.891623 0.023405 0.218595 -0.244865 0.038504 0.044174 -0.048727 0.997092
1649856240.941619 0.025863 0.263529 -0.266453 0.040453 0.052923 -0.062875 0.995796
1649856240.991616 0.028856 0.310973 -0.284201 0.040874 0.060521 -0.078080 0.994269
1649856241.041613 0.031317 0.359079 -0.301252 0.044339 0.065269 -0.096468 0.992204
1649856241.091610 0.031114 0.407957 -0.314276 0.047340 0.066946 -0.113483 0.990151
1649856241.141607 0.028509 0.455263 -0.325282 0.051535 0.067182 -0.134630 0.987272
1649856241.191604 0.025764 0.501733 -0.334209 0.056390 0.066925 -0.156611 0.983775
1649856241.241601 0.018750 0.546331 -0.339670 0.059842 0.070912 -0.176310 0.979952
1649856241.266599 0.014604 0.566899 -0.343058 0.060855 0.073208 -0.185208 0.978077
1649856241.291598 0.010000 0.587301 -0.345467 0.060163 0.076272 -0.193628 0.976254
1649856241.316597 0.005171 0.606884 -0.346963 0.059768 0.079751 -0.201975 0.974307
1649856241.391592 -0.012338 0.665351 -0.346156 0.053646 0.088974 -0.226294 0.968502
1649856241.441589 -0.024193 0.701553 -0.341230 0.047846 0.096085 -0.241953 0.964332
1649856241.491585 -0.038013 0.735656 -0.333735 0.042567 0.102790 -0.258061 0.959701
1649856241.541583 -0.050984 0.768340 -0.323892 0.038116 0.107288 -0.276145 0.954348
1649856241.591579 -0.063694 0.797656 -0.313821 0.030278 0.108500 -0.290385 0.950257
1649856241.641576 -0.075657 0.826181 -0.303014 0.026137 0.103079 -0.303084 0.947012
1649856241.691573 -0.073247 0.853681 -0.281454 0.025150 0.092493 -0.315584 0.944044
1649856241.741570 -0.076688 0.879130 -0.261144 0.021700 0.075380 -0.328621 0.941199
1649856241.791567 -0.079760 0.898758 -0.242352 0.015629 0.059225 -0.342894 0.937375
1649856241.816566 -0.081708 0.907210 -0.233280 0.010342 0.051739 -0.348035 0.935996
1649856241.841564 -0.085902 0.914318 -0.224071 0.007271 0.043382 -0.350036 0.935703
1649856241.891561 -0.093184 0.928242 -0.209462 0.006915 0.025735 -0.354053 0.934846
1649856241.941558 -0.098799 0.939572 -0.196556 0.009653 0.007135 -0.357906 0.933680
1649856241.991555 -0.101401 0.947397 -0.185149 0.015375 -0.009455 -0.362191 0.931929
1649856242.041552 -0.103174 0.952913 -0.175248 0.021739 -0.021471 -0.363976 0.930907
1649856242.091549 -0.103440 0.957084 -0.170142 0.020073 -0.025352 -0.354950 0.934326
1649856242.141546 -0.103324 0.961856 -0.167450 0.020320 -0.025356 -0.338289 0.940481
1649856242.191542 -0.101273 0.967312 -0.166858 0.023428 -0.024662 -0.321161 0.946413
1649856242.241539 -0.100484 0.970615 -0.166467 0.029488 -0.023871 -0.314147 0.948616
1649856242.291536 -0.095746 0.974430 -0.169634 0.036753 -0.018860 -0.310057 0.949820
1649856242.316535 -0.093649 0.976787 -0.171493 0.038926 -0.014505 -0.306551 0.950947
1649856242.341533 -0.091371 0.979470 -0.176252 0.043072 -0.011316 -0.301938 0.952287
1649856242.391530 -0.087413 0.984566 -0.183045 0.054697 -0.005172 -0.292379 0.954723
1649856242.441527 -0.085702 0.988184 -0.188687 0.062560 -0.003104 -0.286007 0.956178
1649856242.491524 -0.084287 0.988430 -0.192582 0.065277 -0.007058 -0.285611 0.956094
1649856242.541521 -0.085130 0.989479 -0.194849 0.067522 -0.013423 -0.288977 0.954857
1649856242.591518 -0.088628 0.992634 -0.197554 0.073336 -0.020026 -0.291408 0.953573
1649856242.641515 -0.094581 0.996409 -0.201448 0.076270 -0.024234 -0.293831 0.952501
1649856242.691512 -0.100837 1.000118 -0.205568 0.080751 -0.023844 -0.297447 0.951018
1649856242.741508 -0.108899 1.005486 -0.209382 0.084634 -0.020189 -0.301581 0.949462
1649856242.766507 -0.111261 1.008689 -0.211747 0.087246 -0.018442 -0.302580 0.948943
1649856242.791506 -0.114068 1.012878 -0.213277 0.090330 -0.016716 -0.303330 0.948447
1649856242.841502 -0.124504 1.025087 -0.215043 0.097700 -0.012892 -0.307615 0.946394
1649856242.891499 -0.123860 1.040678 -0.211464 0.105757 -0.005244 -0.314434 0.943355
1649856242.941496 -0.139125 1.058374 -0.211073 0.110032 0.002697 -0.324955 0.939303
1649856242.991493 -0.157083 1.077491 -0.210493 0.112064 0.009623 -0.332345 0.936427
1649856243.041490 -0.180714 1.096949 -0.207388 0.112221 0.014971 -0.345411 0.931597
1649856243.091487 -0.208620 1.113869 -0.203222 0.111318 0.019323 -0.367233 0.923241
1649856243.141484 -0.241835 1.130697 -0.196850 0.105361 0.025235 -0.392773 0.913231
1649856243.191481 -0.279254 1.147786 -0.188450 0.097452 0.033853 -0.421143 0.901108
1649856243.241478 -0.318160 1.164452 -0.178778 0.091304 0.042394 -0.448613 0.888039
1649856243.291475 -0.357738 1.178062 -0.166866 0.081754 0.049286 -0.471772 0.876538
1649856243.341472 -0.397499 1.188712 -0.152829 0.072438 0.050391 -0.498670 0.862289
1649856243.391469 -0.438011 1.192900 -0.136124 0.060822 0.046513 -0.525039 0.847627
1649856243.441465 -0.478462 1.195052 -0.119995 0.051127 0.037977 -0.547862 0.834141
1649856243.491462 -0.520783 1.191771 -0.106676 0.039983 0.025093 -0.571765 0.819058
1649856243.516461 -0.542024 1.189913 -0.100566 0.035097 0.017303 -0.585435 0.809775
1649856243.591456 -0.603487 1.184147 -0.084121 0.025092 -0.007071 -0.622480 0.782201
1649856243.616455 -0.626999 1.179257 -0.077502 0.021467 -0.013300 -0.634300 0.772675
1649856243.641453 -0.650122 1.174147 -0.070078 0.016893 -0.017246 -0.646139 0.762838
1649856243.691450 -0.697860 1.165512 -0.055467 0.008282 -0.022927 -0.668121 0.743653
1649856243.741447 -0.748282 1.154868 -0.040913 0.002067 -0.024977 -0.688678 0.724634
1649856243.791444 -0.798297 1.143373 -0.027136 -0.000151 -0.025348 -0.705388 0.708368
1649856243.841441 -0.845560 1.129074 -0.016614 0.002458 -0.027866 -0.722699 0.690596
1649856243.891438 -0.888567 1.112588 -0.008522 0.007217 -0.032553 -0.738363 0.673579
1649856243.916436 -0.908145 1.103099 -0.005527 0.008477 -0.034899 -0.744651 0.666487
1649856243.941435 -0.921585 1.092972 -0.002202 0.010127 -0.037908 -0.750235 0.660006
1649856243.991431 -0.950594 1.070243 0.003048 0.015226 -0.043829 -0.756812 0.651983
1649856244.041429 -0.972964 1.044459 0.003891 0.021217 -0.047580 -0.762341 0.645075
1649856244.091425 -0.992761 1.014869 0.005136 0.028221 -0.049066 -0.767028 0.639112
1649856244.141422 -1.011346 0.979877 0.007256 0.034465 -0.045370 -0.772803 0.632084
1649856244.191419 -1.030486 0.941519 0.009531 0.032715 -0.034760 -0.775339 0.629738
1649856244.241416 -1.049206 0.898451 0.013097 0.030761 -0.026541 -0.777582 0.627467
1649856244.291413 -1.064382 0.851922 0.017696 0.030534 -0.022688 -0.778086 0.627005
1649856244.341410 -1.077474 0.801456 0.021770 0.029944 -0.018194 -0.778200 0.627038
1649856244.391407 -1.086710 0.749412 0.025595 0.027059 -0.012439 -0.776589 0.629303
1649856244.441404 -1.095371 0.695521 0.027279 0.025318 -0.005858 -0.775984 0.630216
1649856244.491401 -1.101673 0.641550 0.027748 0.026180 0.001344 -0.776368 0.629734
1649856244.541398 -1.108009 0.588607 0.029004 0.024749 0.011342 -0.777968 0.627714
1649856244.591395 -1.112754 0.537984 0.028690 0.022804 0.021172 -0.778441 0.626946
1649856244.641392 -1.118080 0.486120 0.027366 0.020173 0.025351 -0.779119 0.626039
1649856244.666390 -1.118655 0.459552 0.026425 0.017274 0.025330 -0.779116 0.626129
1649856244.691388 -1.119351 0.432938 0.025403 0.013200 0.023746 -0.778467 0.627097
1649856244.741385 -1.124664 0.378443 0.025487 0.001847 0.020832 -0.777463 0.628581
1649856244.791382 -1.129137 0.322931 0.026594 -0.009465 0.020855 -0.775607 0.630800
1649856244.841379 -1.134959 0.266695 0.029825 -0.014125 0.023092 -0.774706 0.631742
1649856244.891376 -1.139110 0.210529 0.032393 -0.013008 0.028362 -0.773595 0.632911
1649856244.941373 -1.146143 0.152552 0.036315 -0.008372 0.034276 -0.772760 0.633717
1649856244.991370 -1.150923 0.093824 0.039398 -0.004145 0.039700 -0.769583 0.637297
1649856245.041367 -1.157483 0.033664 0.038022 0.000137 0.044437 -0.766534 0.640665
1649856245.091364 -1.163778 -0.028802 0.042968 0.004569 0.047326 -0.762868 0.644804
1649856245.141361 -1.170903 -0.089955 0.047296 0.008441 0.047795 -0.761570 0.646263
1649856245.191358 -1.173819 -0.150466 0.044624 0.010807 0.047812 -0.759446 0.648721
1649856245.241354 -1.176238 -0.210856 0.042037 0.010402 0.045170 -0.758056 0.650540
1649856245.291352 -1.176330 -0.272128 0.039769 0.008596 0.039076 -0.756171 0.653150
1649856245.341348 -1.177728 -0.334218 0.038903 0.006814 0.033756 -0.755482 0.654263
1649856245.391345 -1.176372 -0.397443 0.039551 0.005864 0.033205 -0.755078 0.654767
1649856245.441342 -1.176525 -0.461769 0.042266 0.007277 0.036016 -0.756676 0.652757
1649856245.491339 -1.174844 -0.526403 0.041791 0.010734 0.041485 -0.759388 0.649226
1649856245.541336 -1.175812 -0.591344 0.041529 0.015929 0.047817 -0.765059 0.641984
1649856245.566334 -1.174409 -0.623506 0.039506 0.019280 0.051539 -0.769047 0.636819
1649856245.591333 -1.174078 -0.655425 0.036593 0.023571 0.056154 -0.773079 0.631379
1649856245.641330 -1.177296 -0.718302 0.030745 0.028509 0.064625 -0.781829 0.619479
1649856245.691327 -1.180425 -0.781493 0.025087 0.029954 0.066352 -0.790816 0.607709
1649856245.741324 -1.186888 -0.843797 0.017857 0.025778 0.065075 -0.798464 0.597960
1649856245.791321 -1.193368 -0.903862 0.011013 0.019434 0.062299 -0.803191 0.592137
1649856245.841318 -1.202544 -0.963706 0.006648 0.014895 0.061732 -0.806999 0.587128
1649856245.891315 -1.212717 -1.023891 0.006155 0.011319 0.062568 -0.809665 0.583438
1649856245.916313 -1.217994 -1.054373 0.007574 0.010089 0.063775 -0.811481 0.580801
1649856245.941311 -1.223901 -1.085497 0.009882 0.009365 0.065745 -0.813290 0.578056
1649856245.966310 -1.230221 -1.116837 0.012134 0.009317 0.067751 -0.815097 0.575273
1649856245.991308 -1.236267 -1.148438 0.014593 0.010021 0.069373 -0.816259 0.573417
1649856246.041305 -1.250766 -1.212513 0.019495 0.012311 0.071360 -0.818785 0.569515
1649856246.066304 -1.257272 -1.245405 0.021126 0.013856 0.071803 -0.819650 0.568178
1649856246.091302 -1.263868 -1.278577 0.023188 0.015212 0.072637 -0.819720 0.567936
1649856246.116301 -1.270936 -1.311839 0.024504 0.016696 0.073800 -0.819961 0.567397
1649856246.141299 -1.278361 -1.345001 0.025585 0.018048 0.074324 -0.820266 0.566845
1649856246.191296 -1.295470 -1.410246 0.024488 0.018126 0.071095 -0.822115 0.564574
1649856246.241293 -1.314865 -1.476905 0.022042 0.016087 0.066304 -0.824193 0.562184
1649856246.266291 -1.324005 -1.510550 0.020668 0.014516 0.063232 -0.824917 0.561519
1649856246.291290 -1.332255 -1.543805 0.020301 0.012400 0.060071 -0.825000 0.561794
1649856246.341287 -1.352711 -1.611582 0.020772 0.007618 0.055120 -0.825779 0.561242
1649856246.391284 -1.371781 -1.680415 0.024225 0.005374 0.050558 -0.826922 0.560013
1649856246.441281 -1.391389 -1.749947 0.030718 0.005512 0.048176 -0.828549 0.557814
1649856246.491277 -1.411362 -1.819087 0.035191 0.007876 0.048740 -0.829989 0.555591
1649856246.541275 -1.432872 -1.888839 0.039653 0.014289 0.049881 -0.833543 0.550012
1649856246.566273 -1.443106 -1.923548 0.041364 0.017832 0.050814 -0.835873 0.546275
1649856246.591271 -1.453565 -1.958583 0.042606 0.020966 0.051522 -0.838172 0.542562
1649856246.641268 -1.477643 -2.028829 0.045745 0.027135 0.052878 -0.843946 0.533125
1649856246.691265 -1.503582 -2.097755 0.046415 0.027644 0.054699 -0.848615 0.525449
1649856246.741262 -1.530257 -2.166030 0.046523 0.027392 0.052833 -0.854060 0.516759
1649856246.791259 -1.558748 -2.232478 0.045597 0.024940 0.049623 -0.858078 0.510507
1649856246.841256 -1.590266 -2.298342 0.044275 0.018377 0.047938 -0.861554 0.505064
1649856246.891253 -1.622204 -2.364425 0.044346 0.013109 0.047324 -0.864059 0.500989
1649856246.916251 -1.637362 -2.398126 0.046041 0.011896 0.047713 -0.865658 0.498215
1649856246.941250 -1.653426 -2.432039 0.048341 0.011760 0.048628 -0.867068 0.495671
1649856246.991247 -1.679742 -2.497404 0.057589 0.013930 0.051393 -0.868588 0.492665
1649856247.041244 -1.715024 -2.565699 0.067522 0.017481 0.053928 -0.868754 0.491988
1649856247.091241 -1.749581 -2.632695 0.069939 0.022269 0.053383 -0.866876 0.495158
1649856247.141237 -1.785807 -2.700718 0.071483 0.026718 0.053457 -0.864405 0.499232
1649856247.166236 -1.801493 -2.734942 0.070592 0.029029 0.051889 -0.863444 0.500928
1649856247.191234 -1.817988 -2.768839 0.068872 0.031715 0.049914 -0.862277 0.502972
1649856247.216233 -1.834089 -2.802712 0.067405 0.034423 0.048735 -0.861388 0.504430
1649856247.241231 -1.850061 -2.836696 0.065743 0.036706 0.048236 -0.860336 0.506111
1649856247.291228 -1.879954 -2.902232 0.059428 0.037440 0.046142 -0.858165 0.509923
1649856247.316227 -1.895685 -2.936103 0.056414 0.036067 0.044590 -0.856929 0.512235
1649856247.341225 -1.911503 -2.970401 0.054124 0.034246 0.042141 -0.855835 0.514392
1649856247.366224 -1.927634 -3.005081 0.052665 0.032059 0.038948 -0.854887 0.516355
1649856247.391222 -1.943139 -3.040160 0.052895 0.029699 0.035384 -0.853888 0.518403
1649856247.441219 -1.974509 -3.110571 0.056287 0.026452 0.030572 -0.852025 0.521937
1649856247.491216 -2.008230 -3.179359 0.061832 0.027055 0.030861 -0.850626 0.524167
1649856247.541213 -2.043735 -3.249112 0.068452 0.031534 0.034105 -0.851482 0.522322
1649856247.591210 -2.074666 -3.318057 0.068950 0.036723 0.036640 -0.852891 0.519506
1649856247.641207 -2.107950 -3.386253 0.068505 0.043709 0.040369 -0.856270 0.513091
1649856247.691204 -2.135228 -3.453180 0.066204 0.048097 0.045321 -0.859667 0.506562
1649856247.741200 -2.165923 -3.520298 0.063196 0.047242 0.046947 -0.863611 0.499740
1649856247.791198 -2.196061 -3.585831 0.059544 0.039738 0.043737 -0.866952 0.494875
1649856247.841194 -2.229638 -3.651434 0.057556 0.029909 0.039982 -0.869388 0.491601
1649856247.891191 -2.263990 -3.714606 0.055945 0.019540 0.038909 -0.870577 0.490103
1649856247.941188 -2.300544 -3.777925 0.060089 0.013201 0.040617 -0.870967 0.489481
1649856247.966187 -2.318174 -3.809705 0.065220 0.012100 0.042672 -0.871013 0.489253
1649856247.991185 -2.336218 -3.841866 0.070767 0.012805 0.044675 -0.870922 0.489219
1649856248.041182 -2.373123 -3.906524 0.079653 0.015441 0.049033 -0.870515 0.489450
1649856248.091179 -2.405010 -3.972304 0.085279 0.019230 0.054916 -0.869069 0.491257
1649856248.141176 -2.439378 -4.037219 0.091252 0.024169 0.060042 -0.867161 0.493804
1649856248.166174 -2.454347 -4.069978 0.091151 0.025385 0.060408 -0.866469 0.494912
1649856248.191173 -2.469057 -4.102874 0.090524 0.025689 0.058698 -0.865775 0.496315
1649856248.241170 -2.498605 -4.170205 0.088558 0.024468 0.056062 -0.864637 0.498659
1649856248.291167 -2.532048 -4.228899 0.086406 0.019569 0.055449 -0.864070 0.499925
1649856248.341164 -2.566630 -4.291043 0.084831 0.017520 0.051013 -0.863203 0.501968
1649856248.391160 -2.600711 -4.352170 0.082454 0.017025 0.046188 -0.862526 0.503613
1649856248.441157 -2.636570 -4.413496 0.084050 0.020192 0.044406 -0.862267 0.504099
1649856248.491154 -2.673793 -4.474829 0.084897 0.026955 0.044655 -0.863152 0.502243
1649856248.541151 -2.714667 -4.537024 0.093209 0.033562 0.048180 -0.866558 0.495611
1649856248.591148 -2.752145 -4.597460 0.094683 0.037518 0.050034 -0.870534 0.488119
1649856248.641145 -2.792263 -4.657475 0.098069 0.041418 0.052439 -0.875356 0.478839
1649856248.691142 -2.826918 -4.717723 0.104798 0.043025 0.056596 -0.878914 0.471653
1649856248.741139 -2.863073 -4.772766 0.107652 0.040271 0.055898 -0.883599 0.463148
1649856248.766137 -2.880003 -4.799390 0.112008 0.037528 0.055760 -0.885570 0.459618
1649856248.791136 -2.896761 -4.827921 0.116127 0.034249 0.055216 -0.886603 0.457944
1649856248.841133 -2.929761 -4.883719 0.124958 0.028469 0.052396 -0.888541 0.454905
1649856248.891129 -2.964186 -4.936097 0.128176 0.022629 0.052992 -0.888708 0.454838
1649856248.941127 -2.998315 -4.988892 0.131923 0.022029 0.056104 -0.887763 0.456338
1649856248.991123 -3.034184 -5.044107 0.130365 0.027053 0.061007 -0.884382 0.461967
1649856249.041120 -3.069455 -5.099718 0.127600 0.033822 0.062632 -0.879801 0.469983
1649856249.091117 -3.103286 -5.154223 0.121515 0.040554 0.064177 -0.872664 0.482384
1649856249.141114 -3.136101 -5.211145 0.117477 0.047450 0.069447 -0.865067 0.494554
1649856249.191111 -3.164177 -5.265056 0.117284 0.051982 0.068559 -0.858030 0.506343
1649856249.241108 -3.192064 -5.319660 0.115567 0.054430 0.065812 -0.851955 0.516603
1649856249.291105 -3.218756 -5.367794 0.114826 0.054394 0.059757 -0.845741 0.527439
1649856249.316103 -3.232305 -5.394957 0.118597 0.053063 0.058020 -0.841935 0.533820
1649856249.341102 -3.245909 -5.421440 0.123498 0.051360 0.056543 -0.837938 0.540394
1649856249.391099 -3.269878 -5.469636 0.129724 0.049468 0.052950 -0.829815 0.553314
1649856249.441096 -3.293443 -5.517062 0.136573 0.049395 0.050332 -0.819721 0.568404
1649856249.491093 -3.308511 -5.571566 0.142794 0.052328 0.049253 -0.807292 0.585761
1649856249.541090 -3.325728 -5.625095 0.145127 0.056050 0.047475 -0.793388 0.604268
1649856249.566088 -3.333581 -5.653709 0.144883 0.058900 0.046696 -0.785662 0.614072
1649856249.591086 -3.340993 -5.680795 0.146111 0.061852 0.046167 -0.776808 0.624989
1649856249.641083 -3.354339 -5.735807 0.150677 0.068496 0.047462 -0.756279 0.648921
1649856249.691080 -3.364204 -5.786195 0.149707 0.074344 0.048812 -0.732666 0.674753
1649856249.741077 -3.371302 -5.838435 0.147573 0.076374 0.048531 -0.706365 0.702040
1649856249.791074 -3.372049 -5.883117 0.148873 0.076972 0.046981 -0.678445 0.729095
1649856249.841071 -3.369355 -5.924587 0.144960 0.075258 0.046984 -0.648394 0.756118
1649856249.866070 -3.363337 -5.941716 0.153155 0.074216 0.049598 -0.631727 0.770035
1649856249.891068 -3.357727 -5.960315 0.151240 0.073333 0.049998 -0.615081 0.783453
1649856249.941065 -3.349115 -5.994560 0.149087 0.072771 0.051985 -0.581236 0.808806
1649856249.991062 -3.337745 -6.031910 0.163620 0.073739 0.059587 -0.544034 0.833690
1649856250.041059 -3.369233 -6.126461 0.218841 0.077681 0.083810 -0.493054 0.862461
1649856250.091056 -3.358610 -6.154359 0.244827 0.074447 0.087063 -0.443878 0.888735
1649856250.141052 -3.345912 -6.176084 0.243951 0.089688 0.089019 -0.392540 0.911013
1649856250.191050 -3.331643 -6.187596 0.234338 0.101078 0.089853 -0.339148 0.930961
1649856250.241046 -3.298613 -6.204124 0.231032 0.107574 0.089216 -0.287645 0.947486
1649856250.291043 -3.280577 -6.209964 0.228817 0.111355 0.088652 -0.242328 0.959697
1649856250.341040 -3.261808 -6.212808 0.226035 0.110916 0.087996 -0.200342 0.969442
1649856250.391037 -3.242451 -6.214725 0.223765 0.107286 0.087197 -0.158357 0.977655
1649856250.441034 -3.236691 -6.220300 0.223400 0.105924 0.087950 -0.114929 0.983787
1649856250.491031 -3.214915 -6.219025 0.208675 0.114266 0.085622 -0.070998 0.987204
1649856250.541028 -3.189726 -6.215551 0.204500 0.114715 0.088493 -0.031265 0.988955
1649856250.591025 -3.165809 -6.208135 0.192426 0.122023 0.091067 0.009631 0.988294
1649856250.641022 -3.141065 -6.206151 0.184082 0.115300 0.095395 0.047353 0.987605
1649856250.691019 -3.106745 -6.206733 0.230640 0.096817 0.088182 0.082899 0.987916
1649856250.741016 -3.082988 -6.207705 0.227876 0.085571 0.089672 0.116094 0.985474
1649856250.791013 -3.011407 -6.146017 0.351617 0.072260 0.080802 0.148734 0.982918
1649856250.866008 -2.963667 -6.107644 0.384024 0.070797 0.088230 0.195052 0.974248
1649856250.916005 -2.934275 -6.087684 0.401949 0.062506 0.090436 0.224467 0.968261
1649856250.966002 -2.925870 -6.105697 0.407398 0.064008 0.091723 0.261748 0.958633
1649856251.015999 -2.908434 -6.092825 0.419775 0.060575 0.090073 0.298424 0.948241
1649856251.065996 -2.893969 -6.083715 0.427115 0.060977 0.089502 0.335365 0.935843
1649856251.115993 -2.878328 -6.071344 0.437372 0.061919 0.087188 0.368274 0.923547
1649856251.165989 -2.859916 -6.053756 0.441794 0.062862 0.084589 0.397027 0.911736
1649856251.215986 -2.843761 -6.034475 0.445726 0.066727 0.080401 0.423216 0.899984
1649856251.265981 -2.827624 -6.017813 0.447055 0.073117 0.081017 0.446776 0.887965
1649856251.315978 -2.813351 -5.999544 0.444479 0.079408 0.085013 0.469983 0.874976
1649856251.365975 -2.795520 -5.986412 0.435679 0.082208 0.089541 0.491170 0.862540
1649856251.415972 -2.778988 -5.973203 0.425138 0.082198 0.096730 0.508746 0.851507
1649856251.465969 -2.760507 -5.966273 0.410665 0.071322 0.099248 0.528351 0.840184
1649856251.515965 -2.744116 -5.959544 0.396248 0.062013 0.100483 0.551433 0.825820
1649856251.565963 -2.728619 -5.958318 0.381686 0.058192 0.100832 0.567791 0.814899
1649856251.615959 -2.712408 -5.956716 0.369252 0.051645 0.094917 0.576421 0.809977
1649856251.665956 -2.696952 -5.957771 0.357149 0.048348 0.089553 0.578515 0.809298
1649856251.715953 -2.683180 -5.957346 0.345317 0.048644 0.084101 0.580515 0.808432
1649856251.765950 -2.667408 -5.956974 0.337042 0.051953 0.079924 0.579451 0.809413
1649856251.815947 -2.651506 -5.955167 0.330646 0.053657 0.073294 0.577580 0.811264
1649856251.865944 -2.634083 -5.955253 0.326035 0.053293 0.069145 0.575471 0.813149
1649856251.915941 -2.588745 -5.961765 0.490818 0.051829 0.082044 0.578218 0.810091
1649856251.965938 -2.580623 -5.970617 0.535482 0.056849 0.078773 0.569678 0.816107
1649856252.015935 -2.572603 -5.975304 0.581150 0.057720 0.078804 0.565827 0.818718
1649856252.065932 -2.556346 -5.980880 0.629831 0.058322 0.078021 0.559246 0.823259
1649856252.115929 -2.466106 -6.013930 0.795513 0.050649 0.080956 0.577749 0.810609
1649856252.165926 -2.464449 -6.034864 0.895692 0.053707 0.090988 0.554640 0.825355
1649856252.215922 -2.465446 -6.046353 0.989235 0.052004 0.095648 0.547666 0.829584
1649856252.240921 -2.472958 -6.049609 1.036954 0.051835 0.100231 0.543006 0.832112
1649856252.290918 -2.477653 -6.056622 1.131886 0.056623 0.105405 0.532833 0.837719
1649856252.340915 -2.482316 -6.058782 1.226547 0.062142 0.111878 0.519591 0.844776
1649856252.390912 -2.486744 -6.062117 1.317891 0.063216 0.116087 0.511498 0.849057
1649856252.440909 -2.490739 -6.059666 1.407695 0.067711 0.123618 0.505306 0.851352
1649856252.490906 -2.494551 -6.057165 1.495055 0.071803 0.130182 0.499804 0.853284
1649856252.540902 -2.471595 -6.054399 1.530646 0.082572 0.119077 0.495502 0.856435
1649856252.590899 -2.468647 -6.046841 1.606734 0.087943 0.120903 0.486160 0.860986
1649856252.640896 -3.166736 -6.270597 0.487869 0.119826 -0.043042 0.430870 0.893387
1649856252.690893 -3.327743 -6.261998 0.358345 0.122615 -0.039321 0.429933 0.893631
1649856252.715892 -3.407563 -6.256736 0.293200 0.122536 -0.036894 0.431711 0.892888
1649856252.740890 -3.486855 -6.245764 0.228509 0.121875 -0.033611 0.431910 0.893012
1649856252.790887 -3.649953 -6.225474 0.099137 0.122927 -0.028165 0.432019 0.893003
1649856252.840884 -3.801083 -6.200279 -0.026762 0.119750 -0.029042 0.430062 0.894351
1649856252.890881 -3.946921 -6.169421 -0.149471 0.114858 -0.031798 0.428634 0.895583
1649856252.915879 -4.017748 -6.153395 -0.209596 0.111468 -0.033256 0.428494 0.896026
1649856252.940878 -4.078821 -6.132298 -0.267412 0.108704 -0.036008 0.428470 0.896270
1649856252.965876 -4.142382 -6.109825 -0.323929 0.106234 -0.036193 0.427297 0.897118
1649856252.990875 -4.203858 -6.085217 -0.379530 0.103447 -0.036796 0.426248 0.897918
1649856253.040872 -4.327322 -6.033154 -0.489393 0.097806 -0.039771 0.425690 0.898688
1649856253.090868 -4.445239 -5.974514 -0.596114 0.096183 -0.042965 0.424556 0.899253
1649856253.140866 -4.555553 -5.908878 -0.700041 0.098506 -0.047007 0.421138 0.900405
1649856253.190862 -4.658963 -5.837537 -0.801446 0.102304 -0.052706 0.416332 0.901900
1649856253.240859 -4.755007 -5.761069 -0.900329 0.104374 -0.059390 0.410317 0.904002
1649856253.290856 -4.844888 -5.678757 -0.997275 0.104789 -0.065299 0.404836 0.906015
1649856253.315855 -4.887314 -5.635346 -1.045262 0.103936 -0.067762 0.403025 0.906740
1649856253.340853 -4.923881 -5.595835 -1.093335 0.102518 -0.070727 0.402000 0.907129
1649856253.390850 -5.004822 -5.503271 -1.191515 0.099352 -0.069425 0.397736 0.909459
1649856253.440847 -5.077861 -5.405156 -1.289613 0.090426 -0.069778 0.398140 0.910186
1649856253.490844 -5.142197 -5.300884 -1.386026 0.076383 -0.072918 0.402739 0.909203
1649856253.540841 -5.201524 -5.189637 -1.481353 0.068744 -0.074853 0.406554 0.907956
1649856253.590838 -5.254335 -5.072169 -1.574625 0.063784 -0.079983 0.411036 0.905861
1649856253.615836 -5.278828 -5.010509 -1.620218 0.064442 -0.082404 0.414320 0.904100
1649856253.690832 -5.237425 -4.960365 -1.723294 0.072418 -0.090985 0.434810 0.892982
1649856253.740829 -5.222608 -4.869018 -1.807695 0.077516 -0.092455 0.425950 0.896666
1649856253.790825 -5.227523 -4.774348 -1.895635 0.080510 -0.095688 0.431746 0.893285
1649856253.840822 -5.227111 -4.675599 -1.979967 0.084112 -0.095406 0.434430 0.891680
1649856253.865821 -5.223219 -4.624906 -2.020670 0.086336 -0.095712 0.435682 0.890823
1649856253.890819 -5.218304 -4.572186 -2.061821 0.087470 -0.098061 0.437173 0.889726
1649856253.915818 -5.211902 -4.518507 -2.102324 0.088144 -0.101005 0.438165 0.888842
1649856253.940816 -5.206746 -4.474656 -2.138995 0.090621 -0.099960 0.436538 0.889511
1649856253.990813 -5.191433 -4.367307 -2.220520 0.095901 -0.102313 0.434553 0.889662
1649856254.040810 -5.167859 -4.254830 -2.299257 0.098467 -0.102375 0.433100 0.890083
1649856254.090807 -5.135084 -4.138745 -2.376072 0.098780 -0.101977 0.431649 0.890799
1649856254.140804 -5.091978 -4.020840 -2.450570 0.096806 -0.100998 0.428518 0.892637
1649856254.190801 -5.039682 -3.897629 -2.522117 0.095507 -0.097947 0.418489 0.897860
1649856254.240798 -4.976731 -3.773603 -2.591153 0.093460 -0.094254 0.402188 0.905884
1649856254.290795 -4.905016 -3.646426 -2.657546 0.092941 -0.091185 0.381927 0.914975
1649856254.340791 -4.825579 -3.515989 -2.723407 0.092096 -0.090361 0.360409 0.923828
1649856254.390789 -4.738038 -3.380592 -2.789025 0.092226 -0.088129 0.333660 0.934023
1649856254.440785 -4.640048 -3.241264 -2.851844 0.093371 -0.083803 0.300457 0.945508
1649856254.490782 -4.539496 -3.097155 -2.917782 0.094485 -0.083019 0.266212 0.955673
1649856254.540779 -4.431383 -2.950201 -2.983053 0.100698 -0.085087 0.230005 0.964219
1649856254.590776 -4.317265 -2.802274 -3.046743 0.110925 -0.090673 0.189396 0.971392
1649856254.640773 -4.196257 -2.652886 -3.109698 0.119068 -0.100297 0.148994 0.976506
1649856254.690770 -4.070377 -2.501055 -3.172640 0.127038 -0.106670 0.113326 0.979612
1649856254.740767 -3.942573 -2.348226 -3.237377 0.129963 -0.108401 0.084233 0.981969
1649856254.790764 -3.809534 -2.187062 -3.303107 0.129830 -0.106786 0.054156 0.984280
1649856254.840761 -3.672376 -2.022838 -3.367816 0.129668 -0.100309 0.022458 0.986215
1649856254.890758 -3.528619 -1.853185 -3.431356 0.132333 -0.091396 -0.010485 0.986927
1649856254.940755 -3.381213 -1.680186 -3.494633 0.135136 -0.081105 -0.043192 0.986557
1649856254.990752 -3.229522 -1.501778 -3.557245 0.138069 -0.069712 -0.075555 0.985073
1649856255.015750 -3.151678 -1.411878 -3.588757 0.136932 -0.064100 -0.091195 0.984289
1649856255.040748 -3.071493 -1.321316 -3.619663 0.135314 -0.057857 -0.106679 0.983342
1649856255.090745 -2.907421 -1.136610 -3.682355 0.133880 -0.043131 -0.137521 0.980461
1649856255.140742 -2.739255 -0.947693 -3.745740 0.125425 -0.027565 -0.163962 0.978072
1649856255.190739 -2.552254 -0.757607 -3.806856 0.123320 -0.016651 -0.195317 0.972814
1649856255.240736 -2.366813 -0.555473 -3.869074 0.127990 -0.014963 -0.231477 0.964268
1649856255.265730 -2.266748 -0.456122 -3.898686 0.130230 -0.015562 -0.251362 0.958966
1649856255.290729 -2.166120 -0.354772 -3.928828 0.131052 -0.016089 -0.270259 0.953691
1649856255.365724 -1.868556 -0.032598 -4.022592 0.137810 -0.009514 -0.320354 0.937172
1649856255.415721 -1.664042 0.186196 -4.083062 0.144776 -0.003314 -0.351245 0.925017
1649856255.440719 -1.559869 0.296696 -4.113690 0.147067 -0.000046 -0.367466 0.918335
1649856255.465718 -1.454440 0.409078 -4.144167 0.149046 0.003138 -0.384682 0.910931
1649856255.490716 -1.347962 0.522623 -4.174312 0.149689 0.005788 -0.401891 0.903351
1649856255.540713 -1.132181 0.754380 -4.233576 0.153833 0.010937 -0.436447 0.886414
1649856255.590710 -0.908613 0.986818 -4.290038 0.159206 0.015625 -0.472096 0.866911
1649856255.640707 -0.685824 1.226114 -4.347785 0.163235 0.022590 -0.508269 0.845285
1649856255.690704 -0.459052 1.468592 -4.405593 0.164895 0.027162 -0.545328 0.821395
1649856255.740700 -0.231328 1.717434 -4.462861 0.167045 0.027733 -0.583373 0.794357
1649856255.790697 -0.002410 1.972123 -4.518993 0.167546 0.032425 -0.618556 0.766984
1649856255.840694 0.229559 2.230939 -4.573450 0.167929 0.038251 -0.649642 0.740474
1649856255.865693 0.345866 2.362796 -4.600664 0.168736 0.040557 -0.663721 0.727570
1649856255.890691 0.462860 2.495810 -4.627388 0.170378 0.042092 -0.677005 0.714747
1649856255.940688 0.700773 2.764449 -4.680358 0.172612 0.046477 -0.701212 0.690179
1649856255.990685 0.942412 3.036498 -4.731141 0.173745 0.049006 -0.723348 0.666467
1649856256.040682 1.188076 3.311628 -4.780125 0.174540 0.055076 -0.744501 0.642045
1649856256.090679 1.438887 3.589839 -4.828003 0.173504 0.063320 -0.763618 0.618687
1649856256.140676 1.694418 3.872704 -4.874652 0.170917 0.070322 -0.779801 0.598125
1649856256.190672 1.954415 4.161610 -4.921758 0.168707 0.075592 -0.793533 0.579767
1649856256.240669 2.221049 4.454909 -4.968039 0.166829 0.079847 -0.805813 0.562546
1649856256.290666 2.493771 4.754207 -5.013934 0.165647 0.083049 -0.817889 0.544722
1649856256.315665 2.631841 4.905592 -5.036171 0.165901 0.083456 -0.824041 0.535228
1649856256.340663 2.771735 5.058375 -5.058129 0.166655 0.083944 -0.829958 0.525689
1649856256.390660 3.062847 5.374025 -5.101047 0.166927 0.087951 -0.843326 0.503190
1649856256.440657 3.355252 5.692612 -5.142217 0.168325 0.088648 -0.853465 0.485185
1649856256.465655 3.503465 5.853438 -5.162130 0.169187 0.087812 -0.858400 0.476250
1649856256.490654 3.653219 6.015147 -5.182208 0.169812 0.086721 -0.863049 0.467750
1649856256.540651 3.955206 6.341510 -5.221754 0.169449 0.084326 -0.872052 0.451333
1649856256.590647 4.261885 6.670811 -5.261713 0.166099 0.083728 -0.879940 0.437157
1649856256.640644 4.572174 7.004272 -5.301297 0.162807 0.084771 -0.887296 0.423099
1649856256.690641 4.888484 7.342191 -5.341167 0.160619 0.085305 -0.894510 0.408383
1649856256.740638 5.209239 7.682726 -5.381854 0.160872 0.083658 -0.901663 0.392587
1649856256.790635 5.533876 8.029386 -5.423751 0.163577 0.081255 -0.909321 0.373865
1649856256.840632 5.863038 8.381760 -5.466061 0.167101 0.081716 -0.916359 0.354522
1649856256.890629 6.196542 8.741872 -5.508360 0.168806 0.080865 -0.923824 0.333937
1649856256.940625 6.533605 9.109444 -5.548849 0.169903 0.081497 -0.931168 0.312116
1649856256.965624 6.704731 9.296198 -5.567954 0.170634 0.083176 -0.934236 0.301942
1649856256.990622 6.876169 9.484527 -5.586646 0.171367 0.084767 -0.937055 0.292192
1649856257.040619 7.221199 9.864722 -5.622833 0.171309 0.086376 -0.941791 0.276085
1649856257.090616 7.569508 10.249980 -5.657052 0.170640 0.086137 -0.945410 0.263937
1649856257.140613 7.920367 10.639151 -5.689834 0.169874 0.085210 -0.948379 0.253889
1649856257.190610 8.273139 11.032701 -5.721017 0.168494 0.083941 -0.951166 0.244636
1649856257.240607 8.628661 11.430541 -5.752292 0.166662 0.084240 -0.953700 0.235762
1649856257.290604 8.988060 11.834331 -5.783208 0.166066 0.086129 -0.955793 0.226857
1649856257.340600 9.352986 12.242656 -5.814375 0.167542 0.089762 -0.957091 0.218746
1649856257.390597 9.722670 12.656779 -5.846223 0.170834 0.094703 -0.957442 0.212489
1649856257.440594 10.097062 13.074813 -5.878310 0.173283 0.097336 -0.957669 0.208253
1649856257.490591 10.476263 13.498064 -5.911243 0.169894 0.098237 -0.958232 0.208031
1649856257.515589 10.667818 13.712041 -5.928210 0.165644 0.097183 -0.958816 0.209258
1649856257.540588 10.861192 13.926258 -5.944913 0.161453 0.094167 -0.959855 0.209151
1649856257.590585 11.251892 14.358822 -5.977854 0.152941 0.089239 -0.961764 0.208940
1649856257.640582 11.648477 14.797602 -6.010296 0.145877 0.087380 -0.962632 0.210773
1649856257.690579 12.051339 15.242190 -6.042367 0.142677 0.085474 -0.963152 0.211367
1649856257.715577 12.253998 15.466041 -6.058039 0.144853 0.082179 -0.963392 0.210095
1649856257.740575 12.459102 15.691168 -6.072543 0.145570 0.079471 -0.963821 0.208669
1649856257.765574 12.664831 15.917514 -6.087139 0.146226 0.077127 -0.964278 0.206973
1649856257.790572 12.871636 16.145343 -6.101414 0.146447 0.075288 -0.964783 0.205130
1649856257.815571 13.078655 16.375374 -6.115720 0.146151 0.074420 -0.965327 0.203089
1649856257.840569 13.285196 16.602314 -6.130857 0.145851 0.074648 -0.965965 0.200166
1649856257.890566 13.699313 17.057064 -6.163027 0.143913 0.076338 -0.967753 0.192133
1649856257.940563 14.115120 17.521011 -6.193177 0.140428 0.078734 -0.970254 0.180801
1649856257.990560 14.534604 17.989218 -6.219992 0.135641 0.079152 -0.973746 0.164788
1649856258.040557 14.950099 18.473776 -6.247271 0.133567 0.081114 -0.977358 0.142656
1649856258.090554 15.375300 18.960309 -6.268496 0.133746 0.085942 -0.980356 0.116737
1649856258.140550 15.807397 19.457944 -6.286001 0.132979 0.092480 -0.982783 0.088897
1649856258.190547 16.241559 19.963564 -6.298786 0.130598 0.098388 -0.984689 0.060434
1649856258.240544 16.681254 20.479209 -6.308344 0.126333 0.105389 -0.985784 0.034110
1649856258.290541 17.124227 21.001315 -6.313473 -0.118644 -0.111625 0.986586 -0.010547
1649856258.340538 17.574045 21.532600 -6.317654 -0.113858 -0.113665 0.986882 0.013433
1649856258.390535 18.031629 22.065578 -6.318079 -0.112036 -0.112486 0.986634 0.036705
1649856258.440532 18.492727 22.616680 -6.320568 -0.108453 -0.112705 0.985870 0.059967
