# timestamp tx ty tz qx qy qz qw
1649856227.767436 0.006333 -0.031179 0.019300 0.022280 0.021291 -0.000176 0.999525
1649856227.842431 0.007778 -0.030886 0.017771 0.022428 0.021279 0.000750 0.999522
1649856227.892428 -0.008550 -0.017281 0.015126 0.012136 0.014657 -0.005420 0.999804
1649856227.917427 -0.003585 -0.018246 0.014517 0.014911 0.014772 -0.002953 0.999775
1649856227.942425 0.000816 -0.017586 0.014456 0.016000 0.016279 -0.001281 0.999739
1649856227.992422 0.000860 -0.016117 0.017130 0.016752 0.017571 -0.000604 0.999705
1649856228.042419 -0.000831 -0.015175 0.016357 0.016082 0.016422 -0.001159 0.999735
1649856228.092416 -0.002000 -0.013576 0.017087 0.015718 0.016036 -0.001461 0.999747
1649856228.142413 -0.003014 -0.014301 0.015640 0.015577 0.016098 -0.001707 0.999748
1649856228.192410 -0.004174 -0.013720 0.015918 0.015518 0.016015 -0.001757 0.999750
1649856228.242407 -0.004781 -0.014039 0.014995 0.015532 0.015868 -0.001980 0.999751
1649856228.292403 -0.005743 -0.013166 0.015200 0.015500 0.015727 -0.001997 0.999754
1649856228.342400 -0.006834 -0.012824 0.014639 0.015525 0.015791 -0.002258 0.999752
1649856228.392397 -0.007860 -0.012001 0.015581 0.015437 0.015830 -0.002220 0.999753
1649856228.442394 -0.008554 -0.011561 0.015014 0.015326 0.015819 -0.002417 0.999754
1649856228.492391 -0.009301 -0.010364 0.015790 0.015255 0.015671 -0.002427 0.999758
1649856228.542388 -0.009947 -0.010288 0.015402 0.015254 0.015651 -0.002691 0.999758
1649856228.592385 -0.009902 -0.009611 0.015702 0.015210 0.015677 -0.002541 0.999758
1649856228.642382 -0.009593 -0.009885 0.015026 0.015226 0.015779 -0.002716 0.999756
1649856228.692379 -0.009566 -0.009598 0.015328 0.015232 0.015647 -0.002579 0.999758
1649856228.717377 -0.008310 -0.011165 0.014636 0.015354 0.015601 -0.002565 0.999757
1649856228.742376 -0.008132 -0.011783 0.014795 0.015391 0.015595 -0.002532 0.999757
1649856228.792373 -0.008980 -0.011259 0.015583 0.015441 0.015685 -0.002466 0.999755
1649856228.842370 -0.009048 -0.010832 0.015419 0.015369 0.015669 -0.002655 0.999756
1649856228.867368 -0.008945 -0.010892 0.016117 0.015273 0.015743 -0.002584 0.999756
1649856228.892366 -0.008903 -0.010831 0.016686 0.015223 0.015799 -0.002581 0.999756
1649856228.942363 -0.009749 -0.010042 0.016906 0.015192 0.015763 -0.002800 0.999756
1649856228.992360 -0.010688 -0.009075 0.017405 0.015146 0.015737 -0.002749 0.999758
1649856229.042357 -0.009958 -0.009084 0.016760 0.015127 0.015762 -0.002901 0.999757
1649856229.092354 -0.009611 -0.008549 0.016456 0.015102 0.015691 -0.002748 0.999759
1649856229.142351 -0.009482 -0.008764 0.015970 0.015192 0.015750 -0.002777 0.999757
1649856229.192348 -0.009283 -0.008506 0.015903 0.015204 0.015710 -0.002639 0.999757
1649856229.242345 -0.009404 -0.008638 0.015582 0.015265 0.015702 -0.002704 0.999757
1649856229.292342 -0.010387 -0.008373 0.016379 0.015208 0.015798 -0.002619 0.999756
1649856229.342339 -0.011388 -0.008213 0.016818 0.015136 0.015778 -0.002733 0.999757
1649856229.392335 -0.011953 -0.008069 0.017395 0.015127 0.015680 -0.002656 0.999759
1649856229.442333 -0.012259 -0.008242 0.017533 0.015068 0.015764 -0.002912 0.999758
1649856229.492329 -0.012235 -0.008282 0.017958 0.015019 0.015766 -0.002823 0.999759
1649856229.542326 -0.012453 -0.008475 0.018132 0.014952 0.015806 -0.003030 0.999759
1649856229.592323 -0.012575 -0.008236 0.018547 0.014989 0.015787 -0.002883 0.999759
1649856229.642320 -0.012386 -0.008211 0.018435 0.014895 0.015785 -0.003071 0.999760
1649856229.692317 -0.012271 -0.007680 0.018652 0.014899 0.015799 -0.002973 0.999760
1649856229.742314 -0.012133 -0.007441 0.018445 0.014980 0.015787 -0.003087 0.999758
1649856229.792311 -0.012319 -0.006910 0.018474 0.014994 0.015730 -0.002933 0.999760
1649856229.817309 -0.011152 -0.007885 0.018246 0.014885 0.015791 -0.003085 0.999760
1649856229.842308 -0.010449 -0.008221 0.018179 0.014855 0.015895 -0.002996 0.999759
1649856229.892305 -0.010789 -0.007443 0.018326 0.014839 0.015956 -0.002946 0.999758
1649856229.942302 -0.011633 -0.006519 0.018068 0.014957 0.015685 -0.003123 0.999760
1649856229.992299 -0.012294 -0.005494 0.017787 0.015044 0.015605 -0.002926 0.999761
1649856230.042295 -0.012632 -0.005664 0.017224 0.015068 0.015589 -0.003058 0.999760
1649856230.092292 -0.012676 -0.005018 0.017530 0.015059 0.015541 -0.002974 0.999761
1649856230.117291 -0.011412 -0.005989 0.017602 0.014994 0.015594 -0.002973 0.999762
1649856230.142289 -0.010555 -0.006350 0.017712 0.014986 0.015642 -0.002830 0.999761
1649856230.192286 -0.010914 -0.005618 0.018079 0.014964 0.015673 -0.002822 0.999761
1649856230.242283 -0.011432 -0.005281 0.018187 0.014900 0.015680 -0.003031 0.999761
1649856230.292278 -0.011964 -0.004671 0.018580 0.014911 0.015697 -0.002945 0.999761
1649856230.342275 -0.012670 -0.004573 0.018580 0.014887 0.015751 -0.003087 0.999760
1649856230.392272 -0.012786 -0.003714 0.018968 0.014909 0.015742 -0.002996 0.999760
1649856230.442269 -0.013225 -0.003673 0.019128 0.014877 0.015745 -0.003077 0.999761
1649856230.492266 -0.013380 -0.002955 0.019805 0.014882 0.015702 -0.002948 0.999762
1649856230.542263 -0.013657 -0.002342 0.020266 0.014920 0.015601 -0.003141 0.999762
1649856230.592259 -0.013563 -0.001628 0.020473 0.014891 0.015622 -0.003073 0.999762
1649856230.642256 -0.013526 -0.001806 0.020240 0.014815 0.015700 -0.003085 0.999762
1649856230.692253 -0.013523 -0.001285 0.020952 0.014840 0.015636 -0.002863 0.999764
1649856230.742250 -0.013297 -0.001062 0.021215 0.014921 0.015444 -0.002951 0.999765
1649856230.792247 -0.013194 -0.000810 0.021387 0.014879 0.015446 -0.002875 0.999766
1649856230.842244 -0.013400 -0.000762 0.021415 0.014774 0.015419 -0.002968 0.999768
1649856230.892241 -0.013300 -0.000176 0.021582 0.014719 0.015421 -0.002921 0.999768
1649856230.917239 -0.012776 -0.001459 0.021227 0.014647 0.015549 -0.003246 0.999767
1649856230.942238 -0.012501 -0.002448 0.020746 0.014605 0.015730 -0.003300 0.999764
1649856230.992235 -0.012931 -0.003042 0.020619 0.014611 0.015721 -0.003358 0.999764
1649856231.017233 -0.012377 -0.003808 0.020886 0.014587 0.015700 -0.003378 0.999765
1649856231.042232 -0.011204 -0.004857 0.020669 0.014740 0.015507 -0.003143 0.999766
1649856231.092228 -0.011414 -0.005406 0.020667 0.014759 0.015486 -0.002963 0.999767
1649856231.142225 -0.012420 -0.004925 0.020967 0.014659 0.015616 -0.003186 0.999766
1649856231.192222 -0.012860 -0.004089 0.021437 0.014624 0.015628 -0.003193 0.999766
1649856231.217221 -0.012179 -0.004706 0.021365 0.014602 0.015648 -0.003359 0.999765
1649856231.242219 -0.010584 -0.005420 0.020603 0.014711 0.015569 -0.003138 0.999766
1649856231.292216 -0.010494 -0.005463 0.020066 0.014698 0.015666 -0.002989 0.999765
1649856231.317214 -0.010080 -0.006061 0.019655 0.014765 0.015723 -0.002954 0.999763
1649856231.342213 -0.009742 -0.006293 0.019370 0.014851 0.015683 -0.002854 0.999763
1649856231.392210 -0.010350 -0.005591 0.019346 0.014892 0.015611 -0.002831 0.999763
1649856231.417208 -0.010112 -0.005791 0.019463 0.014916 0.015552 -0.002947 0.999763
1649856231.442207 -0.009863 -0.005758 0.019417 0.014960 0.015512 -0.002917 0.999764
1649856231.492203 -0.010425 -0.004878 0.019534 0.014955 0.015497 -0.002978 0.999764
1649856231.517202 -0.010045 -0.005253 0.019834 0.014915 0.015527 -0.002984 0.999764
1649856231.542201 -0.009859 -0.005435 0.019933 0.014880 0.015563 -0.002898 0.999764
1649856231.592197 -0.010491 -0.004648 0.020234 0.014799 0.015623 -0.002910 0.999764
1649856231.617196 -0.010254 -0.005169 0.020120 0.014797 0.015663 -0.002968 0.999763
1649856231.642194 -0.009960 -0.005320 0.019871 0.014772 0.015725 -0.002872 0.999763
1649856231.692191 -0.010501 -0.004511 0.019926 0.014743 0.015673 -0.002827 0.999764
1649856231.742188 -0.011502 -0.003276 0.020299 0.014674 0.015658 -0.003066 0.999765
1649856231.792185 -0.012302 -0.001642 0.020824 0.014705 0.015517 -0.003071 0.999767
1649856231.842182 -0.012873 -0.000257 0.021268 0.014560 0.015630 -0.003193 0.999767
1649856231.892179 -0.013258 0.001213 0.021943 0.014512 0.015625 -0.003131 0.999768
1649856231.942176 -0.013303 0.001600 0.021959 0.014513 0.015744 -0.003292 0.999765
1649856231.992172 -0.013132 0.002517 0.022334 0.014464 0.015794 -0.003167 0.999766
1649856232.042169 -0.013093 0.001842 0.021998 0.014359 0.015911 -0.003224 0.999765
1649856232.092166 -0.012912 0.001491 0.022104 0.014380 0.015896 -0.003112 0.999765
1649856232.142163 -0.013084 0.000466 0.021575 0.014512 0.015873 -0.003232 0.999763
1649856232.192160 -0.012963 0.000459 0.021409 0.014681 0.015779 -0.003025 0.999763
1649856232.242157 -0.012250 0.000121 0.020474 0.014772 0.015623 -0.003106 0.999764
1649856232.292154 -0.011586 0.000391 0.020205 0.014860 0.015391 -0.002849 0.999767
1649856232.342151 -0.011300 -0.000137 0.019464 0.014814 0.015609 -0.002923 0.999764
1649856232.367149 -0.010426 -0.001104 0.018942 0.014796 0.015724 -0.002716 0.999763
1649856232.392148 -0.009663 -0.002069 0.018406 0.014772 0.015810 -0.002598 0.999763
1649856232.442144 -0.010383 -0.002565 0.018178 0.014835 0.015830 -0.002784 0.999761
1649856232.492141 -0.010764 -0.002831 0.018192 0.014811 0.015814 -0.002683 0.999762
1649856232.517140 -0.010419 -0.004145 0.017747 0.014974 0.015819 -0.002835 0.999759
1649856232.542138 -0.009883 -0.005471 0.017266 0.014999 0.015826 -0.002758 0.999758
1649856232.592135 -0.010474 -0.006525 0.017035 0.015022 0.015819 -0.002739 0.999758
1649856232.642132 -0.011849 -0.006230 0.016944 0.015023 0.015863 -0.002926 0.999757
1649856232.692129 -0.012721 -0.005338 0.017003 0.014972 0.015922 -0.002830 0.999757
1649856232.717127 -0.012276 -0.005270 0.017060 0.015025 0.015996 -0.003074 0.999754
1649856232.742126 -0.010965 -0.005623 0.016999 0.015085 0.015953 -0.002908 0.999755
1649856232.792123 -0.011304 -0.005323 0.017409 0.015102 0.015835 -0.002903 0.999756
1649856232.842120 -0.012177 -0.004474 0.018305 0.015087 0.015741 -0.003138 0.999757
1649856232.892117 -0.013176 -0.002790 0.018526 0.014986 0.015801 -0.003045 0.999758
1649856232.917115 -0.012554 -0.003026 0.018994 0.014967 0.015834 -0.003253 0.999757
1649856232.942113 -0.011340 -0.003380 0.019022 0.015030 0.015731 -0.003098 0.999758
1649856232.992110 -0.011550 -0.002671 0.019686 0.015045 0.015697 -0.003037 0.999759
1649856233.042107 -0.012149 -0.002127 0.019864 0.014805 0.015782 -0.003282 0.999760
1649856233.092104 -0.012391 -0.001171 0.020455 0.014745 0.015829 -0.003228 0.999761
1649856233.117103 -0.012187 -0.001610 0.020412 0.014680 0.015858 -0.003321 0.999761
1649856233.142101 -0.011422 -0.002501 0.020049 0.014738 0.015845 -0.003073 0.999761
1649856233.167099 -0.010964 -0.003347 0.019829 0.014774 0.015814 -0.002926 0.999762
1649856233.192098 -0.010592 -0.004300 0.019581 0.014832 0.015783 -0.002821 0.999761
1649856233.242095 -0.011758 -0.003283 0.019523 0.014676 0.015747 -0.003314 0.999763
1649856233.292092 -0.012838 -0.001797 0.019595 0.014612 0.015686 -0.003356 0.999765
1649856233.342089 -0.014491 0.000775 0.019859 0.014517 0.015602 -0.003865 0.999765
1649856233.392085 -0.014794 0.002918 0.020555 0.014592 0.015677 -0.003908 0.999763
1649856233.442082 -0.015526 0.004035 0.020773 0.014604 0.015574 -0.004161 0.999763
1649856233.492079 -0.015554 0.005558 0.020850 0.014558 0.015487 -0.004084 0.999766
1649856233.542076 -0.015549 0.005453 0.020594 0.014603 0.015484 -0.004142 0.999765
1649856233.592073 -0.015026 0.005993 0.020579 0.014620 0.015311 -0.003949 0.999768
1649856233.642070 -0.015733 0.006388 0.020694 0.014662 0.015390 -0.004255 0.999765
1649856233.692067 -0.015416 0.005602 0.021057 0.014710 0.015331 -0.004026 0.999766
1649856233.742064 -0.015018 0.003708 0.020771 0.014702 0.015338 -0.003825 0.999767
1649856233.792061 -0.014248 0.002428 0.020817 0.014710 0.015404 -0.003441 0.999767
1649856233.842057 -0.013401 0.000340 0.020019 0.014691 0.015463 -0.003527 0.999766
1649856233.892054 -0.012470 -0.001271 0.019784 0.014749 0.015363 -0.003287 0.999768
1649856233.942051 -0.011105 -0.002821 0.019195 0.014860 0.015537 -0.003151 0.999764
1649856233.992048 -0.010276 -0.003763 0.019045 0.014879 0.015655 -0.002938 0.999762
1649856234.017047 -0.009345 -0.004825 0.018965 0.014857 0.015626 -0.002954 0.999763
1649856234.042045 -0.008708 -0.006364 0.018707 0.014905 0.015651 -0.002911 0.999762
1649856234.092042 -0.009119 -0.007539 0.018626 0.014937 0.015708 -0.002941 0.999761
1649856234.142039 -0.009712 -0.007339 0.018741 0.014881 0.015746 -0.003102 0.999760
1649856234.192036 -0.009974 -0.006727 0.019130 0.014877 0.015679 -0.002958 0.999762
1649856234.242033 -0.009952 -0.006729 0.018930 0.014965 0.015641 -0.003083 0.999761
1649856234.292030 -0.009475 -0.005954 0.018744 0.015014 0.015641 -0.002840 0.999761
1649856234.342026 -0.009213 -0.005386 0.018330 0.015126 0.015562 -0.002869 0.999760
1649856234.392023 -0.008778 -0.004303 0.018070 0.015109 0.015602 -0.002630 0.999761
1649856234.442020 -0.009393 -0.003084 0.018134 0.015049 0.015622 -0.002772 0.999761
1649856234.492017 -0.010363 -0.001144 0.018440 0.014948 0.015572 -0.002629 0.999764
1649856234.542014 -0.010971 -0.000673 0.017988 0.014962 0.015688 -0.002916 0.999761
1649856234.592011 -0.011703 -0.000255 0.018335 0.014973 0.015652 -0.002792 0.999761
1649856234.642008 -0.012345 -0.000732 0.018373 0.014921 0.015798 -0.003109 0.999759
1649856234.692005 -0.013540 -0.000129 0.019434 0.014864 0.015724 -0.003022 0.999761
1649856234.742002 -0.013573 -0.001552 0.018809 0.014788 0.015615 -0.003117 0.999764
1649856234.791999 -0.013347 -0.002732 0.018806 0.014854 0.015514 -0.003051 0.999765
1649856234.841995 -0.013205 -0.003182 0.018445 0.014731 0.015562 -0.003324 0.999765
1649856234.891992 -0.013141 -0.003304 0.018277 0.014705 0.015489 -0.003252 0.999767
1649856234.941989 -0.013407 -0.003623 0.018110 0.014752 0.015580 -0.003523 0.999764
1649856234.991986 -0.014324 -0.002430 0.018521 0.014743 0.015587 -0.003287 0.999764
1649856235.041983 -0.014023 -0.003084 0.018190 0.014761 0.015712 -0.003455 0.999762
1649856235.091980 -0.013231 -0.003148 0.018286 0.014805 0.015642 -0.003190 0.999763
1649856235.116978 -0.012009 -0.003687 0.017853 0.014774 0.015587 -0.003302 0.999764
1649856235.141977 -0.010093 -0.004795 0.017182 0.014867 0.015428 -0.003021 0.999766
1649856235.191973 -0.009895 -0.005635 0.016909 0.014917 0.015309 -0.002893 0.999767
1649856235.241970 -0.011722 -0.004216 0.016936 0.014931 0.015485 -0.003105 0.999764
1649856235.291967 -0.012089 -0.003666 0.017370 0.014943 0.015532 -0.003130 0.999763
1649856235.341964 -0.014030 -0.001456 0.016562 0.014913 0.015607 -0.003504 0.999761
1649856235.391961 -0.014163 -0.000532 0.016911 0.014900 0.015589 -0.003475 0.999761
1649856235.441958 -0.013969 -0.000647 0.017017 0.014911 0.015779 -0.003634 0.999758
1649856235.491955 -0.013597 -0.001008 0.017325 0.014961 0.015751 -0.003421 0.999758
1649856235.541952 -0.012943 -0.002144 0.016830 0.014907 0.015688 -0.003362 0.999760
1649856235.591949 -0.013495 -0.001275 0.017093 0.014883 0.015663 -0.003111 0.999762
1649856235.641946 -0.013433 -0.001840 0.017560 0.014883 0.015717 -0.003401 0.999760
1649856235.691942 -0.013980 -0.001506 0.018220 0.014846 0.015725 -0.003241 0.999761
1649856235.741939 -0.014081 -0.001817 0.018534 0.014813 0.015655 -0.003408 0.999762
1649856235.791936 -0.013026 -0.001102 0.018979 0.014815 0.015676 -0.003177 0.999762
1649856235.841933 -0.012552 -0.001459 0.019057 0.014784 0.015650 -0.003278 0.999763
1649856235.891930 -0.012141 -0.000912 0.019558 0.014777 0.015538 -0.003116 0.999765
1649856235.916929 -0.011354 -0.001879 0.019397 0.014757 0.015371 -0.003188 0.999768
1649856235.941927 -0.010730 -0.003094 0.019058 0.014862 0.015210 -0.003044 0.999769
1649856235.991924 -0.011035 -0.003918 0.018938 0.014928 0.015134 -0.003037 0.999769
1649856236.016922 -0.010457 -0.005410 0.018553 0.014864 0.015249 -0.003059 0.999769
1649856236.041921 -0.010094 -0.006154 0.018189 0.014870 0.015294 -0.002903 0.999768
1649856236.091918 -0.010372 -0.006813 0.017758 0.014857 0.015355 -0.002782 0.999768
1649856236.141915 -0.011031 -0.005817 0.017834 0.014785 0.015542 -0.003076 0.999765
1649856236.191911 -0.011620 -0.004526 0.018276 0.014747 0.015530 -0.003070 0.999766
1649856236.241908 -0.012061 -0.004006 0.017808 0.014778 0.015632 -0.003198 0.999763
1649856236.291907 -0.012258 -0.003617 0.017770 0.014837 0.015743 -0.003042 0.999761
1649856236.341904 -0.012522 -0.003230 0.017791 0.014919 0.015600 -0.003239 0.999762
1649856236.391901 -0.012175 -0.002360 0.018308 0.014942 0.015410 -0.003109 0.999765
1649856236.441898 -0.012558 -0.001207 0.018373 0.014863 0.015472 -0.003413 0.999764
1649856236.491895 -0.013165 0.000676 0.018911 0.014782 0.015455 -0.003475 0.999765
1649856236.541892 -0.013693 0.000509 0.019121 0.014782 0.015338 -0.003593 0.999767
1649856236.591889 -0.013301 0.001150 0.019254 0.014767 0.015162 -0.003238 0.999771
1649856236.641886 -0.013006 -0.000066 0.018747 0.014843 0.015061 -0.003361 0.999771
1649856236.666884 -0.012478 -0.001008 0.018699 0.014885 0.014985 -0.003095 0.999772
1649856236.691882 -0.011976 -0.002105 0.018562 0.014937 0.014982 -0.002918 0.999772
1649856236.741879 -0.012582 -0.002311 0.018145 0.014861 0.015180 -0.003236 0.999769
1649856236.791876 -0.012835 -0.002809 0.017975 0.014897 0.015337 -0.003146 0.999766
1649856236.841873 -0.013072 -0.003041 0.017389 0.014910 0.015554 -0.003437 0.999762
1649856236.891870 -0.012748 -0.003075 0.017092 0.014921 0.015517 -0.003260 0.999763
1649856236.941867 -0.012506 -0.004152 0.016890 0.014962 0.015580 -0.003353 0.999761
1649856236.991864 -0.012290 -0.004700 0.017404 0.014965 0.015504 -0.003197 0.999763
1649856237.041861 -0.012338 -0.005413 0.017465 0.014956 0.015532 -0.003268 0.999762
1649856237.091857 -0.012591 -0.005113 0.017719 0.014870 0.015536 -0.003076 0.999764
1649856237.141855 -0.012681 -0.005455 0.017925 0.014909 0.015676 -0.003201 0.999761
1649856237.166853 -0.013634 -0.004557 0.017964 0.014844 0.015664 -0.003091 0.999762
1649856237.191851 -0.013314 -0.004907 0.018027 0.014854 0.015630 -0.003023 0.999763
1649856237.216850 -0.013144 -0.005612 0.018219 0.014849 0.015643 -0.003277 0.999762
1649856237.241848 -0.011854 -0.006121 0.017869 0.014936 0.015566 -0.003110 0.999762
1649856237.291845 -0.011718 -0.006327 0.017815 0.014975 0.015610 -0.003033 0.999761
1649856237.341842 -0.012163 -0.006152 0.018284 0.014904 0.015682 -0.003208 0.999761
1649856237.391839 -0.012378 -0.005815 0.018750 0.014864 0.015688 -0.003116 0.999762
1649856237.441836 -0.012193 -0.006213 0.018668 0.014845 0.015794 -0.003150 0.999760
1649856237.491832 -0.012723 -0.005050 0.018648 0.014854 0.015681 -0.002951 0.999762
1649856237.516831 -0.011903 -0.006025 0.018395 0.014906 0.015541 -0.003196 0.999763
1649856237.541830 -0.010501 -0.006720 0.017958 0.015004 0.015428 -0.003043 0.999764
1649856237.566828 -0.009724 -0.007430 0.017817 0.015054 0.015338 -0.003009 0.999764
1649856237.591826 -0.009259 -0.008039 0.017546 0.015097 0.015321 -0.002979 0.999764
1649856237.641823 -0.010187 -0.007447 0.017726 0.015044 0.015404 -0.003002 0.999764
1649856237.666822 -0.010595 -0.007281 0.017938 0.015019 0.015466 -0.002946 0.999763
1649856237.691820 -0.010675 -0.007039 0.018273 0.014973 0.015510 -0.002913 0.999763
1649856237.716819 -0.010782 -0.007202 0.018429 0.014929 0.015553 -0.003040 0.999763
1649856237.741817 -0.010256 -0.007512 0.018351 0.014960 0.015527 -0.002933 0.999763
1649856237.791814 -0.010765 -0.007077 0.018465 0.015012 0.015516 -0.002877 0.999763
1649856237.841811 -0.012348 -0.006066 0.018621 0.014958 0.015529 -0.003055 0.999763
1649856237.891808 -0.013302 -0.004945 0.019283 0.014926 0.015446 -0.003069 0.999765
1649856237.941805 -0.014317 -0.004642 0.019878 0.014892 0.015525 -0.003297 0.999763
1649856237.966803 -0.014367 -0.004753 0.020524 0.014834 0.015466 -0.003305 0.999765
1649856237.991802 -0.014096 -0.004858 0.021042 0.014815 0.015432 -0.003303 0.999766
1649856238.016800 -0.013844 -0.005165 0.021187 0.014738 0.015516 -0.003420 0.999765
1649856238.041799 -0.012378 -0.005300 0.020675 0.014845 0.015419 -0.003176 0.999766
1649856238.091795 -0.012261 -0.005038 0.020469 0.014873 0.015392 -0.003073 0.999766
1649856238.141792 -0.013317 -0.004342 0.020851 0.014801 0.015453 -0.003390 0.999765
1649856238.191789 -0.014052 -0.003456 0.021521 0.014741 0.015414 -0.003394 0.999767
1649856238.241786 -0.014601 -0.003374 0.021786 0.014709 0.015347 -0.003432 0.999768
1649856238.291783 -0.014866 -0.003000 0.022346 0.014657 0.015292 -0.003312 0.999770
1649856238.316782 -0.014051 -0.003591 0.022117 0.014607 0.015346 -0.003522 0.999769
1649856238.341780 -0.012505 -0.004066 0.021456 0.014733 0.015351 -0.003309 0.999768
1649856238.391777 -0.012071 -0.003964 0.021353 0.014805 0.015412 -0.003195 0.999767
1649856238.441773 -0.012682 -0.003762 0.021436 0.014634 0.015315 -0.003462 0.999770
1649856238.491771 -0.013113 -0.003447 0.021998 0.014613 0.015268 -0.003406 0.999771
1649856238.541767 -0.013717 -0.003534 0.021971 0.014580 0.015401 -0.003571 0.999769
1649856238.591764 -0.013877 -0.003181 0.021895 0.014605 0.015513 -0.003449 0.999767
1649856238.641761 -0.014142 -0.003824 0.021484 0.014596 0.015499 -0.003524 0.999767
1649856238.691758 -0.013909 -0.003795 0.021480 0.014659 0.015352 -0.003416 0.999769
1649856238.741755 -0.013980 -0.003337 0.021261 0.014674 0.015285 -0.003537 0.999769
1649856238.766753 -0.013489 -0.003100 0.021301 0.014673 0.015260 -0.003437 0.999770
1649856238.791752 -0.013031 -0.002885 0.021269 0.014699 0.015194 -0.003413 0.999771
1649856238.841749 -0.013135 -0.002232 0.021114 0.014761 0.015126 -0.003479 0.999771
1649856238.891746 -0.013143 -0.001558 0.021358 0.014835 0.014979 -0.003448 0.999772
1649856238.941742 -0.013293 -0.001495 0.021131 0.014859 0.014910 -0.003406 0.999773
1649856238.991739 -0.012900 -0.001029 0.021208 0.014925 0.014873 -0.003296 0.999773
1649856239.041736 -0.013187 -0.001147 0.021038 0.014889 0.014960 -0.003456 0.999771
1649856239.091733 -0.012968 -0.000725 0.021332 0.014884 0.014858 -0.003338 0.999773
1649856239.141730 -0.013423 -0.001250 0.021446 0.014810 0.014858 -0.003412 0.999774
1649856239.191727 -0.013285 -0.001667 0.021738 0.014710 0.014971 -0.003230 0.999775
1649856239.241724 -0.013499 -0.002791 0.021530 0.014721 0.015200 -0.003335 0.999771
1649856239.291721 -0.013524 -0.003323 0.021378 0.014748 0.015176 -0.003313 0.999771
1649856239.341718 -0.014225 -0.003961 0.021406 0.014798 0.015083 -0.003404 0.999771
1649856239.391715 -0.014165 -0.003731 0.021440 0.014801 0.015066 -0.003348 0.999771
1649856239.416713 -0.013619 -0.004657 0.021282 0.014832 0.015044 -0.003472 0.999771
1649856239.441711 -0.011727 -0.005483 0.020568 0.015039 0.014912 -0.003171 0.999771
1649856239.491708 -0.011316 -0.006208 0.020236 0.015099 0.014954 -0.003013 0.999770
1649856239.541705 -0.012324 -0.005607 0.020722 0.014978 0.015016 -0.003286 0.999770
1649856239.591702 -0.012801 -0.005366 0.021621 0.014963 0.014940 -0.003335 0.999771
1649856239.641699 -0.013638 -0.004658 0.021932 0.014798 0.015062 -0.003369 0.999771
1649856239.691696 -0.014078 -0.003709 0.022404 0.014775 0.015100 -0.003292 0.999771
1649856239.741693 -0.014360 -0.003495 0.022370 0.014735 0.014860 -0.003547 0.999775
1649856239.791690 -0.014043 -0.002646 0.022679 0.014681 0.014658 -0.003482 0.999779
1649856239.841687 -0.014877 -0.002612 0.022853 0.014715 0.014690 -0.003613 0.999777
1649856239.866685 -0.014778 -0.003088 0.022829 0.014779 0.014693 -0.003530 0.999777
1649856239.891683 -0.014359 -0.003516 0.022869 0.014820 0.014700 -0.003405 0.999776
1649856239.941680 -0.014686 -0.003716 0.022495 0.014217 0.014519 -0.003496 0.999787
1649856239.991677 -0.014345 -0.004379 0.022163 0.012466 0.013413 -0.003219 0.999827
1649856240.041674 -0.013841 -0.005966 0.022368 0.011904 0.013000 -0.001784 0.999843
1649856240.091671 -0.012374 -0.007573 0.022061 0.011775 0.012922 -0.000031 0.999847
1649856240.141668 -0.010105 -0.008697 0.021043 0.010977 0.013195 0.001563 0.999851
1649856240.191665 -0.007748 -0.008060 0.019477 0.012505 0.015425 0.003634 0.999796
1649856240.241662 -0.005002 -0.008112 0.015395 0.012733 0.017020 0.005298 0.999760
1649856240.291660 -0.002258 -0.005996 0.009235 0.019395 0.015183 0.005103 0.999684
1649856240.341656 0.000159 -0.004138 0.000675 0.024816 0.007260 0.000545 0.999666
1649856240.391653 0.002616 -0.001208 -0.013107 0.023841 -0.002699 -0.003525 0.999706
1649856240.441650 0.004482 0.004670 -0.031239 0.027816 -0.007491 -0.006421 0.999564
1649856240.491647 0.007112 0.015140 -0.050980 0.031457 -0.007497 -0.007081 0.999452
1649856240.516646 0.009593 0.021795 -0.062589 0.033803 -0.007194 -0.007295 0.999376
1649856240.541644 0.011117 0.022428 -0.061952 0.033032 -0.005156 -0.006892 0.999417
1649856240.591641 0.017149 0.035157 -0.084018 0.036925 -0.005736 -0.010544 0.999246
1649856240.616639 0.021157 0.042051 -0.096196 0.039785 -0.005261 -0.014193 0.999094
1649856240.641638 0.023788 0.049376 -0.107759 0.041656 -0.003123 -0.018261 0.998960
1649856240.691635 0.028269 0.068826 -0.128542 0.041985 0.003424 -0.024548 0.998811
1649856240.741632 0.031016 0.098572 -0.150373 0.038929 0.012447 -0.027593 0.998783
1649856240.791629 0.034134 0.134179 -0.172156 0.037686 0.023616 -0.029122 0.998586
1649856240.841626 0.037573 0.173517 -0.194482 0.036494 0.034073 -0.033601 0.998187
1649856240.891623 0.040657 0.215453 -0.216794 0.036245 0.044052 -0.044567 0.997376
1649856240.941619 0.043498 0.259956 -0.236175 0.038127 0.052586 -0.059204 0.996130
1649856240.991616 0.043675 0.306522 -0.252352 0.038999 0.060498 -0.074935 0.994587
1649856241.041613 0.042062 0.353523 -0.268087 0.041989 0.065091 -0.093861 0.992567
1649856241.091610 0.038547 0.401121 -0.281492 0.045038 0.066951 -0.111017 0.990537
1649856241.116609 0.038016 0.424092 -0.287781 0.046886 0.067029 -0.120858 0.989294
1649856241.141607 0.036894 0.447024 -0.293128 0.049200 0.066724 -0.131972 0.987781
1649856241.191604 0.033072 0.492690 -0.301770 0.053925 0.065764 -0.154066 0.984394
1649856241.241601 0.026321 0.537169 -0.307173 0.056928 0.069727 -0.173436 0.980723
1649856241.291598 0.018073 0.579223 -0.313183 0.057206 0.075452 -0.190746 0.977062
1649856241.341595 0.008059 0.619513 -0.315517 0.056758 0.081864 -0.207807 0.973084
1649856241.391592 -0.004003 0.656876 -0.313762 0.051760 0.088326 -0.223905 0.969219
1649856241.441589 -0.018080 0.692868 -0.309117 0.045513 0.095092 -0.239712 0.965103
1649856241.491585 -0.032011 0.727662 -0.302646 0.040150 0.101550 -0.255851 0.960529
1649856241.516584 -0.038368 0.744629 -0.298474 0.037298 0.103722 -0.264352 0.958107
1649856241.541583 -0.044592 0.761057 -0.294260 0.035426 0.105630 -0.273590 0.955372
1649856241.566581 -0.050939 0.776457 -0.289374 0.031915 0.106736 -0.281545 0.953059
1649856241.591579 -0.056975 0.790922 -0.284487 0.027511 0.106639 -0.288350 0.951171
1649856241.641576 -0.069415 0.819836 -0.272751 0.023260 0.101199 -0.301088 0.947926
1649856241.691573 -0.068059 0.846366 -0.256784 0.022602 0.090195 -0.313655 0.944973
1649856241.741570 -0.072082 0.870870 -0.239574 0.020786 0.072013 -0.326896 0.942083
1649856241.791567 -0.076085 0.891319 -0.224142 0.017214 0.054010 -0.341684 0.938104
1649856241.816566 -0.078010 0.900263 -0.216773 0.011880 0.046021 -0.347207 0.936583
1649856241.841564 -0.082866 0.907038 -0.208890 0.009685 0.036889 -0.349048 0.936328
1649856241.891561 -0.090135 0.920857 -0.198388 0.009830 0.019385 -0.352784 0.935452
1649856241.941558 -0.095137 0.933341 -0.187056 0.011523 0.001320 -0.357091 0.933997
1649856241.991555 -0.097278 0.943362 -0.177314 0.017711 -0.015280 -0.361738 0.931986
1649856242.041552 -0.098111 0.951048 -0.169871 0.024367 -0.027353 -0.363715 0.930790
1649856242.066550 -0.097349 0.953735 -0.166145 0.023252 -0.030252 -0.361479 0.931599
1649856242.091549 -0.099877 0.955068 -0.163773 0.022494 -0.031935 -0.356581 0.933447
1649856242.141546 -0.106510 0.958485 -0.161953 0.022723 -0.032177 -0.340098 0.939565
1649856242.191542 -0.098728 0.964389 -0.164598 0.025881 -0.030564 -0.322410 0.945753
1649856242.241539 -0.095837 0.968195 -0.168732 0.031126 -0.029056 -0.315685 0.947908
1649856242.291536 -0.090207 0.971822 -0.175327 0.038272 -0.023772 -0.311387 0.949214
1649856242.341533 -0.086872 0.977162 -0.182024 0.043952 -0.016609 -0.302268 0.952064
1649856242.391530 -0.083463 0.981786 -0.188928 0.055272 -0.010606 -0.292422 0.954632
1649856242.441527 -0.082182 0.984727 -0.193685 0.063297 -0.008988 -0.285814 0.956150
1649856242.491524 -0.080708 0.983490 -0.197191 0.066284 -0.013125 -0.285395 0.956025
1649856242.541521 -0.081286 0.983049 -0.199759 0.069205 -0.019771 -0.288620 0.954735
1649856242.591518 -0.084056 0.985541 -0.201855 0.074985 -0.026103 -0.291016 0.953418
1649856242.641515 -0.088822 0.989597 -0.205371 0.077721 -0.030221 -0.293369 0.952355
1649856242.691512 -0.094149 0.995023 -0.208746 0.082486 -0.029880 -0.297050 0.950823
1649856242.741508 -0.101651 1.001584 -0.213076 0.086241 -0.026610 -0.300829 0.949398
1649856242.791506 -0.109115 1.010449 -0.217149 0.092046 -0.022922 -0.302916 0.948285
1649856242.841502 -0.119795 1.023758 -0.218337 0.100006 -0.018618 -0.307183 0.946198
1649856242.891499 -0.119411 1.036077 -0.214013 0.106991 -0.011371 -0.313954 0.943322
1649856242.941496 -0.135045 1.053270 -0.213942 0.110284 -0.003388 -0.324155 0.939547
1649856242.991493 -0.153003 1.071306 -0.213436 0.112314 0.003583 -0.331338 0.936797
1649856243.041490 -0.176305 1.089758 -0.210533 0.112372 0.008828 -0.344443 0.932016
1649856243.091487 -0.203559 1.106397 -0.208353 0.112158 0.013753 -0.366185 0.923656
1649856243.141484 -0.236128 1.123072 -0.204435 0.106287 0.019721 -0.391726 0.913710
1649856243.191481 -0.272864 1.140116 -0.196940 0.098254 0.028508 -0.419807 0.901829
1649856243.241478 -0.311337 1.156362 -0.186171 0.092339 0.037814 -0.447057 0.888923
1649856243.291475 -0.350623 1.170157 -0.173529 0.083185 0.044915 -0.470438 0.877355
1649856243.341472 -0.391138 1.180332 -0.158098 0.074134 0.046518 -0.497018 0.863315
1649856243.391469 -0.432344 1.185158 -0.140890 0.062794 0.042443 -0.523752 0.848493
1649856243.416467 -0.451678 1.186465 -0.131323 0.058316 0.038857 -0.535390 0.841693
1649856243.441465 -0.469559 1.188797 -0.127661 0.054235 0.032475 -0.546355 0.835164
1649856243.491462 -0.513686 1.188233 -0.108503 0.043515 0.020677 -0.570416 0.819942
1649856243.541459 -0.559861 1.184155 -0.091193 0.035457 0.005941 -0.597681 0.800927
1649856243.591456 -0.606247 1.177954 -0.073708 0.029842 -0.008780 -0.621496 0.782799
1649856243.641453 -0.654568 1.169317 -0.054438 0.021374 -0.017068 -0.644904 0.763774
1649856243.691450 -0.704702 1.161586 -0.036234 0.013022 -0.022842 -0.666976 0.744615
1649856243.741447 -0.755795 1.151727 -0.018905 0.006885 -0.024915 -0.687839 0.725403
1649856243.791444 -0.804655 1.140672 -0.002910 0.005838 -0.025783 -0.704261 0.709449
1649856243.841441 -0.850512 1.126698 0.009946 0.009142 -0.029066 -0.721692 0.691543
1649856243.891438 -0.891070 1.110842 0.020732 0.013910 -0.033537 -0.737356 0.674528
1649856243.916436 -0.908717 1.102093 0.024889 0.015126 -0.035745 -0.743730 0.667353
1649856243.941435 -0.922332 1.090720 0.028168 0.016777 -0.038815 -0.749305 0.660874
1649856243.991431 -0.950731 1.068590 0.034111 0.022000 -0.044237 -0.755913 0.652806
1649856244.016430 -0.960437 1.056848 0.034018 0.024310 -0.045733 -0.758771 0.649295
1649856244.041429 -0.969917 1.044147 0.035367 0.027465 -0.047146 -0.761405 0.645976
1649856244.091425 -0.987604 1.016650 0.037293 0.034756 -0.048636 -0.766381 0.639599
1649856244.141422 -1.007013 0.982738 0.040744 0.041702 -0.045411 -0.771953 0.632683
1649856244.191419 -1.026603 0.944731 0.044821 0.040307 -0.034898 -0.774544 0.630269
1649856244.241416 -1.045404 0.901658 0.049524 0.038506 -0.026705 -0.776781 0.628025
1649856244.291413 -1.060257 0.853847 0.054425 0.038249 -0.022510 -0.777368 0.627478
1649856244.341410 -1.072856 0.802017 0.059126 0.037748 -0.018012 -0.777507 0.627482
1649856244.391407 -1.082214 0.748131 0.062416 0.034764 -0.012021 -0.775902 0.629781
1649856244.441404 -1.091744 0.693373 0.064241 0.032869 -0.005214 -0.775158 0.630890
1649856244.491401 -1.098540 0.639140 0.063836 0.033577 0.002205 -0.775534 0.630408
1649856244.516399 -1.101129 0.613053 0.062733 0.032453 0.007295 -0.776303 0.629482
1649856244.566396 -1.099755 0.559171 0.060133 0.030838 0.017294 -0.777831 0.627479
1649856244.616393 -1.104449 0.506885 0.061143 0.029590 0.024541 -0.778381 0.626614
1649856244.666390 -1.106734 0.452536 0.062087 0.025246 0.026060 -0.778562 0.626518
1649856244.716387 -1.110763 0.397177 0.064666 0.016275 0.022836 -0.777780 0.627911
1649856244.766384 -1.115772 0.338375 0.067709 0.004365 0.020601 -0.776545 0.629710
1649856244.816381 -1.122113 0.281972 0.071485 -0.003779 0.021552 -0.775179 0.631363
1649856244.866378 -1.127962 0.226794 0.075856 -0.005239 0.025406 -0.773814 0.632881
1649856244.916374 -1.135282 0.171765 0.079798 -0.001235 0.030909 -0.772921 0.633748
1649856244.941373 -1.139567 0.143548 0.080628 0.001066 0.034008 -0.772065 0.634633
1649856244.991370 -1.150309 0.086032 0.081479 0.004987 0.039648 -0.768614 0.638463
1649856245.016368 -1.157140 0.057822 0.080307 0.007222 0.042358 -0.766671 0.640600
1649856245.041367 -1.157445 0.028620 0.078831 0.009158 0.045438 -0.765385 0.641901
1649856245.091364 -1.162751 -0.030055 0.074420 0.012471 0.048423 -0.761513 0.646218
1649856245.141361 -1.168485 -0.086418 0.069527 0.016217 0.047946 -0.760065 0.647873
1649856245.191358 -1.171017 -0.145257 0.064824 0.018562 0.047874 -0.757998 0.650233
1649856245.241354 -1.171570 -0.204857 0.058087 0.017895 0.045370 -0.756661 0.651986
1649856245.291352 -1.170498 -0.268378 0.059127 0.016009 0.039408 -0.755029 0.654310
1649856245.341348 -1.170068 -0.331747 0.056434 0.013882 0.033797 -0.754472 0.655314
1649856245.391345 -1.168581 -0.396830 0.054852 0.013288 0.033117 -0.754244 0.655624
1649856245.441342 -1.168263 -0.461802 0.054571 0.014766 0.035853 -0.755740 0.653723
1649856245.491339 -1.166673 -0.527750 0.054851 0.018507 0.041289 -0.758569 0.650020
1649856245.541336 -1.166510 -0.593357 0.054196 0.023664 0.047703 -0.764259 0.642707
1649856245.591333 -1.167029 -0.657634 0.051471 0.030662 0.055913 -0.772133 0.632254
1649856245.641330 -1.170520 -0.720753 0.046083 0.035175 0.064435 -0.780884 0.620348
1649856245.666328 -1.170817 -0.752377 0.042084 0.036184 0.066246 -0.785705 0.613979
1649856245.691327 -1.171598 -0.783905 0.038077 0.036532 0.066329 -0.789963 0.608460
1649856245.741324 -1.177340 -0.845549 0.028443 0.032235 0.065031 -0.797587 0.598821
1649856245.791321 -1.183850 -0.905652 0.020153 0.026551 0.062291 -0.802421 0.592904
1649856245.816319 -1.187657 -0.935388 0.019562 0.024476 0.062006 -0.804426 0.590301
1649856245.841318 -1.191830 -0.965434 0.019682 0.022591 0.062267 -0.806138 0.588009
1649856245.891315 -1.202313 -1.025339 0.019174 0.018843 0.063085 -0.808966 0.584156
1649856245.941311 -1.215447 -1.086455 0.022326 0.016660 0.066331 -0.812405 0.579069
1649856245.991308 -1.228296 -1.148870 0.027045 0.017441 0.069683 -0.815346 0.574501
1649856246.041305 -1.242236 -1.212370 0.032359 0.019882 0.071523 -0.817899 0.570552
1649856246.091302 -1.256837 -1.278850 0.035926 0.022780 0.072915 -0.818566 0.569310
1649856246.141299 -1.273140 -1.345433 0.036277 0.025090 0.074739 -0.819207 0.568053
1649856246.191296 -1.290057 -1.411800 0.034184 0.025688 0.072196 -0.820801 0.566050
1649856246.216294 -1.298222 -1.444955 0.032963 0.024982 0.070051 -0.822050 0.564537
1649856246.241293 -1.307079 -1.478428 0.031008 0.023796 0.067362 -0.823078 0.563417
1649856246.291290 -1.325724 -1.545076 0.027358 0.019742 0.061037 -0.823681 0.563413
1649856246.316288 -1.334512 -1.578243 0.026268 0.017316 0.058542 -0.824109 0.563131
1649856246.341287 -1.343765 -1.611740 0.025986 0.014872 0.056243 -0.824617 0.562692
1649856246.366285 -1.353078 -1.645806 0.026590 0.013230 0.053786 -0.825401 0.561823
1649856246.391284 -1.361470 -1.680606 0.027472 0.012266 0.051327 -0.826084 0.561070
1649856246.441281 -1.380918 -1.750389 0.031121 0.012183 0.048616 -0.827645 0.559010
1649856246.491277 -1.400598 -1.819448 0.035557 0.015157 0.049491 -0.829090 0.556715
1649856246.541275 -1.422002 -1.889117 0.039219 0.021659 0.050743 -0.832553 0.551191
1649856246.566273 -1.432668 -1.924292 0.041286 0.025145 0.051574 -0.834840 0.547495
1649856246.591271 -1.443607 -1.959166 0.042170 0.028497 0.052360 -0.837100 0.543792
1649856246.641268 -1.467843 -2.028867 0.043699 0.034771 0.053809 -0.842753 0.534474
1649856246.691265 -1.493862 -2.097245 0.042880 0.034757 0.055278 -0.847423 0.526887
1649856246.741262 -1.520288 -2.165060 0.042406 0.034164 0.053131 -0.852865 0.518296
1649856246.766260 -1.533321 -2.198738 0.042285 0.033517 0.051413 -0.855426 0.514275
1649856246.791259 -1.547215 -2.232079 0.039346 0.031989 0.050392 -0.857134 0.511624
1649856246.841256 -1.578631 -2.297740 0.035006 0.025289 0.049019 -0.860525 0.506413
1649856246.891253 -1.610445 -2.363368 0.033719 0.019160 0.047779 -0.863131 0.502350
1649856246.941250 -1.643535 -2.429539 0.036491 0.017719 0.049125 -0.865929 0.497432
1649856246.991247 -1.670108 -2.498375 0.042988 0.020161 0.052056 -0.867551 0.494205
1649856247.016245 -1.687298 -2.532619 0.045942 0.021843 0.053663 -0.867895 0.493357
1649856247.041244 -1.704911 -2.567147 0.048901 0.023698 0.054650 -0.867745 0.493426
1649856247.066242 -1.722228 -2.601869 0.051023 0.025803 0.054918 -0.867252 0.494157
1649856247.091241 -1.740889 -2.635925 0.053169 0.028251 0.054343 -0.866193 0.495942
1649856247.141237 -1.778639 -2.703380 0.054277 0.032966 0.054391 -0.863443 0.500421
1649856247.191234 -1.809628 -2.770807 0.050941 0.037323 0.050045 -0.860870 0.504981
1649856247.241231 -1.843836 -2.837270 0.045967 0.041769 0.048161 -0.859155 0.507728
1649856247.291228 -1.872297 -2.904038 0.038230 0.042809 0.046779 -0.856658 0.511973
1649856247.341225 -1.902432 -2.972564 0.032804 0.039648 0.042315 -0.854556 0.516112
1649856247.391222 -1.932148 -3.041966 0.031225 0.035148 0.035398 -0.852591 0.520193
1649856247.441219 -1.963354 -3.112655 0.034141 0.031995 0.030499 -0.850688 0.523809
1649856247.491216 -1.996441 -3.181808 0.038226 0.032609 0.030593 -0.849545 0.525617
1649856247.541213 -2.031378 -3.251455 0.044219 0.036975 0.034139 -0.850299 0.523888
1649856247.591210 -2.062196 -3.320594 0.045201 0.042803 0.037227 -0.851776 0.520826
1649856247.641207 -2.095252 -3.388874 0.046828 0.049686 0.041176 -0.855043 0.514526
1649856247.691204 -2.123097 -3.455938 0.042485 0.053607 0.046287 -0.858294 0.508247
1649856247.741200 -2.153899 -3.523373 0.039071 0.053089 0.047813 -0.862345 0.501255
1649856247.791198 -2.184131 -3.589191 0.034151 0.045752 0.043971 -0.865671 0.496575
1649856247.816196 -2.200278 -3.622160 0.033110 0.040902 0.041989 -0.867063 0.494738
1649856247.841194 -2.216707 -3.654926 0.032616 0.035712 0.040321 -0.868196 0.493290
1649856247.891191 -2.251681 -3.718501 0.032155 0.025458 0.040306 -0.869266 0.492041
1649856247.941188 -2.288499 -3.782109 0.037704 0.019213 0.042383 -0.869708 0.491368
1649856247.991185 -2.323901 -3.846759 0.046687 0.018349 0.046568 -0.869439 0.491497
1649856248.041182 -2.360018 -3.911116 0.057436 0.021065 0.051493 -0.869043 0.491599
1649856248.091179 -2.391688 -3.975976 0.063939 0.025145 0.057511 -0.867589 0.493305
1649856248.141176 -2.424500 -4.040699 0.070306 0.029946 0.062489 -0.865790 0.495587
1649856248.191173 -2.454200 -4.104278 0.064176 0.030819 0.060889 -0.864858 0.497356
1649856248.241170 -2.485734 -4.167625 0.057543 0.028717 0.059088 -0.864007 0.499175
1649856248.291167 -2.518127 -4.229988 0.050930 0.025953 0.056401 -0.862887 0.501568
1649856248.341164 -2.552057 -4.293442 0.047721 0.023820 0.051490 -0.861960 0.503792
1649856248.391160 -2.586801 -4.355356 0.047419 0.023597 0.046032 -0.861379 0.505323
1649856248.441157 -2.623151 -4.417773 0.058293 0.027377 0.045021 -0.860975 0.505910
1649856248.466156 -2.641145 -4.449577 0.067115 0.030933 0.045822 -0.861214 0.505226
1649856248.491154 -2.657312 -4.481221 0.071623 0.034794 0.046970 -0.861614 0.504187
1649856248.541151 -2.689681 -4.545710 0.079865 0.041498 0.050368 -0.865312 0.496968
1649856248.591148 -2.727839 -4.602846 0.080518 0.045945 0.053327 -0.869912 0.488159
1649856248.641145 -2.767055 -4.659668 0.079608 0.049521 0.054835 -0.874607 0.479169
1649856248.666143 -2.787242 -4.688243 0.083638 0.050237 0.057308 -0.876585 0.475174
1649856248.691142 -2.805558 -4.717748 0.087519 0.050344 0.058415 -0.878028 0.472356
1649856248.741139 -2.842449 -4.777831 0.088921 0.048471 0.056965 -0.882527 0.464275
1649856248.791136 -2.875557 -4.835327 0.083260 0.042437 0.056043 -0.885935 0.458452
1649856248.841133 -2.915066 -4.892845 0.080876 0.035833 0.053214 -0.887711 0.455910
1649856248.891129 -2.951340 -4.946028 0.076567 0.030695 0.052203 -0.887782 0.456264
1649856248.941127 -2.988203 -4.999657 0.078468 0.030114 0.055117 -0.886727 0.458008
1649856248.991123 -3.022502 -5.050749 0.076615 0.034669 0.058968 -0.883176 0.464026
1649856249.016122 -3.036939 -5.076644 0.076658 0.037913 0.060286 -0.881252 0.467251
1649856249.041120 -3.050135 -5.102372 0.073334 0.041379 0.060382 -0.878914 0.471330
1649856249.091117 -3.079263 -5.157301 0.069868 0.048416 0.061169 -0.872273 0.482756
1649856249.116116 -3.093780 -5.186217 0.068711 0.051817 0.064056 -0.868257 0.489225
1649856249.141114 -3.108519 -5.215427 0.066957 0.054836 0.067186 -0.863979 0.496004
1649856249.191111 -3.139035 -5.270245 0.066464 0.058548 0.067099 -0.857204 0.507219
1649856249.241108 -3.167576 -5.325948 0.066110 0.061129 0.064654 -0.851088 0.517429
1649856249.291105 -3.194573 -5.380500 0.085575 0.061820 0.063096 -0.844628 0.528015
1649856249.341102 -3.222139 -5.436975 0.129541 0.059414 0.066558 -0.836678 0.540380
1649856249.391099 -3.244536 -5.488934 0.142946 0.058540 0.065078 -0.828292 0.553418
1649856249.441096 -3.270029 -5.535001 0.145175 0.059371 0.060203 -0.818338 0.568483
1649856249.491093 -3.288529 -5.587008 0.134272 0.062132 0.055883 -0.805872 0.586163
1649856249.516091 -3.297521 -5.611906 0.126499 0.063153 0.053967 -0.799126 0.595397
1649856249.591086 -3.318313 -5.699380 0.259083 0.074908 0.065686 -0.774851 0.624244
1649856249.641083 -3.327694 -5.742880 0.266251 0.081087 0.062114 -0.755756 0.646838
1649856249.666082 -3.329348 -5.766559 0.270531 0.082760 0.063059 -0.744692 0.659248
1649856249.691080 -3.332235 -5.788911 0.276380 0.084944 0.063409 -0.731928 0.673086
1649856249.741077 -3.335492 -5.832596 0.286867 0.087083 0.062048 -0.705456 0.700642
1649856249.791074 -3.576037 -6.191099 0.559568 0.091412 0.140527 -0.627417 0.760423
1649856249.816073 -3.616612 -6.263102 0.598234 0.094079 0.139585 -0.611000 0.773527
1649856249.891068 -3.709646 -6.491890 0.683365 0.106189 0.159048 -0.558940 0.806855
1649856249.941065 -3.790250 -6.628048 0.745985 0.109374 0.160798 -0.523828 0.829328
1649856249.966063 -3.830523 -6.694515 0.777024 0.110302 0.162962 -0.506084 0.839736
1649856249.991062 -3.872312 -6.758688 0.809311 0.111833 0.164395 -0.486268 0.850888
1649856250.041059 -3.958975 -6.881425 0.874639 0.115714 0.167182 -0.442052 0.873642
1649856250.091056 -4.049179 -6.994844 0.940671 0.122610 0.169104 -0.391930 0.895970
1649856250.141052 -4.128504 -7.142341 1.107139 0.080695 0.143566 -0.342278 0.925053
1649856250.191050 -4.227798 -7.256349 1.209578 0.089845 0.148333 -0.289260 0.941411
1649856250.241046 -4.332537 -7.363023 1.311660 0.096715 0.150743 -0.237528 0.954727
1649856250.291043 -4.439380 -7.467263 1.413324 0.102457 0.151261 -0.190070 0.964622
1649856250.341040 -4.550978 -7.568506 1.515766 0.103520 0.151102 -0.145934 0.972191
1649856250.391037 -4.666325 -7.664554 1.618570 0.102366 0.151798 -0.102574 0.977731
1649856250.441034 -4.785543 -7.757481 1.723852 0.102578 0.152879 -0.059001 0.981134
1649856250.491031 -4.909819 -7.843541 1.831111 0.106298 0.154269 -0.016057 0.982163
1649856250.541028 -5.038680 -7.927778 1.937364 0.111293 0.156316 0.026355 0.981063
1649856250.566026 -5.105209 -7.968634 1.990573 0.113364 0.157830 0.046852 0.979818
1649856250.591025 -5.173482 -8.009402 2.042859 0.113630 0.159229 0.067191 0.978376
1649856250.641022 -5.312115 -8.088039 2.148636 0.110715 0.162150 0.106152 0.974773
1649856250.666020 -5.383543 -8.125462 2.200729 0.108413 0.163934 0.124147 0.972605
1649856250.691019 -5.456842 -8.162444 2.252881 0.105084 0.165022 0.142033 0.970336
1649856250.716017 -5.531559 -8.198960 2.305316 0.100045 0.165149 0.160428 0.967977
1649856250.741016 -5.603719 -8.238805 2.355198 0.094375 0.165427 0.179885 0.965074
1649856250.766014 -5.680760 -8.274418 2.406803 0.089095 0.165104 0.196820 0.962322
1649856250.791013 -5.759596 -8.308155 2.457492 0.086623 0.165809 0.212496 0.959088
1649856250.816011 -5.839891 -8.340130 2.508297 0.087567 0.167824 0.227397 0.955227
1649856250.841009 -5.921156 -8.367768 2.557332 0.089442 0.169828 0.242450 0.950987
1649856250.891006 -6.088140 -8.424770 2.656969 0.085240 0.170934 0.273603 0.942686
1649856250.941003 -6.278406 -8.463572 2.759969 0.071052 0.162314 0.295848 0.938659
1649856250.991000 -6.461128 -8.507846 2.861913 0.069261 0.159739 0.329103 0.928104
1649856251.040997 -6.646836 -8.548652 2.964186 0.069058 0.157326 0.364197 0.915336
1649856251.115993 -6.931059 -8.605845 3.121850 0.070765 0.152023 0.412201 0.895529
1649856251.165989 -7.123662 -8.629026 3.242379 0.077331 0.150653 0.442954 0.880406
1649856251.215986 -7.316575 -8.656098 3.355737 0.084824 0.147978 0.466747 0.867787
1649856251.265981 -7.524008 -8.682693 3.460942 0.090444 0.151204 0.488587 0.854541
1649856251.315978 -7.735058 -8.709302 3.568554 0.098432 0.154720 0.510564 0.840058
1649856251.365975 -7.949394 -8.744359 3.671719 0.101953 0.157847 0.531616 0.825878
1649856251.415972 -8.162638 -8.778496 3.783042 0.105905 0.161704 0.546326 0.814962
1649856251.465969 -8.372721 -8.810775 3.886230 0.089219 0.162557 0.571260 0.799548
1649856251.515965 -8.587304 -8.845801 3.990338 0.080876 0.161973 0.593326 0.784339
1649856251.565963 -8.804539 -8.884958 4.094869 0.069507 0.161244 0.610143 0.772589
1649856251.590961 -8.909204 -8.900818 4.148348 0.065467 0.157963 0.614298 0.770324
1649856251.640958 -9.122956 -8.935664 4.257056 0.060824 0.150893 0.618663 0.768627
1649856251.690955 -9.344188 -8.972074 4.369028 0.060320 0.145968 0.620743 0.767941
1649856251.740952 -9.569351 -9.008700 4.482900 0.061727 0.140939 0.621410 0.768229
1649856251.815947 -9.913161 -9.063159 4.655616 0.064162 0.131707 0.619088 0.771535
1649856251.865944 -10.178993 -9.101186 4.729480 0.064430 0.132898 0.618322 0.771923
1649856251.915941 -10.425316 -9.135206 4.835973 0.064300 0.130216 0.615471 0.774664
1649856251.965938 -10.674465 -9.167062 4.933979 0.067169 0.129524 0.613396 0.776181
1649856252.015935 -10.926753 -9.199406 5.041462 0.066648 0.130480 0.609378 0.779225
1649856252.065932 -11.183705 -9.228579 5.150688 0.065505 0.130337 0.606516 0.781575
1649856252.115929 -11.441821 -9.256483 5.259917 0.062891 0.130969 0.599261 0.787260
1649856252.165926 -11.710510 -9.282820 5.368496 0.061355 0.134385 0.593304 0.791307
1649856252.215922 -11.982939 -9.305706 5.479403 0.059523 0.136064 0.587365 0.795579
1649856252.265919 -12.265192 -9.331005 5.592495 0.059468 0.141883 0.575993 0.802848
1649856252.315916 -12.550873 -9.352981 5.705379 0.063913 0.150561 0.563732 0.809601
1649856252.365913 -12.832390 -9.364460 5.818546 0.064827 0.160460 0.555819 0.813090
1649856252.415910 -13.122610 -9.379879 5.928034 0.067914 0.165914 0.549424 0.816084
1649856252.465907 -13.410877 -9.397845 6.036905 0.069585 0.170190 0.543532 0.819003
1649856252.515904 -13.705909 -9.410438 6.143981 0.074357 0.173591 0.537603 0.821779
1649856252.540902 -13.853395 -9.416823 6.197312 0.077529 0.175178 0.533601 0.823755
1649856252.590899 -14.152165 -9.431490 6.304463 0.084830 0.177594 0.524562 0.828311
1649856252.615898 -14.303768 -9.439515 6.357837 0.086790 0.177441 0.520487 0.830708
1649856252.640896 -14.456091 -9.446930 6.409884 0.087669 0.177338 0.517906 0.832249
1649856252.690893 -14.769507 -9.461715 6.512375 0.088812 0.181252 0.515923 0.832516
1649856252.740890 -15.088009 -9.477175 6.614478 0.087395 0.186470 0.517844 0.830318
1649856252.790887 -15.408340 -9.490829 6.716051 0.087785 0.191897 0.515171 0.830703
1649856252.840884 -15.729852 -9.503679 6.819959 0.083889 0.190782 0.513883 0.832159
1649856252.890881 -16.053899 -9.520068 6.925224 0.077398 0.188370 0.512200 0.834373
1649856252.940878 -16.383256 -9.535038 7.035191 0.070138 0.186083 0.512834 0.835138
1649856252.990875 -16.717558 -9.550706 7.146786 0.063652 0.185162 0.512782 0.835894
1649856253.040872 -17.052097 -9.563066 7.261068 0.057813 0.181710 0.514375 0.836097
1649856253.090868 -17.394070 -9.579700 7.375635 0.055085 0.178245 0.515343 0.836431
1649856253.140866 -17.795472 -9.821239 7.601940 0.097988 0.235060 0.716514 0.649425
1649856253.190862 -18.161375 -9.868382 7.735749 0.101958 0.232611 0.713953 0.652508
1649856253.240859 -18.534490 -9.909702 7.873276 0.104798 0.227739 0.711491 0.656454
1649856253.290856 -18.915618 -9.953237 8.010851 0.105632 0.223189 0.709480 0.660050
1649856253.340853 -19.305074 -9.995782 8.149337 0.102798 0.219127 0.709219 0.662137
1649856253.390850 -19.705701 -10.042004 8.287779 0.097591 0.219558 0.708709 0.663327
1649856253.440847 -20.113038 -10.086214 8.424092 0.088803 0.216744 0.711965 0.661998
1649856253.490844 -20.529563 -10.130586 8.561199 0.077703 0.208379 0.720831 0.656463
1649856253.540841 -20.955306 -10.175046 8.698529 0.072005 0.204377 0.726442 0.652171
1649856253.565839 -21.172195 -10.198342 8.768005 0.070598 0.201456 0.729466 0.649855
1649856253.590838 -21.391758 -10.221125 8.837116 0.070456 0.198392 0.732715 0.647152
1649856253.615836 -21.613596 -10.244444 8.908241 0.072445 0.196931 0.735678 0.644009
1649856253.640835 -21.841141 -10.268268 8.974217 0.075611 0.196197 0.737966 0.641246
1649856253.665833 -22.068194 -10.293825 9.046633 0.079154 0.194951 0.740605 0.638148
1649856253.690832 -22.297381 -10.320086 9.119837 0.082574 0.192908 0.743582 0.634865
1649856253.740829 -22.762430 -10.372979 9.266378 0.089292 0.190578 0.748341 0.629041
1649856253.790825 -23.236700 -10.429118 9.415131 0.094382 0.189571 0.752578 0.623523
1649856253.840822 -23.717307 -10.486540 9.563674 0.098438 0.190155 0.754790 0.620035
1649856253.890819 -24.205128 -10.545161 9.715498 0.103316 0.188774 0.757524 0.616317
1649856253.940816 -24.699486 -10.604333 9.869016 0.107573 0.185099 0.759281 0.614540
1649856253.990813 -25.202690 -10.664898 10.023927 0.111913 0.185641 0.758135 0.615015
1649856254.040810 -25.712125 -10.725068 10.182554 0.113750 0.186895 0.757860 0.614638
1649856254.090807 -26.226987 -10.784270 10.340120 0.112704 0.187973 0.757873 0.614485
1649856254.140804 -26.747308 -10.843344 10.497694 0.108958 0.188798 0.757077 0.615888
1649856254.190801 -27.271209 -10.902162 10.655867 0.103225 0.190712 0.752395 0.621994
1649856254.240798 -27.796328 -10.959379 10.814800 0.096441 0.193348 0.742884 0.633592
1649856254.290795 -28.326513 -11.017158 10.977932 0.089127 0.194990 0.730575 0.648302
1649856254.340791 -28.861971 -11.075151 11.137659 0.080303 0.195014 0.716665 0.664765
1649856254.390789 -29.401769 -11.133325 11.298149 0.071718 0.196355 0.699086 0.683798
1649856254.440785 -29.949771 -11.193794 11.455699 0.063467 0.197729 0.677661 0.705444
1649856254.490782 -30.500698 -11.257829 11.615558 0.055454 0.196851 0.653850 0.728460
1649856254.540779 -31.060114 -11.324428 11.771535 0.051545 0.195568 0.627324 0.752038
1649856254.590776 -31.623759 -11.393838 11.930265 0.053247 0.191751 0.596097 0.777859
1649856254.640773 -32.192207 -11.467005 12.091397 0.055437 0.183644 0.564851 0.802586
1649856254.690770 -32.767167 -11.544739 12.252283 0.057851 0.178533 0.536959 0.822468
1649856254.740767 -33.348929 -11.627326 12.410771 0.055321 0.175186 0.513788 0.838016
1649856254.765765 -33.646894 -11.669017 12.491578 0.052528 0.174604 0.502229 0.845293
1649856254.790764 -33.946320 -11.712158 12.572561 0.048495 0.174368 0.490218 0.852602
1649856254.840761 -34.544541 -11.802225 12.733960 0.038640 0.176674 0.464780 0.866760
1649856254.865759 -34.846488 -11.848719 12.816034 0.034115 0.179366 0.451199 0.873546
1649856254.890758 -35.150765 -11.896172 12.899025 0.030085 0.182663 0.437079 0.880165
1649856254.915756 -35.456377 -11.944775 12.982496 0.025639 0.185815 0.423067 0.886471
1649856254.940755 -35.763804 -11.992587 13.065124 0.020980 0.189129 0.408942 0.892500
1649856254.990752 -36.383273 -12.091470 13.229361 0.010908 0.196134 0.380374 0.903730
1649856255.040748 -37.009769 -12.195455 13.395770 -0.003434 0.201491 0.354005 0.913274
1649856255.090745 -37.648460 -12.301406 13.564403 -0.016901 0.210742 0.326824 0.921134
1649856255.115744 -37.970840 -12.356152 13.648914 -0.026446 0.214631 0.315323 0.924016
1649856255.140742 -38.294192 -12.410544 13.732673 -0.037093 0.217393 0.304636 0.926586
1649856255.190739 -38.949628 -12.521475 13.900560 -0.049823 0.222015 0.278068 0.933223
1649856255.240736 -39.612283 -12.632765 14.069749 -0.053282 0.220743 0.244213 0.942758
1649856255.265730 -39.946171 -12.689689 14.154700 -0.054694 0.218156 0.226038 0.947799
1649856255.290729 -40.281713 -12.747325 14.239805 -0.057058 0.215227 0.208618 0.952313
1649856255.340725 -40.961026 -12.864412 14.410455 -0.061040 0.212430 0.177400 0.958998
1649856255.390722 -41.649598 -12.982217 14.582705 -0.060853 0.216015 0.145090 0.963630
1649856255.440719 -42.346812 -13.103928 14.756091 -0.064565 0.218383 0.112525 0.967201
1649856255.465718 -42.696755 -13.164520 14.841411 -0.067227 0.218518 0.095143 0.968854
1649856255.490716 -43.048880 -13.225480 14.927205 -0.070636 0.217969 0.077565 0.970301
1649856255.540713 -43.760927 -13.352067 15.102833 -0.074531 0.217703 0.040668 0.972315
1649856255.565711 -44.120711 -13.415968 15.190736 -0.076068 0.217720 0.022120 0.972791
1649856255.590710 -44.482370 -13.480726 15.278874 -0.077539 0.217853 0.002706 0.972893
1649856255.640707 -45.213152 -13.615710 15.458032 -0.082563 0.218065 -0.038253 0.971683
1649856255.690704 -45.947526 -13.763639 15.638382 -0.089125 0.214599 -0.082045 0.969161
1649856255.740700 -46.695094 -13.912082 15.821601 -0.092607 0.207495 -0.126106 0.965643
1649856255.790697 -47.452332 -14.066379 16.007641 -0.099352 0.202780 -0.168117 0.959555
1649856255.840694 -48.218005 -14.224995 16.196165 -0.105930 0.199967 -0.206380 0.951945
1649856255.890691 -48.992782 -14.387972 16.387989 -0.108505 0.197426 -0.242296 0.943686
1649856255.940688 -49.775365 -14.554801 16.582762 -0.110855 0.195424 -0.274277 0.935036
