# timestamp tx ty tz qx qy qz qw
1649856227.767436 0.006294 -0.031113 0.019366 0.022263 0.021299 -0.000196 0.999525
1649856227.842431 0.007708 -0.030861 0.017868 0.022411 0.021286 0.000735 0.999522
1649856227.867430 -0.018170 -0.020802 0.033168 0.021301 0.020539 -0.007204 0.999536
1649856227.892428 -0.007861 -0.019078 0.013544 0.012526 0.013820 -0.005387 0.999812
1649856227.942425 0.001167 -0.022120 0.009409 0.014854 0.014652 -0.001193 0.999782
1649856227.967423 0.002818 -0.019554 0.012965 0.015468 0.016458 -0.000496 0.999745
1649856227.992422 0.002696 -0.018062 0.016682 0.016808 0.017722 -0.000601 0.999701
1649856228.017420 0.002026 -0.019191 0.016134 0.016433 0.016662 -0.000967 0.999726
1649856228.042419 0.001475 -0.019443 0.016125 0.016137 0.016345 -0.001080 0.999736
1649856228.092416 0.000145 -0.018823 0.016334 0.015942 0.016467 -0.001165 0.999737
1649856228.142413 -0.000584 -0.019312 0.015032 0.016056 0.016516 -0.001147 0.999734
1649856228.192410 -0.001448 -0.018814 0.014689 0.016019 0.016307 -0.001092 0.999738
1649856228.242407 -0.002059 -0.018479 0.013395 0.015906 0.016050 -0.001282 0.999744
1649856228.292403 -0.002915 -0.017382 0.013465 0.015908 0.015999 -0.001169 0.999745
1649856228.342400 -0.003620 -0.016824 0.012836 0.015997 0.016105 -0.001410 0.999741
1649856228.367399 -0.003611 -0.016670 0.013213 0.015973 0.016250 -0.001371 0.999739
1649856228.392397 -0.003758 -0.016452 0.013607 0.015956 0.016256 -0.001363 0.999740
1649856228.442394 -0.005256 -0.015547 0.013343 0.015989 0.016255 -0.001598 0.999739
1649856228.492391 -0.006453 -0.014122 0.014003 0.015967 0.016215 -0.001586 0.999740
1649856228.517390 -0.005841 -0.014896 0.013767 0.015864 0.016270 -0.001798 0.999740
1649856228.542388 -0.005563 -0.015096 0.013771 0.015816 0.016271 -0.001790 0.999741
1649856228.592385 -0.006342 -0.014163 0.014310 0.015795 0.016355 -0.001733 0.999740
1649856228.642382 -0.006853 -0.013962 0.014354 0.015876 0.016472 -0.001841 0.999737
1649856228.692379 -0.007280 -0.013293 0.015114 0.015875 0.016454 -0.001691 0.999737
1649856228.717377 -0.006490 -0.014469 0.014976 0.015870 0.016351 -0.001855 0.999739
1649856228.742376 -0.006138 -0.014988 0.014867 0.015846 0.016289 -0.001858 0.999740
1649856228.792373 -0.006791 -0.014532 0.015015 0.015890 0.016166 -0.001883 0.999741
1649856228.842370 -0.006926 -0.014416 0.014787 0.015810 0.016139 -0.001918 0.999743
1649856228.892366 -0.007040 -0.013761 0.015051 0.015787 0.016128 -0.001714 0.999744
1649856228.942363 -0.006980 -0.013724 0.014720 0.015745 0.016078 -0.001904 0.999745
1649856228.992360 -0.007185 -0.013053 0.015168 0.015693 0.015974 -0.001763 0.999748
1649856229.017359 -0.006181 -0.014263 0.014981 0.015688 0.016036 -0.001919 0.999746
1649856229.042357 -0.005688 -0.014687 0.015079 0.015695 0.016068 -0.001895 0.999746
1649856229.092354 -0.006366 -0.013997 0.015384 0.015719 0.016064 -0.001858 0.999746
1649856229.142351 -0.007142 -0.013628 0.015259 0.015791 0.016124 -0.001987 0.999743
1649856229.192348 -0.007805 -0.012991 0.015442 0.015781 0.016141 -0.001896 0.999743
1649856229.242345 -0.008054 -0.013080 0.015157 0.015768 0.016066 -0.002053 0.999744
1649856229.292342 -0.008471 -0.012682 0.015409 0.015733 0.016086 -0.001931 0.999745
1649856229.317340 -0.007703 -0.014003 0.015072 0.015701 0.016052 -0.002040 0.999746
1649856229.342339 -0.007510 -0.014579 0.014983 0.015719 0.016019 -0.002005 0.999746
1649856229.392335 -0.008229 -0.014034 0.015064 0.015760 0.015876 -0.002014 0.999748
1649856229.417334 -0.007742 -0.014611 0.015069 0.015668 0.015984 -0.002142 0.999747
1649856229.442333 -0.007570 -0.014778 0.015103 0.015669 0.016042 -0.002129 0.999746
1649856229.492329 -0.008275 -0.014079 0.015384 0.015653 0.016040 -0.002159 0.999746
1649856229.542326 -0.008835 -0.013606 0.015379 0.015658 0.016035 -0.002183 0.999746
1649856229.592323 -0.009137 -0.012664 0.015703 0.015728 0.015992 -0.002022 0.999746
1649856229.642320 -0.008851 -0.012289 0.015637 0.015620 0.016070 -0.002086 0.999747
1649856229.692317 -0.008933 -0.011403 0.015942 0.015567 0.016112 -0.002021 0.999747
1649856229.717315 -0.007657 -0.012449 0.015678 0.015604 0.016186 -0.002093 0.999745
1649856229.742314 -0.006922 -0.012834 0.015625 0.015639 0.016177 -0.002026 0.999745
1649856229.792311 -0.007066 -0.012247 0.015923 0.015600 0.016021 -0.001991 0.999748
1649856229.817309 -0.006410 -0.012944 0.015919 0.015559 0.016042 -0.002066 0.999748
1649856229.842308 -0.005998 -0.013112 0.015957 0.015557 0.016064 -0.001986 0.999748
1649856229.892305 -0.006637 -0.012205 0.016135 0.015595 0.016110 -0.001920 0.999747
1649856229.917303 -0.006482 -0.012386 0.015817 0.015674 0.016091 -0.001974 0.999746
1649856229.942302 -0.006583 -0.012183 0.015582 0.015744 0.016079 -0.001936 0.999745
1649856229.992299 -0.007742 -0.010912 0.015549 0.015728 0.016119 -0.001825 0.999745
1649856230.042295 -0.008395 -0.010614 0.015119 0.015736 0.016109 -0.001965 0.999744
1649856230.092292 -0.008792 -0.009751 0.015513 0.015665 0.016067 -0.001853 0.999746
1649856230.142289 -0.008687 -0.009706 0.015509 0.015654 0.016163 -0.001843 0.999745
1649856230.192286 -0.008985 -0.009168 0.016078 0.015659 0.016130 -0.001846 0.999746
1649856230.217285 -0.008277 -0.010141 0.016093 0.015612 0.016082 -0.002093 0.999747
1649856230.242283 -0.007990 -0.010562 0.016210 0.015578 0.016101 -0.002113 0.999747
1649856230.292278 -0.008613 -0.010040 0.016586 0.015543 0.016079 -0.002132 0.999748
1649856230.342275 -0.009135 -0.009576 0.016753 0.015590 0.016078 -0.002180 0.999747
1649856230.392272 -0.009308 -0.008762 0.017336 0.015651 0.016009 -0.002095 0.999747
1649856230.442269 -0.009800 -0.008687 0.017469 0.015576 0.016088 -0.002092 0.999747
1649856230.492266 -0.010138 -0.007954 0.017951 0.015569 0.016074 -0.001963 0.999748
1649856230.517264 -0.009025 -0.008563 0.017843 0.015499 0.016181 -0.002051 0.999747
1649856230.542263 -0.008371 -0.008707 0.017957 0.015505 0.016210 -0.002011 0.999746
1649856230.592259 -0.008653 -0.007681 0.018261 0.015441 0.016324 -0.001962 0.999746
1649856230.642256 -0.009063 -0.006985 0.018044 0.015372 0.016431 -0.002026 0.999745
1649856230.692253 -0.009408 -0.006022 0.018053 0.015431 0.016336 -0.001899 0.999746
1649856230.742250 -0.009957 -0.005574 0.018029 0.015557 0.016183 -0.002014 0.999746
1649856230.792247 -0.010204 -0.004937 0.018017 0.015523 0.016098 -0.002000 0.999748
1649856230.817245 -0.009459 -0.005903 0.017981 0.015504 0.015992 -0.002112 0.999750
1649856230.842244 -0.008985 -0.006064 0.018147 0.015470 0.015949 -0.002057 0.999751
1649856230.892241 -0.009240 -0.005507 0.018034 0.015424 0.015991 -0.002019 0.999751
1649856230.942238 -0.009667 -0.006006 0.017701 0.015378 0.016071 -0.002339 0.999750
1649856230.992235 -0.009632 -0.006273 0.017702 0.015423 0.016058 -0.002170 0.999750
1649856231.042232 -0.009892 -0.006286 0.017853 0.015355 0.016088 -0.002382 0.999750
1649856231.092228 -0.010143 -0.005856 0.018486 0.015299 0.016110 -0.002250 0.999751
1649856231.142225 -0.010331 -0.005863 0.018705 0.015256 0.016137 -0.002459 0.999750
1649856231.192222 -0.010329 -0.005487 0.019593 0.015238 0.016102 -0.002358 0.999751
1649856231.242219 -0.010394 -0.006222 0.019701 0.015163 0.016108 -0.002515 0.999752
1649856231.292216 -0.010337 -0.006181 0.020147 0.015215 0.016042 -0.002358 0.999753
1649856231.342213 -0.010800 -0.006803 0.020487 0.015191 0.016093 -0.002476 0.999752
1649856231.392210 -0.011015 -0.006342 0.021151 0.015195 0.016044 -0.002420 0.999753
1649856231.417208 -0.010244 -0.007330 0.021324 0.015094 0.016124 -0.002552 0.999753
1649856231.442207 -0.008232 -0.009086 0.020664 0.015267 0.016043 -0.002203 0.999752
1649856231.492203 -0.007553 -0.010263 0.020165 0.015329 0.016110 -0.002006 0.999751
1649856231.517202 -0.006587 -0.011642 0.019617 0.015275 0.016192 -0.002003 0.999750
1649856231.592197 -0.002074 -0.015316 0.017846 0.015196 0.016153 -0.001831 0.999752
1649856231.642194 -0.002200 -0.014254 0.017072 0.015115 0.016095 -0.001669 0.999755
1649856231.692191 -0.003264 -0.012557 0.016733 0.015284 0.016110 -0.001681 0.999752
1649856231.717190 -0.003960 -0.011409 0.016701 0.015396 0.016153 -0.001852 0.999749
1649856231.742188 -0.004655 -0.011531 0.016512 0.015542 0.016133 -0.001797 0.999747
1649856231.792185 -0.006233 -0.010597 0.016579 0.015595 0.016123 -0.001722 0.999747
1649856231.842182 -0.008197 -0.008072 0.017192 0.015558 0.016052 -0.002064 0.999748
1649856231.892179 -0.009891 -0.005535 0.018050 0.015441 0.015930 -0.002079 0.999752
1649856231.942176 -0.010976 -0.004429 0.018352 0.015358 0.016054 -0.002314 0.999751
1649856231.992172 -0.011383 -0.003151 0.019110 0.015326 0.015993 -0.002223 0.999752
1649856232.042169 -0.011697 -0.003101 0.019343 0.015292 0.016013 -0.002418 0.999752
1649856232.092166 -0.011644 -0.002841 0.019680 0.015313 0.016043 -0.002351 0.999751
1649856232.142163 -0.011561 -0.003510 0.019503 0.015322 0.016018 -0.002527 0.999751
1649856232.192160 -0.011292 -0.003536 0.019284 0.015351 0.016091 -0.002315 0.999750
1649856232.217158 -0.009444 -0.005250 0.018587 0.015409 0.016051 -0.002339 0.999750
1649856232.242157 -0.007253 -0.007884 0.017675 0.015512 0.015948 -0.002047 0.999750
1649856232.292154 -0.006304 -0.010168 0.017155 0.015542 0.015857 -0.001842 0.999752
1649856232.342151 -0.006666 -0.010271 0.016746 0.015429 0.015956 -0.002010 0.999752
1649856232.392148 -0.006919 -0.009767 0.016393 0.015420 0.016067 -0.001899 0.999750
1649856232.442144 -0.007435 -0.009576 0.015994 0.015411 0.016159 -0.002060 0.999749
1649856232.492141 -0.007840 -0.008947 0.016033 0.015362 0.016260 -0.001915 0.999748
1649856232.542138 -0.008274 -0.008827 0.015945 0.015491 0.016247 -0.002094 0.999746
1649856232.592135 -0.008520 -0.008133 0.015868 0.015522 0.016227 -0.002005 0.999746
1649856232.617134 -0.007655 -0.008770 0.015660 0.015463 0.016146 -0.002097 0.999748
1649856232.642132 -0.006550 -0.010350 0.015346 0.015503 0.016083 -0.001894 0.999749
1649856232.692129 -0.006660 -0.011195 0.015236 0.015529 0.016092 -0.001767 0.999748
1649856232.717127 -0.006252 -0.012277 0.015078 0.015630 0.016193 -0.001881 0.999745
1649856232.742126 -0.005892 -0.012940 0.015063 0.015675 0.016200 -0.001829 0.999744
1649856232.792123 -0.006303 -0.013174 0.015242 0.015722 0.016135 -0.001848 0.999744
1649856232.842120 -0.007310 -0.012125 0.015666 0.015731 0.016093 -0.002110 0.999745
1649856232.892117 -0.008486 -0.010137 0.016427 0.015669 0.016087 -0.002034 0.999746
1649856232.942113 -0.009060 -0.008670 0.016727 0.015581 0.016068 -0.002252 0.999747
1649856232.992110 -0.008999 -0.006747 0.017341 0.015540 0.015993 -0.002073 0.999749
1649856233.042107 -0.009106 -0.006151 0.017195 0.015408 0.016074 -0.002297 0.999749
1649856233.092104 -0.008783 -0.004813 0.017479 0.015430 0.016070 -0.002140 0.999750
1649856233.117103 -0.008134 -0.005628 0.017504 0.015375 0.016011 -0.002321 0.999751
1649856233.142101 -0.007415 -0.007527 0.017297 0.015375 0.015911 -0.002165 0.999753
1649856233.192098 -0.007598 -0.008593 0.017237 0.015352 0.015883 -0.002054 0.999754
1649856233.242095 -0.008793 -0.007964 0.017123 0.015251 0.015921 -0.002448 0.999754
1649856233.292092 -0.009711 -0.006826 0.017297 0.015248 0.015908 -0.002475 0.999754
1649856233.342089 -0.010915 -0.005221 0.017379 0.015176 0.016011 -0.002851 0.999753
1649856233.417084 -0.011379 -0.004014 0.017594 0.015231 0.015887 -0.003232 0.999753
1649856233.467081 -0.006008 -0.012129 0.019361 0.014766 0.015502 -0.001485 0.999770
1649856233.517078 -0.005375 -0.014184 0.018801 0.014920 0.015643 -0.001778 0.999765
1649856233.567075 -0.004812 -0.015413 0.018519 0.015001 0.015537 -0.001422 0.999766
1649856233.617071 -0.004790 -0.015964 0.018299 0.015153 0.015765 -0.001542 0.999760
1649856233.667068 -0.004667 -0.016524 0.018234 0.015270 0.015753 -0.001295 0.999758
1649856233.717065 -0.004736 -0.016305 0.017949 0.015252 0.015973 -0.001495 0.999755
1649856233.742064 -0.004188 -0.016435 0.017510 0.015283 0.016171 -0.001422 0.999751
1649856233.767062 -0.004344 -0.015825 0.017310 0.015280 0.016456 -0.001482 0.999747
1649856233.792061 -0.004429 -0.015121 0.017024 0.015277 0.016705 -0.001626 0.999742
1649856233.842057 -0.005597 -0.012715 0.016628 0.015269 0.016743 -0.001970 0.999741
1649856233.892054 -0.006365 -0.010040 0.016423 0.015306 0.016664 -0.002091 0.999742
1649856233.942051 -0.006654 -0.008584 0.016026 0.015385 0.016582 -0.002161 0.999742
1649856233.992048 -0.006860 -0.006957 0.016093 0.015290 0.016479 -0.001959 0.999745
1649856234.042045 -0.007011 -0.005880 0.016353 0.015454 0.016279 -0.002066 0.999746
1649856234.092042 -0.007181 -0.004374 0.017014 0.015459 0.016195 -0.001987 0.999747
1649856234.117040 -0.006036 -0.006063 0.016858 0.015494 0.016123 -0.002096 0.999748
1649856234.142039 -0.005284 -0.009317 0.016923 0.015584 0.016038 -0.001964 0.999748
1649856234.192036 -0.005451 -0.011474 0.017109 0.015643 0.015970 -0.001781 0.999749
1649856234.242033 -0.006427 -0.011369 0.016946 0.015508 0.016029 -0.002006 0.999749
1649856234.292030 -0.007322 -0.010506 0.017041 0.015482 0.016176 -0.001941 0.999747
1649856234.342026 -0.007468 -0.010477 0.016546 0.015529 0.016233 -0.002117 0.999745
1649856234.392023 -0.007140 -0.009368 0.016447 0.015506 0.016242 -0.001822 0.999746
1649856234.442020 -0.007054 -0.008117 0.015911 0.015479 0.016155 -0.002015 0.999748
1649856234.467019 -0.006141 -0.007362 0.015874 0.015462 0.016126 -0.001899 0.999749
1649856234.492017 -0.005784 -0.006842 0.015978 0.015433 0.016030 -0.001771 0.999751
1649856234.542014 -0.006394 -0.006126 0.015973 0.015473 0.015948 -0.001956 0.999751
1649856234.592011 -0.006954 -0.005558 0.016035 0.015492 0.015914 -0.001947 0.999751
1649856234.617009 -0.006749 -0.006823 0.016132 0.015511 0.016027 -0.002104 0.999749
1649856234.642008 -0.006101 -0.009234 0.015783 0.015583 0.016069 -0.001906 0.999748
1649856234.692005 -0.006496 -0.011068 0.015663 0.015653 0.016104 -0.001711 0.999746
1649856234.742002 -0.007828 -0.011040 0.015533 0.015569 0.016098 -0.002009 0.999747
1649856234.767000 -0.007990 -0.011042 0.015868 0.015526 0.016024 -0.001951 0.999749
1649856234.791999 -0.008053 -0.010956 0.016202 0.015499 0.015869 -0.001974 0.999752
1649856234.841995 -0.008780 -0.010211 0.016120 0.015365 0.015699 -0.002191 0.999756
1649856234.891992 -0.008802 -0.009180 0.016161 0.015356 0.015631 -0.002070 0.999758
1649856234.941989 -0.009209 -0.008155 0.016116 0.015306 0.015721 -0.002505 0.999756
1649856234.991986 -0.009088 -0.006714 0.016643 0.015290 0.015708 -0.002398 0.999757
1649856235.016984 -0.008688 -0.006999 0.016685 0.015271 0.015803 -0.002517 0.999755
1649856235.041983 -0.007010 -0.008768 0.016046 0.015362 0.015704 -0.002059 0.999757
1649856235.091980 -0.006998 -0.009388 0.015930 0.015379 0.015596 -0.001784 0.999759
1649856235.116978 -0.005938 -0.011066 0.015508 0.015437 0.015496 -0.001878 0.999759
1649856235.141977 -0.005260 -0.012255 0.015317 0.015495 0.015465 -0.001790 0.999759
1649856235.191973 -0.005387 -0.013011 0.015126 0.015510 0.015443 -0.001727 0.999759
1649856235.241970 -0.006813 -0.011519 0.015378 0.015499 0.015544 -0.001959 0.999757
1649856235.291967 -0.007882 -0.009530 0.015804 0.015437 0.015642 -0.001998 0.999756
1649856235.341964 -0.008690 -0.008400 0.015839 0.015486 0.015788 -0.002288 0.999753
1649856235.366963 -0.008309 -0.007937 0.016150 0.015442 0.015946 -0.002223 0.999751
1649856235.416960 -0.008289 -0.007688 0.016343 0.015427 0.015960 -0.002356 0.999751
1649856235.491955 -0.001975 -0.012406 0.017623 0.014980 0.015632 -0.001515 0.999764
1649856235.541952 -0.002525 -0.012320 0.017601 0.014977 0.015587 -0.001559 0.999765
1649856235.566950 -0.002755 -0.011950 0.017460 0.015152 0.015423 -0.001533 0.999765
1649856235.591949 -0.003370 -0.011338 0.017580 0.015317 0.015506 -0.001556 0.999761
1649856235.641946 -0.004889 -0.010029 0.017634 0.015338 0.015596 -0.001763 0.999759
1649856235.691942 -0.006345 -0.008718 0.017619 0.015363 0.015706 -0.001783 0.999757
1649856235.741939 -0.007250 -0.007602 0.017482 0.015410 0.015759 -0.002070 0.999755
1649856235.791936 -0.007847 -0.006139 0.017612 0.015423 0.015777 -0.001983 0.999755
1649856235.841933 -0.008160 -0.005577 0.016874 0.015333 0.015889 -0.002173 0.999754
1649856235.891930 -0.008547 -0.004452 0.017186 0.015311 0.015947 -0.002066 0.999753
1649856235.941927 -0.009278 -0.003763 0.017152 0.015292 0.015722 -0.002359 0.999757
1649856235.966925 -0.008746 -0.003979 0.017432 0.015296 0.015637 -0.002228 0.999758
1649856235.991924 -0.008335 -0.004469 0.017248 0.015341 0.015637 -0.002184 0.999758
1649856236.041921 -0.009434 -0.004176 0.017110 0.015292 0.015740 -0.002327 0.999756
1649856236.091918 -0.010039 -0.003786 0.017562 0.015274 0.015803 -0.002250 0.999756
1649856236.141915 -0.011072 -0.003371 0.018399 0.015246 0.015884 -0.002655 0.999754
1649856236.191911 -0.011552 -0.002565 0.019581 0.015140 0.015945 -0.002724 0.999755
1649856236.241908 -0.012079 -0.002743 0.019288 0.015085 0.015841 -0.002965 0.999756
1649856236.291907 -0.012425 -0.002531 0.019651 0.015069 0.015872 -0.002863 0.999756
1649856236.316906 -0.011512 -0.004012 0.019545 0.015086 0.015811 -0.002960 0.999757
1649856236.341904 -0.009648 -0.006856 0.019201 0.015197 0.015528 -0.002486 0.999761
1649856236.391901 -0.008760 -0.009169 0.018929 0.015287 0.015295 -0.002129 0.999764
1649856236.441898 -0.009382 -0.009479 0.018898 0.015180 0.015611 -0.002523 0.999760
1649856236.466896 -0.009147 -0.009749 0.018722 0.015153 0.015880 -0.002523 0.999756
1649856236.491895 -0.008750 -0.009963 0.018615 0.015145 0.016081 -0.002512 0.999753
1649856236.516893 -0.008437 -0.010297 0.018613 0.015187 0.015978 -0.002540 0.999754
1649856236.541892 -0.006584 -0.011674 0.017759 0.015288 0.015723 -0.002066 0.999757
1649856236.591889 -0.006126 -0.012449 0.017353 0.015343 0.015308 -0.001656 0.999764
1649856236.641886 -0.006809 -0.011754 0.017041 0.015385 0.015133 -0.001906 0.999765
1649856236.666884 -0.006941 -0.011303 0.016940 0.015399 0.014979 -0.001858 0.999767
1649856236.691882 -0.006947 -0.010956 0.016750 0.015418 0.015002 -0.001864 0.999767
1649856236.741879 -0.007609 -0.009375 0.016055 0.015426 0.015219 -0.002144 0.999763
1649856236.791876 -0.008026 -0.007926 0.015814 0.015411 0.015618 -0.002112 0.999757
1649856236.841873 -0.007749 -0.007567 0.015247 0.015476 0.015805 -0.002260 0.999753
1649856236.891870 -0.008223 -0.006585 0.014954 0.015443 0.015802 -0.002089 0.999754
1649856236.941867 -0.008761 -0.007034 0.014846 0.015483 0.015911 -0.002329 0.999751
1649856236.991864 -0.009115 -0.007206 0.015678 0.015485 0.015891 -0.002226 0.999751
1649856237.041861 -0.009681 -0.008305 0.016055 0.015511 0.015882 -0.002416 0.999751
1649856237.091857 -0.009841 -0.008436 0.016521 0.015428 0.015848 -0.002207 0.999753
1649856237.116856 -0.008898 -0.009887 0.016565 0.015406 0.015828 -0.002308 0.999753
1649856237.141855 -0.006920 -0.011842 0.016254 0.015468 0.015735 -0.001995 0.999755
1649856237.166853 -0.005615 -0.013605 0.016094 0.015500 0.015684 -0.001850 0.999755
1649856237.241848 -0.006602 -0.013114 0.016806 0.015530 0.015657 -0.002114 0.999755
1649856237.291845 -0.007209 -0.012128 0.017162 0.015467 0.015835 -0.002014 0.999753
1649856237.316844 -0.006641 -0.012337 0.017136 0.015441 0.015859 -0.002188 0.999753
1649856237.366840 -0.004577 -0.014225 0.019050 0.015151 0.015826 -0.001681 0.999759
1649856237.416837 -0.004577 -0.014696 0.018895 0.015176 0.015916 -0.001827 0.999756
1649856237.466834 -0.004455 -0.015223 0.018999 0.015240 0.015852 -0.001731 0.999757
1649856237.516831 -0.004705 -0.015671 0.018747 0.015274 0.015851 -0.001898 0.999756
1649856237.566828 -0.004689 -0.015690 0.018682 0.015330 0.015739 -0.001660 0.999757
1649856237.616825 -0.004942 -0.015336 0.018406 0.015358 0.015810 -0.001833 0.999755
1649856237.641823 -0.004681 -0.015390 0.018054 0.015435 0.015802 -0.001760 0.999754
1649856237.691820 -0.005618 -0.014205 0.017830 0.015497 0.015834 -0.001813 0.999753
1649856237.716819 -0.005750 -0.014207 0.017543 0.015512 0.015813 -0.001972 0.999753
1649856237.741817 -0.005714 -0.014105 0.017370 0.015533 0.015729 -0.001926 0.999754
1649856237.791814 -0.006402 -0.013246 0.017537 0.015562 0.015609 -0.001905 0.999755
1649856237.841811 -0.008188 -0.011428 0.017495 0.015516 0.015694 -0.002085 0.999754
1649856237.891808 -0.009501 -0.009521 0.018055 0.015477 0.015598 -0.002101 0.999756
1649856237.941805 -0.010755 -0.008855 0.018571 0.015469 0.015612 -0.002401 0.999756
1649856237.991802 -0.011231 -0.007658 0.019030 0.015468 0.015532 -0.002426 0.999757
1649856238.041799 -0.011177 -0.007175 0.019150 0.015460 0.015480 -0.002667 0.999757
1649856238.066797 -0.010571 -0.007308 0.019611 0.015449 0.015478 -0.002577 0.999758
1649856238.091795 -0.010042 -0.007322 0.019963 0.015438 0.015443 -0.002552 0.999758
1649856238.141792 -0.010942 -0.006816 0.020683 0.015356 0.015474 -0.002724 0.999759
1649856238.191789 -0.011375 -0.006360 0.021386 0.015277 0.015521 -0.002611 0.999759
1649856238.241786 -0.011149 -0.007335 0.021660 0.015165 0.015455 -0.002685 0.999762
1649856238.291783 -0.011051 -0.007785 0.022385 0.015109 0.015345 -0.002476 0.999765
1649856238.341780 -0.010905 -0.007692 0.022642 0.015005 0.015379 -0.002659 0.999766
1649856238.391777 -0.010769 -0.007242 0.023020 0.015031 0.015497 -0.002598 0.999764
1649856238.441773 -0.010886 -0.007078 0.023318 0.014932 0.015466 -0.002723 0.999765
1649856238.491771 -0.011044 -0.006244 0.023856 0.014917 0.015521 -0.002720 0.999765
1649856238.541767 -0.011565 -0.007074 0.023200 0.014776 0.015740 -0.002856 0.999763
1649856238.591764 -0.011715 -0.006944 0.022911 0.014799 0.015868 -0.002724 0.999761
1649856238.616763 -0.010879 -0.007902 0.022473 0.014869 0.015836 -0.002814 0.999760
1649856238.641761 -0.009233 -0.009879 0.021668 0.014990 0.015728 -0.002559 0.999761
1649856238.691758 -0.008466 -0.011440 0.021211 0.015107 0.015599 -0.002337 0.999761
1649856238.716756 -0.007638 -0.012865 0.021234 0.015196 0.015562 -0.002283 0.999761
1649856238.741755 -0.006893 -0.013614 0.021267 0.015224 0.015505 -0.002134 0.999762
1649856238.791752 -0.006669 -0.013960 0.021591 0.015241 0.015461 -0.002024 0.999762
1649856238.816750 -0.005993 -0.014398 0.021745 0.015194 0.015461 -0.002055 0.999763
1649856238.841749 -0.005275 -0.014664 0.021742 0.015217 0.015428 -0.001982 0.999763
1649856238.891746 -0.005267 -0.014212 0.021731 0.015253 0.015342 -0.001918 0.999764
1649856238.941742 -0.006413 -0.012579 0.021744 0.015240 0.015209 -0.002084 0.999766
1649856238.991739 -0.007441 -0.010397 0.021916 0.015273 0.015107 -0.002152 0.999767
1649856239.016738 -0.007624 -0.009927 0.022103 0.015235 0.015177 -0.002266 0.999766
1649856239.041736 -0.006866 -0.010777 0.021598 0.015304 0.015176 -0.002059 0.999766
1649856239.091733 -0.006892 -0.010624 0.021489 0.015310 0.015188 -0.001887 0.999766
1649856239.141730 -0.008046 -0.009532 0.021589 0.015211 0.015309 -0.002117 0.999765
1649856239.166728 -0.008475 -0.009200 0.021941 0.015095 0.015391 -0.002103 0.999765
1649856239.191727 -0.008761 -0.008992 0.021984 0.014996 0.015541 -0.002115 0.999765
1649856239.216725 -0.008930 -0.009277 0.021795 0.014979 0.015628 -0.002265 0.999763
1649856239.241724 -0.007935 -0.010359 0.021205 0.015061 0.015660 -0.002057 0.999762
1649856239.291721 -0.007743 -0.010835 0.020719 0.015130 0.015568 -0.001851 0.999763
1649856239.341718 -0.008972 -0.010109 0.020805 0.015133 0.015486 -0.002183 0.999763
1649856239.366716 -0.009355 -0.010163 0.020888 0.015124 0.015505 -0.002211 0.999763
1649856239.441711 -0.010836 -0.009548 0.020446 0.015006 0.015377 -0.002560 0.999766
1649856239.491708 -0.011150 -0.009778 0.020050 0.015017 0.015488 -0.002491 0.999764
1649856239.541705 -0.011792 -0.009810 0.020103 0.015112 0.015515 -0.002731 0.999762
1649856239.591702 -0.011896 -0.009508 0.020364 0.015191 0.015444 -0.002677 0.999762
1649856239.641699 -0.011932 -0.009323 0.020647 0.015181 0.015413 -0.002805 0.999762
1649856239.691696 -0.011624 -0.008843 0.021083 0.015181 0.015373 -0.002611 0.999763
1649856239.716694 -0.011216 -0.009174 0.021223 0.015144 0.015314 -0.002729 0.999764
1649856239.766691 -0.007503 -0.011017 0.021708 0.015116 0.014891 -0.001933 0.999773
1649856239.816688 -0.006106 -0.011925 0.020868 0.015304 0.014934 -0.002033 0.999769
1649856239.866685 -0.005147 -0.012677 0.020548 0.015393 0.014908 -0.001878 0.999769
1649856239.916682 -0.004609 -0.013548 0.019608 0.015235 0.015023 -0.001767 0.999770
1649856239.966679 -0.003693 -0.014871 0.018856 0.014026 0.014305 -0.001600 0.999798
1649856240.016676 -0.002854 -0.016599 0.018296 0.012925 0.013257 -0.000895 0.999828
1649856240.066673 -0.002172 -0.017278 0.017977 0.012732 0.013288 0.001179 0.999830
1649856240.116669 -0.001032 -0.017401 0.017317 0.011674 0.013127 0.002509 0.999843
1649856240.166666 0.000381 -0.016773 0.015768 0.011285 0.014191 0.004456 0.999826
1649856240.216663 0.002031 -0.015878 0.012549 0.012741 0.016652 0.006306 0.999760
1649856240.241662 0.003677 -0.016648 0.009945 0.012202 0.017024 0.007596 0.999752
1649856240.291660 0.005697 -0.014849 0.003756 0.019397 0.015068 0.007254 0.999672
1649856240.341656 0.007446 -0.011493 -0.004580 0.025060 0.007039 0.002089 0.999659
1649856240.391653 0.008765 -0.007515 -0.017395 0.023936 -0.003072 -0.002138 0.999706
1649856240.416652 0.009197 -0.004348 -0.025516 0.026752 -0.006172 -0.004319 0.999614
1649856240.441650 0.010844 -0.005511 -0.034486 0.028141 -0.007586 -0.004990 0.999563
1649856240.491647 0.013754 0.001223 -0.053503 0.031728 -0.007521 -0.005463 0.999453
1649856240.541644 0.015621 0.016398 -0.075899 0.034797 -0.007337 -0.006009 0.999349
1649856240.591641 0.019694 0.035979 -0.098834 0.037926 -0.008392 -0.010217 0.999193
1649856240.641638 0.025009 0.060435 -0.121724 0.042205 -0.005947 -0.019021 0.998910
1649856240.691635 0.030497 0.088833 -0.143747 0.042977 0.000148 -0.025840 0.998742
1649856240.741632 0.036452 0.120917 -0.167207 0.039886 0.009066 -0.028679 0.998751
1649856240.791629 0.042232 0.157785 -0.188262 0.038540 0.019808 -0.030081 0.998608
1649856240.816627 0.045527 0.175509 -0.199891 0.037987 0.024682 -0.031869 0.998465
1649856240.841626 0.046902 0.191442 -0.210419 0.038052 0.030359 -0.035380 0.998188
1649856240.891623 0.049069 0.226954 -0.231445 0.037899 0.040996 -0.046445 0.997359
1649856240.941619 0.049257 0.269723 -0.250751 0.039244 0.050198 -0.060525 0.996131
1649856240.991616 0.048507 0.314140 -0.265368 0.039537 0.058028 -0.076064 0.994627
1649856241.016615 0.048624 0.335729 -0.271953 0.040316 0.061002 -0.085606 0.993642
1649856241.041613 0.047695 0.358033 -0.277270 0.042203 0.062674 -0.094593 0.992644
1649856241.091610 0.045580 0.403974 -0.288605 0.045186 0.064381 -0.111535 0.990643
1649856241.141607 0.041734 0.449291 -0.298559 0.049583 0.064299 -0.132548 0.987845
1649856241.191604 0.037078 0.493550 -0.307328 0.054644 0.063082 -0.154551 0.984453
1649856241.241601 0.030333 0.537256 -0.313883 0.058535 0.066523 -0.174096 0.980734
1649856241.291598 0.021446 0.579314 -0.319135 0.058820 0.072056 -0.191478 0.977079
1649856241.341595 0.011428 0.619700 -0.320631 0.057281 0.079421 -0.208397 0.973130
1649856241.391592 -0.000207 0.656951 -0.317590 0.051407 0.086570 -0.224499 0.969259
1649856241.441589 -0.013001 0.692812 -0.311776 0.045298 0.093752 -0.240100 0.965148
1649856241.491585 -0.026168 0.727795 -0.304238 0.040264 0.100374 -0.256186 0.960558
1649856241.541583 -0.039963 0.761500 -0.294417 0.035997 0.104586 -0.274094 0.955321
1649856241.591579 -0.052640 0.791719 -0.284786 0.028684 0.105573 -0.288738 0.951137
1649856241.641576 -0.064866 0.821920 -0.273354 0.024069 0.100250 -0.301387 0.947912
1649856241.691573 -0.064561 0.850685 -0.256694 0.022375 0.088761 -0.314244 0.944919
1649856241.716572 -0.066385 0.864458 -0.247223 0.021495 0.080076 -0.320761 0.943525
1649856241.741570 -0.070044 0.876173 -0.238076 0.020571 0.069478 -0.326331 0.942474
1649856241.766569 -0.072795 0.885837 -0.229788 0.019619 0.059018 -0.333648 0.940644
1649856241.791567 -0.079196 0.894740 -0.222922 0.016193 0.050004 -0.340642 0.938723
1649856241.841564 -0.093360 0.911044 -0.209966 0.010495 0.032644 -0.350461 0.935949
1649856241.891561 -0.091465 0.927313 -0.199047 0.009463 0.016349 -0.354504 0.934864
1649856241.916559 -0.091428 0.934146 -0.192795 0.007777 0.007807 -0.355512 0.934607
1649856241.941558 -0.093206 0.939158 -0.186977 0.011209 -0.001514 -0.356218 0.934334
1649856241.991555 -0.097090 0.947865 -0.179073 0.016939 -0.018903 -0.359203 0.932914
1649856242.041552 -0.100177 0.953515 -0.173502 0.023300 -0.031065 -0.360133 0.932093
1649856242.091549 -0.098441 0.957458 -0.168353 0.021721 -0.033940 -0.354428 0.934215
1649856242.141546 -0.097110 0.962269 -0.165271 0.021590 -0.032318 -0.338652 0.940109
1649856242.191542 -0.094585 0.967129 -0.164563 0.024431 -0.030457 -0.321846 0.945987
1649856242.241539 -0.092590 0.970674 -0.166048 0.029479 -0.029117 -0.315469 0.948031
1649856242.291536 -0.089240 0.974731 -0.170950 0.036729 -0.023892 -0.311060 0.949380
1649856242.316535 -0.087896 0.977321 -0.173273 0.038747 -0.020004 -0.307294 0.950615
1649856242.341533 -0.087563 0.979747 -0.177963 0.043058 -0.017302 -0.301652 0.952288
1649856242.391530 -0.084980 0.984198 -0.184631 0.054716 -0.011487 -0.291158 0.955040
1649856242.441527 -0.083069 0.987246 -0.190596 0.063923 -0.010688 -0.285345 0.956231
1649856242.491524 -0.079388 0.987161 -0.196612 0.066855 -0.015183 -0.285053 0.956057
1649856242.541521 -0.077994 0.987459 -0.201591 0.068952 -0.021854 -0.288281 0.954810
1649856242.591518 -0.079161 0.989959 -0.205004 0.073827 -0.027322 -0.290583 0.953606
1649856242.641515 -0.082770 0.992361 -0.208754 0.077073 -0.031177 -0.292722 0.952576
1649856242.691512 -0.087858 0.995381 -0.212007 0.081870 -0.031035 -0.296340 0.951061
1649856242.741508 -0.095824 1.001303 -0.216056 0.085310 -0.027683 -0.300113 0.949678
1649856242.791506 -0.104168 1.009949 -0.219662 0.090928 -0.024177 -0.302168 0.948600
1649856242.841502 -0.114452 1.020691 -0.221362 0.099086 -0.020357 -0.306759 0.946397
1649856242.891499 -0.116728 1.040045 -0.218494 0.107386 -0.015627 -0.314219 0.943128
1649856242.916498 -0.123576 1.049693 -0.218936 0.109915 -0.012363 -0.319766 0.941018
1649856242.966495 -0.141361 1.067803 -0.219915 0.111974 -0.005239 -0.327608 0.938140
1649856243.016492 -0.166285 1.087465 -0.217839 0.112867 0.000478 -0.337144 0.934663
1649856243.066489 -0.194017 1.105411 -0.213456 0.114669 0.004579 -0.354991 0.927799
1649856243.091487 -0.209339 1.113915 -0.210113 0.114135 0.006733 -0.366860 0.923224
1649856243.141484 -0.243603 1.131072 -0.204842 0.108885 0.012276 -0.392339 0.913271
1649856243.166482 -0.261258 1.139757 -0.200979 0.104858 0.016990 -0.406554 0.907430
1649856243.191481 -0.278552 1.148193 -0.197045 0.100773 0.021756 -0.420667 0.901338
1649856243.241478 -0.314585 1.164212 -0.187551 0.094655 0.031073 -0.447827 0.888553
1649856243.291475 -0.351417 1.177300 -0.176720 0.085712 0.038547 -0.471192 0.877010
1649856243.341472 -0.389346 1.187452 -0.164258 0.076696 0.040407 -0.497874 0.862906
1649856243.391469 -0.429108 1.192204 -0.149432 0.065224 0.036740 -0.524774 0.847944
1649856243.416467 -0.448638 1.193838 -0.142837 0.063005 0.032235 -0.536393 0.840996
1649856243.441465 -0.467117 1.196443 -0.129878 0.058004 0.028437 -0.546944 0.834673
1649856243.491462 -0.509248 1.196606 -0.111422 0.046247 0.015647 -0.571071 0.819447
1649856243.541459 -0.553652 1.193297 -0.093847 0.038038 0.000696 -0.598511 0.800211
1649856243.591456 -0.599005 1.186890 -0.077211 0.032856 -0.013742 -0.622705 0.781646
1649856243.641453 -0.647540 1.178815 -0.061232 0.025334 -0.022672 -0.645889 0.762674
1649856243.691450 -0.698054 1.171044 -0.045057 0.016786 -0.027948 -0.668248 0.743224
1649856243.716449 -0.723305 1.166102 -0.036251 0.013904 -0.029829 -0.679068 0.733337
1649856243.741447 -0.748297 1.159381 -0.025746 0.012141 -0.030631 -0.688893 0.724114
1649856243.791444 -0.798323 1.146904 -0.011484 0.010456 -0.030941 -0.705411 0.708046
1649856243.841441 -0.845632 1.133057 0.000730 0.013432 -0.033540 -0.722728 0.690188
1649856243.891438 -0.887119 1.116473 0.010384 0.018147 -0.037805 -0.738462 0.672989
1649856243.941435 -0.924683 1.096306 0.017230 0.021305 -0.043098 -0.749902 0.659800
1649856243.991431 -0.954052 1.073716 0.022658 0.026511 -0.048600 -0.756502 0.651644
1649856244.041429 -0.972603 1.048758 0.026034 0.032452 -0.052281 -0.762171 0.644444
1649856244.091425 -0.991869 1.019340 0.028837 0.040201 -0.053851 -0.766715 0.638460
1649856244.141422 -1.009733 0.986084 0.032714 0.046693 -0.050149 -0.772474 0.631338
1649856244.166421 -1.018846 0.968571 0.034272 0.046758 -0.045244 -0.774278 0.629492
1649856244.191419 -1.027950 0.948943 0.035612 0.045552 -0.039761 -0.775034 0.629020
1649856244.241416 -1.045652 0.906845 0.038628 0.043228 -0.031267 -0.777242 0.626936
1649856244.291413 -1.060135 0.860041 0.042580 0.043081 -0.027086 -0.777913 0.626308
1649856244.341410 -1.072367 0.809152 0.047179 0.043049 -0.022692 -0.778002 0.626374
1649856244.391407 -1.081326 0.755639 0.050809 0.040219 -0.016811 -0.776542 0.628556
1649856244.441404 -1.089645 0.701228 0.051124 0.037154 -0.009807 -0.775865 0.629727
1649856244.491401 -1.095870 0.647546 0.049232 0.037960 -0.002416 -0.776350 0.629153
1649856244.516399 -1.098339 0.620916 0.047488 0.037156 0.002475 -0.777100 0.628274
1649856244.541398 -1.100413 0.592637 0.044612 0.035818 0.007729 -0.778047 0.627136
1649856244.591395 -1.107119 0.540175 0.040292 0.033919 0.017315 -0.778638 0.626317
1649856244.641392 -1.113502 0.489513 0.036706 0.031474 0.021329 -0.778987 0.625886
1649856244.691388 -1.117853 0.436893 0.034723 0.024491 0.019887 -0.778286 0.627117
1649856244.741385 -1.123319 0.383215 0.033257 0.013212 0.016796 -0.777418 0.628621
1649856244.791382 -1.127381 0.328693 0.033433 0.001847 0.016425 -0.775733 0.630845
1649856244.841379 -1.132468 0.273712 0.035803 -0.002962 0.018547 -0.774825 0.631896
1649856244.891376 -1.136650 0.217318 0.038211 -0.001909 0.023854 -0.773709 0.633089
1649856244.941373 -1.142174 0.158359 0.038973 0.002582 0.029686 -0.772933 0.633788
1649856244.991370 -1.146376 0.098847 0.038632 0.006742 0.035005 -0.769846 0.637233
1649856245.041367 -1.152351 0.038588 0.036672 0.011012 0.039801 -0.766588 0.640811
1649856245.091364 -1.166811 -0.029190 0.038423 0.014647 0.042539 -0.762655 0.645238
1649856245.141361 -1.171103 -0.088028 0.033435 0.018048 0.042290 -0.761413 0.646635
1649856245.166359 -1.170176 -0.117151 0.082610 0.022785 0.046608 -0.760553 0.647200
1649856245.191358 -1.168780 -0.147616 0.085270 0.024420 0.046347 -0.759378 0.648538
1649856245.241354 -1.168895 -0.209415 0.095631 0.024895 0.043962 -0.757891 0.650422
1649856245.291352 -1.168526 -0.270301 0.098435 0.024179 0.037477 -0.756321 0.652679
1649856245.341348 -1.168338 -0.331015 0.103072 0.022811 0.031847 -0.755626 0.653831
1649856245.391345 -1.167124 -0.393568 0.105849 0.022421 0.031478 -0.755370 0.654157
1649856245.416344 -1.164660 -0.423634 0.104599 0.022532 0.032317 -0.756079 0.653294
1649856245.441342 -1.163772 -0.455627 0.103542 0.023307 0.033880 -0.757000 0.652120
1649856245.466341 -1.163653 -0.488230 0.103179 0.024641 0.036211 -0.758218 0.650529
1649856245.491339 -1.166233 -0.524210 0.111910 0.027548 0.039800 -0.759583 0.648606
1649856245.541336 -1.166106 -0.588122 0.116802 0.033469 0.046454 -0.765057 0.641412
1649856245.591333 -1.169066 -0.653410 0.121040 0.042070 0.055777 -0.772568 0.631077
1649856245.641330 -1.174808 -0.718312 0.115961 0.046926 0.064358 -0.781094 0.619312
1649856245.691327 -1.177006 -0.780322 0.105851 0.048921 0.066939 -0.789891 0.607616
1649856245.716325 -1.178059 -0.810395 0.097481 0.047209 0.066655 -0.794082 0.602297
1649856245.741324 -1.178288 -0.840878 0.090462 0.044544 0.065663 -0.797868 0.597587
1649856245.791321 -1.185640 -0.900023 0.073998 0.038742 0.062303 -0.802749 0.591787
1649856245.841318 -1.195176 -0.960614 0.068420 0.034105 0.061821 -0.806398 0.587143
1649856245.891315 -1.205712 -1.023837 0.067880 0.030198 0.063043 -0.809440 0.583027
1649856245.941311 -1.217276 -1.085188 0.074803 0.028334 0.066987 -0.812855 0.577907
1649856245.991308 -1.229456 -1.146112 0.078297 0.029168 0.070491 -0.815778 0.573312
1649856246.041305 -1.242185 -1.206055 0.078387 0.031135 0.072557 -0.818219 0.569459
1649856246.091302 -1.256288 -1.272036 0.080007 0.033978 0.073489 -0.819010 0.568038
1649856246.141299 -1.273569 -1.338719 0.079500 0.036323 0.075451 -0.819452 0.566997
1649856246.191296 -1.289741 -1.402544 0.075722 0.037035 0.072273 -0.821302 0.564684
1649856246.241293 -1.307720 -1.465532 0.068487 0.034957 0.067467 -0.823431 0.562305
1649856246.291290 -1.325894 -1.532458 0.060857 0.031285 0.061088 -0.824256 0.562042
1649856246.341287 -1.345561 -1.599176 0.053371 0.026057 0.055926 -0.825283 0.561340
1649856246.391284 -1.364545 -1.669455 0.051530 0.023139 0.050987 -0.826574 0.560035
1649856246.441281 -1.384301 -1.739720 0.050384 0.022848 0.048309 -0.828241 0.557818
1649856246.491277 -1.404977 -1.810327 0.052233 0.025527 0.048769 -0.829656 0.555555
1649856246.541275 -1.426423 -1.879255 0.057464 0.031938 0.050090 -0.833138 0.549865
1649856246.591271 -1.448730 -1.950689 0.058062 0.038689 0.051448 -0.837580 0.542509
1649856246.641268 -1.472146 -2.021601 0.058330 0.044957 0.052738 -0.843265 0.533011
1649856246.691265 -1.498010 -2.092569 0.059592 0.045616 0.054793 -0.847995 0.525187
1649856246.741262 -1.525142 -2.166055 0.067956 0.045620 0.053760 -0.853349 0.516550
1649856246.791259 -1.555064 -2.236581 0.074201 0.043735 0.051231 -0.857628 0.509840
1649856246.816257 -1.569107 -2.269651 0.080947 0.041108 0.050819 -0.859561 0.506836
1649856246.841256 -1.581722 -2.301139 0.086946 0.038093 0.049995 -0.861453 0.503932
1649856246.891253 -1.614174 -2.364986 0.091386 0.032765 0.049047 -0.864012 0.500004
1649856246.941250 -1.648745 -2.429474 0.100979 0.031609 0.050299 -0.866691 0.495295
1649856246.991247 -1.679247 -2.498602 0.102559 0.034493 0.053345 -0.868025 0.492439
1649856247.016245 -1.695428 -2.531956 0.106263 0.036057 0.054715 -0.868435 0.491453
1649856247.041244 -1.711456 -2.565301 0.110283 0.037858 0.055490 -0.868382 0.491325
1649856247.091241 -1.745891 -2.633641 0.117020 0.043007 0.055446 -0.866481 0.494254
1649856247.116239 -1.764614 -2.671698 0.122192 0.045276 0.056154 -0.865274 0.496083
1649856247.141237 -1.782116 -2.705604 0.119118 0.047072 0.055664 -0.863846 0.498453
1649856247.191234 -1.816096 -2.774042 0.133247 0.054019 0.052751 -0.861530 0.502060
1649856247.241231 -1.848434 -2.837392 0.139472 0.058997 0.050695 -0.859804 0.504665
1649856247.291228 -1.878765 -2.903200 0.130424 0.061003 0.048683 -0.857178 0.509072
1649856247.316227 -1.894547 -2.940748 0.147857 0.060720 0.048465 -0.855992 0.511119
1649856247.341225 -1.909584 -2.974738 0.144409 0.058524 0.045294 -0.855089 0.513173
1649856247.391222 -1.939953 -3.042067 0.140548 0.055374 0.038173 -0.853214 0.517207
1649856247.441219 -1.970967 -3.109870 0.139422 0.051731 0.032516 -0.851441 0.520880
1649856247.491216 -2.007368 -3.185445 0.179149 0.054664 0.035887 -0.850096 0.522552
1649856247.541213 -2.038071 -3.254601 0.188870 0.059909 0.036863 -0.851292 0.519956
1649856247.591210 -2.068827 -3.322808 0.213717 0.066658 0.040550 -0.852311 0.517182
1649856247.641207 -2.098855 -3.382915 0.233633 0.074772 0.043773 -0.854979 0.511375
1649856247.691204 -2.127991 -3.451906 0.216925 0.077535 0.048784 -0.858466 0.504623
1649856247.741200 -2.158511 -3.521464 0.212919 0.074939 0.051105 -0.862588 0.497709
1649856247.791198 -2.190896 -3.588648 0.194902 0.067713 0.048078 -0.866253 0.492656
1649856247.841194 -2.225529 -3.654610 0.177924 0.056116 0.043793 -0.868929 0.489790
1649856247.891191 -2.260710 -3.716027 0.161364 0.044233 0.042880 -0.870095 0.489019
1649856247.941188 -2.321554 -3.807857 0.338596 0.044827 0.063556 -0.866919 0.492344
1649856247.991185 -2.354989 -3.864351 0.362529 0.037741 0.069689 -0.866475 0.492890
1649856248.041182 -2.380230 -3.916030 0.384915 0.039341 0.071398 -0.866799 0.491949
1649856248.091179 -2.400379 -3.976085 0.397819 0.042008 0.071151 -0.866431 0.492413
1649856248.141176 -2.421069 -4.033505 0.401774 0.046309 0.072007 -0.865047 0.494332
1649856248.191173 -2.449983 -4.101501 0.394457 0.044923 0.066702 -0.865336 0.494698
1649856248.241170 -2.479822 -4.168039 0.406965 0.044228 0.062271 -0.864374 0.497015
1649856248.291167 -2.513391 -4.227565 0.345038 0.034395 0.063199 -0.863742 0.498772
1649856248.341164 -2.553284 -4.296586 0.394386 0.035806 0.061564 -0.862354 0.501273
1649856248.391160 -2.580467 -4.320501 0.313271 0.029101 0.053372 -0.863721 0.500290
1649856248.441157 -2.621723 -4.413301 0.320739 0.032354 0.054689 -0.862441 0.502154
1649856248.491154 -2.667091 -4.489350 0.346556 0.044626 0.049814 -0.862662 0.501340
1649856248.541151 -2.716344 -4.563835 0.350913 0.050770 0.052563 -0.865450 0.495637
1649856248.566150 -2.745450 -4.600156 0.353685 0.053049 0.053513 -0.867027 0.492530
1649856248.591148 -2.769797 -4.636216 0.355952 0.055546 0.053968 -0.868869 0.488946
1649856248.641145 -2.809076 -4.697324 0.336056 0.060175 0.052341 -0.874147 0.479068
1649856248.691142 -2.833290 -4.738599 0.344285 0.064719 0.052881 -0.877779 0.471720
1649856248.741139 -2.894633 -4.824709 0.383301 0.069770 0.050638 -0.880382 0.466364
1649856248.791136 -2.915422 -4.861790 0.387068 0.066790 0.049952 -0.884049 0.459893
1649856248.841133 -2.933836 -4.895928 0.389244 0.058217 0.049698 -0.886585 0.456188
1649856248.891129 -2.962372 -4.937505 0.386147 0.051070 0.051469 -0.886995 0.456052
1649856248.941127 -2.991136 -4.985766 0.386914 0.051319 0.052945 -0.886331 0.457143
1649856248.991123 -3.025802 -5.044098 0.378861 0.055488 0.058434 -0.882895 0.462604
1649856249.041120 -3.060515 -5.104958 0.374464 0.062673 0.059680 -0.878257 0.470293
1649856249.091117 -3.096194 -5.168421 0.369601 0.070062 0.060604 -0.871731 0.481148
1649856249.141114 -3.132075 -5.229833 0.364080 0.076596 0.065271 -0.863470 0.494259
1649856249.191111 -3.165365 -5.282167 0.358887 0.081519 0.064047 -0.856407 0.505785
1649856249.241108 -3.198540 -5.334710 0.354925 0.084574 0.060332 -0.849882 0.516631
1649856249.291105 -3.225614 -5.379383 0.349329 0.084247 0.053977 -0.843298 0.528051
1649856249.341102 -3.253105 -5.425099 0.345449 0.081468 0.048575 -0.836103 0.540310
1649856249.391099 -3.277620 -5.484650 0.368105 0.080167 0.048388 -0.827311 0.553885
1649856249.416097 -3.288725 -5.507322 0.370138 0.080305 0.045917 -0.822656 0.560963
1649856249.441096 -3.302009 -5.554075 0.416451 0.079082 0.057796 -0.814309 0.572107
1649856249.491093 -3.319344 -5.599252 0.424704 0.084078 0.053041 -0.803808 0.586524
1649856249.541090 -3.333270 -5.642326 0.429119 0.087986 0.048654 -0.790146 0.604616
1649856249.591086 -3.345083 -5.686493 0.438182 0.094020 0.046449 -0.773265 0.625351
1649856249.641083 -3.354136 -5.729364 0.443160 0.100479 0.045853 -0.753215 0.648436
1649856249.691080 -3.360138 -5.776173 0.444733 0.105723 0.045775 -0.729166 0.674569
1649856249.741077 -3.362479 -5.821833 0.442800 0.107454 0.043724 -0.703202 0.701462
1649856249.791074 -3.361648 -5.868991 0.439537 0.107355 0.039767 -0.675266 0.728635
1649856249.816073 -3.359760 -5.893256 0.435003 0.106542 0.038553 -0.660757 0.741999
1649856249.841071 -3.354207 -5.924639 0.435560 0.105691 0.038319 -0.645767 0.755213
1649856249.891068 -3.353349 -5.971342 0.434702 0.103095 0.037703 -0.612703 0.782652
1649856249.941065 -3.345466 -6.009316 0.432291 0.101637 0.039701 -0.578504 0.808348
1649856249.991062 -3.335441 -6.044252 0.430444 0.100576 0.042475 -0.541369 0.833666
1649856250.041059 -3.323547 -6.075395 0.426486 0.098826 0.045178 -0.499485 0.859481
1649856250.066057 -3.316632 -6.089592 0.423907 0.098702 0.046223 -0.476227 0.872542
1649856250.091056 -3.308967 -6.102458 0.421499 0.099771 0.047303 -0.451631 0.885346
1649856250.141052 -3.230535 -6.202719 0.484948 0.088340 0.034018 -0.381133 0.919661
1649856250.191050 -3.202867 -6.243225 0.496064 0.092260 0.038478 -0.329962 0.938687
1649856250.241046 -3.177358 -6.276171 0.504562 0.093294 0.040582 -0.277807 0.955234
1649856250.291043 -3.152897 -6.300007 0.512856 0.094951 0.041344 -0.232390 0.967094
1649856250.341040 -3.132054 -6.323498 0.519037 0.091232 0.040279 -0.188119 0.977070
1649856250.366039 -3.122824 -6.332685 0.522387 0.088535 0.039633 -0.167370 0.981111
1649856250.391037 -3.111290 -6.342010 0.526351 0.085841 0.040066 -0.145856 0.984760
1649856250.441034 -3.088843 -6.359253 0.535392 0.082998 0.040640 -0.101698 0.990514
1649856250.466033 -3.078693 -6.364035 0.540778 0.082861 0.041170 -0.079929 0.992497
1649856250.491031 -3.067809 -6.367783 0.546578 0.083024 0.042450 -0.058143 0.993944
1649856250.541028 -3.044881 -6.373264 0.555082 0.084154 0.045057 -0.016170 0.995302
1649856250.566026 -3.033959 -6.373814 0.557996 0.084030 0.046464 0.004174 0.995371
1649856250.591025 -3.023387 -6.374533 0.562494 0.082965 0.047978 0.024239 0.995102
1649856250.641022 -3.002480 -6.377115 0.568076 0.077310 0.051509 0.062020 0.993742
1649856250.691019 -2.981955 -6.377222 0.570875 0.068504 0.056075 0.097015 0.991338
1649856250.741016 -2.962978 -6.375705 0.572475 0.055273 0.057640 0.131510 0.988093
1649856250.791013 -2.945459 -6.370080 0.573854 0.045858 0.060043 0.162812 0.983760
1649856250.841009 -2.930306 -6.359541 0.573305 0.046811 0.065263 0.192495 0.978006
1649856250.891006 -2.914618 -6.348452 0.568783 0.040662 0.068292 0.223230 0.971520
1649856250.941003 -2.898567 -6.335779 0.561867 0.033621 0.069652 0.253700 0.964186
1649856250.991000 -2.882721 -6.321608 0.555538 0.029144 0.070084 0.286767 0.954989
1649856251.040997 -2.866169 -6.305348 0.552442 0.027157 0.069739 0.322248 0.943692
1649856251.090994 -2.847571 -6.288021 0.549550 0.026756 0.068850 0.355772 0.931649
1649856251.140991 -2.825818 -6.268474 0.549171 0.027174 0.066458 0.385871 0.919754
1649856251.190988 -2.805887 -6.249527 0.548837 0.030443 0.064359 0.413636 0.907654
1649856251.240985 -2.787495 -6.230984 0.545964 0.034607 0.064499 0.439341 0.895333
1649856251.290979 -2.772514 -6.215570 0.539773 0.041512 0.070439 0.461851 0.883181
1649856251.340976 -2.757184 -6.201087 0.531350 0.045721 0.075236 0.484868 0.870145
1649856251.390973 -2.743004 -6.190418 0.520908 0.047024 0.081010 0.504783 0.858149
1649856251.440970 -2.725983 -6.181117 0.512405 0.041470 0.086202 0.521403 0.847932
1649856251.465969 -2.716986 -6.178866 0.516343 0.035911 0.087754 0.531871 0.841501
1649856251.490967 -2.708295 -6.176012 0.517555 0.031244 0.088971 0.543223 0.834276
1649856251.540964 -2.691315 -6.168590 0.514722 0.024856 0.092048 0.563669 0.820479
1649856251.590961 -2.672799 -6.162292 0.513783 0.017916 0.089135 0.575673 0.812610
1649856251.640958 -2.653465 -6.155186 0.517099 0.013768 0.083488 0.580056 0.810170
1649856251.690955 -2.636473 -6.151680 0.520743 0.013489 0.079473 0.581776 0.809345
1649856251.740952 -2.619062 -6.148588 0.524982 0.015951 0.075431 0.582731 0.809000
1649856251.790949 -2.602809 -6.147796 0.529790 0.018755 0.070008 0.580598 0.810958
1649856251.840945 -2.585429 -6.148177 0.535080 0.019042 0.063810 0.579094 0.812536
1649856251.890943 -2.569379 -6.149883 0.540973 0.020434 0.060825 0.576676 0.814449
1649856251.940939 -2.554094 -6.152398 0.546068 0.020414 0.059432 0.574847 0.815844
1649856251.990936 -2.539846 -6.155525 0.553089 0.021433 0.061548 0.571513 0.818001
1649856252.040933 -2.524790 -6.157665 0.559499 0.020073 0.061726 0.566659 0.821392
1649856252.090930 -2.508629 -6.159437 0.563954 0.018978 0.061603 0.559402 0.826386
1649856252.140927 -2.491108 -6.160722 0.567986 0.018848 0.061468 0.551004 0.832022
1649856252.190924 -2.473640 -6.161917 0.573859 0.018778 0.063261 0.543515 0.836802
1649856252.240921 -2.456617 -6.161358 0.581114 0.019373 0.065510 0.537105 0.840745
1649856252.290918 -2.440638 -6.158437 0.585035 0.023568 0.069554 0.526274 0.847138
1649856252.340915 -2.425006 -6.155216 0.587038 0.029592 0.075240 0.513448 0.854304
1649856252.390912 -2.409113 -6.152094 0.581988 0.035292 0.078194 0.505551 0.858521
1649856252.440909 -2.394013 -6.147859 0.577764 0.040780 0.082691 0.500406 0.860868
1649856252.490906 -2.378777 -6.142118 0.574807 0.044145 0.085196 0.497748 0.861998
1649856252.540902 -2.362623 -6.135778 0.569937 0.051821 0.087493 0.492768 0.864199
1649856252.565901 -2.354214 -6.134097 0.565820 0.057719 0.088532 0.488205 0.866306
1649856252.590899 -2.345858 -6.131763 0.561933 0.061516 0.088965 0.483641 0.868558
1649856252.640896 -2.329690 -6.126365 0.553418 0.065317 0.088509 0.477308 0.871824
1649856252.690893 -2.317515 -6.120069 0.545769 0.065157 0.092127 0.476220 0.872056
1649856252.740890 -2.306704 -6.112663 0.537017 0.064330 0.097746 0.478837 0.870070
1649856252.790887 -2.294190 -6.106356 0.524863 0.067988 0.102788 0.475908 0.870818
1649856252.840884 -2.280005 -6.100378 0.514371 0.064963 0.101297 0.474301 0.872099
1649856252.890881 -2.264414 -6.095501 0.506857 0.060532 0.099862 0.472939 0.873323
1649856252.940878 -2.249929 -6.090551 0.501320 0.053874 0.098136 0.473845 0.873463
1649856252.965876 -2.242900 -6.089654 0.498015 0.053102 0.099344 0.473115 0.873769
1649856252.990875 -2.235742 -6.087899 0.495154 0.051509 0.099284 0.472476 0.874217
1649856253.040872 -2.220869 -6.081631 0.492367 0.046929 0.097922 0.472950 0.874372
1649856253.090868 -2.205741 -6.074436 0.491611 0.044984 0.096844 0.473002 0.874567
1649856253.140866 -2.190883 -6.065297 0.488661 0.047042 0.094664 0.470922 0.875819
1649856253.165864 -2.183934 -6.060975 0.487760 0.049509 0.094400 0.468929 0.876780
1649856253.190862 -2.176984 -6.055960 0.486220 0.051542 0.092475 0.466749 0.878031
1649856253.215861 -2.170151 -6.050633 0.484293 0.052811 0.089453 0.464642 0.879384
1649856253.240859 -2.161931 -6.048705 0.481251 0.053910 0.086053 0.462287 0.880897
1649856253.290856 -2.145550 -6.038600 0.478263 0.052539 0.078953 0.458073 0.883841
1649856253.340853 -2.130407 -6.026523 0.475246 0.047796 0.074828 0.455954 0.885563
1649856253.365852 -2.124819 -6.020302 0.471585 0.044408 0.073199 0.454326 0.886712
1649856253.390850 -2.119645 -6.014392 0.468157 0.042131 0.073635 0.452287 0.887829
1649856253.440847 -2.106156 -6.003141 0.462219 0.031576 0.073667 0.453986 0.887397
1649856253.490844 -2.090409 -5.990767 0.454240 0.017574 0.070296 0.460872 0.884504
1649856253.540841 -2.075183 -5.978046 0.446866 0.011796 0.069572 0.465924 0.882007
1649856253.590838 -2.061116 -5.963681 0.439097 0.008507 0.065505 0.471715 0.879273
1649856253.640835 -2.050330 -5.948713 0.431265 0.012586 0.062720 0.478879 0.875547
1649856253.665833 -2.046178 -5.942271 0.427472 0.015549 0.061055 0.482668 0.873534
1649856253.690832 -2.042124 -5.935469 0.423601 0.018002 0.058580 0.486852 0.871332
1649856253.740829 -2.034397 -5.921697 0.418028 0.022416 0.055895 0.493351 0.867743
1649856253.790825 -2.028586 -5.909088 0.410557 0.026621 0.053866 0.498025 0.865078
1649856253.815824 -2.025783 -5.903877 0.406754 0.028686 0.053621 0.499655 0.864087
1649856253.840822 -2.017811 -5.900579 0.404028 0.031080 0.055777 0.501349 0.862886
1649856253.865821 -2.013391 -5.895031 0.400603 0.033842 0.055766 0.502749 0.861968
1649856253.890819 -2.008252 -5.889345 0.397535 0.035568 0.054286 0.504541 0.860945
1649856253.915818 -2.002990 -5.883709 0.394643 0.036774 0.052121 0.505976 0.860186
1649856253.940816 -2.000049 -5.877842 0.391406 0.039329 0.050142 0.505610 0.860406
1649856253.990813 -1.993840 -5.864637 0.386634 0.044595 0.050504 0.503840 0.861166
1649856254.040810 -1.988313 -5.850860 0.381771 0.047379 0.051423 0.502869 0.861530
1649856254.090807 -1.981643 -5.838023 0.376649 0.047443 0.052851 0.501236 0.862391
1649856254.140804 -1.970364 -5.828078 0.369968 0.046248 0.054523 0.497892 0.864287
1649856254.190801 -1.955391 -5.819731 0.363235 0.042878 0.057289 0.489147 0.869261
1649856254.240798 -1.936514 -5.812189 0.357611 0.036167 0.059506 0.473837 0.877855
1649856254.290795 -1.914246 -5.805545 0.352148 0.031830 0.060611 0.454950 0.887881
1649856254.340791 -1.887941 -5.801072 0.347027 0.024371 0.060557 0.433736 0.898672
1649856254.390789 -1.858659 -5.797455 0.341312 0.019864 0.061342 0.408014 0.910696
1649856254.440785 -1.827145 -5.796333 0.333036 0.014184 0.061393 0.377804 0.923739
1649856254.465784 -1.810075 -5.796357 0.326078 0.009314 0.060477 0.361695 0.930286
1649856254.490782 -1.792536 -5.798013 0.321419 0.007255 0.059298 0.344882 0.936743
1649856254.540779 -1.759767 -5.801776 0.311129 0.007838 0.055083 0.310328 0.949000
1649856254.565778 -1.742639 -5.805306 0.307328 0.009934 0.051661 0.291030 0.955266
1649856254.590776 -1.725822 -5.809375 0.303509 0.012925 0.046872 0.271022 0.961344
1649856254.640773 -1.692999 -5.820648 0.294293 0.016956 0.033646 0.232656 0.971829
1649856254.690770 -1.660511 -5.834282 0.284747 0.021781 0.024228 0.198510 0.979557
1649856254.740767 -1.647529 -5.865728 0.290020 0.023396 0.019134 0.171710 0.984684
1649856254.790764 -1.621344 -5.888600 0.287243 0.021706 0.017718 0.142374 0.989416
1649856254.815762 -1.611449 -5.896148 0.287027 0.019848 0.018280 0.127369 0.991488
1649856254.840761 -1.598774 -5.903788 0.284991 0.017556 0.020426 0.111084 0.993446
1649856254.890758 -1.574379 -5.919335 0.279635 0.015367 0.026366 0.078152 0.996474
1649856254.940755 -1.550072 -5.935575 0.271895 0.013887 0.032224 0.045716 0.998338
1649856254.990752 -1.526782 -5.952615 0.263110 0.010610 0.038898 0.012570 0.999108
1649856255.015750 -1.513596 -5.965495 0.256987 0.006929 0.042373 -0.003229 0.999073
1649856255.040748 -1.501339 -5.979132 0.249257 0.002384 0.047788 -0.018077 0.998691
1649856255.090745 -1.477314 -6.006462 0.235146 -0.001616 0.059765 -0.049778 0.996969
1649856255.140742 -1.455278 -6.033867 0.221686 -0.013768 0.072178 -0.076696 0.994343
1649856255.190739 -1.434564 -6.060566 0.206413 -0.019652 0.078882 -0.107928 0.990829
1649856255.240736 -1.409339 -6.082494 0.191929 -0.016580 0.073795 -0.144942 0.986545
1649856255.290729 -1.384584 -6.105233 0.178126 -0.015016 0.068053 -0.183865 0.980478
1649856255.340725 -1.357207 -6.127751 0.160604 -0.014841 0.066237 -0.216524 0.973915
1649856255.390722 -1.332407 -6.147781 0.146601 -0.007681 0.067471 -0.250346 0.965772
1649856255.440719 -1.310488 -6.167808 0.128816 -0.004841 0.069400 -0.283126 0.956556
1649856255.490716 -1.286491 -6.190299 0.112128 -0.005477 0.068477 -0.319129 0.945218
1649856255.540713 -1.272208 -6.217418 0.096009 -0.002084 0.066302 -0.355079 0.932480
1649856255.590710 -1.258724 -6.243540 0.078230 0.001830 0.066898 -0.392608 0.917268
1649856255.640707 -1.250906 -6.280453 0.059390 0.003728 0.068579 -0.431219 0.899630
1649856255.690704 -1.247733 -6.316915 0.040286 0.002774 0.066793 -0.470554 0.879835
1649856255.740700 -1.245863 -6.352338 0.021961 0.003787 0.061289 -0.510873 0.857460
1649856255.765699 -1.245145 -6.369659 0.013231 0.003392 0.059764 -0.530177 0.845771
1649856255.790697 -1.245529 -6.385439 0.004126 0.003149 0.059884 -0.548571 0.833951
1649856255.840694 -1.248508 -6.418034 -0.013485 0.002538 0.059961 -0.582459 0.810642
1649856255.890691 -1.251450 -6.447574 -0.028283 0.004202 0.057334 -0.613579 0.787538
1649856255.940688 -1.255220 -6.476019 -0.040887 0.006179 0.055262 -0.640901 0.765607
1649856255.990685 -1.261277 -6.504828 -0.048592 0.011047 0.055527 -0.666130 0.743684
1649856256.040682 -1.266522 -6.535074 -0.055302 0.013472 0.057184 -0.690432 0.721007
1649856256.090679 -1.276299 -6.566180 -0.062706 0.012314 0.059698 -0.712490 0.699029
1649856256.140676 -1.286345 -6.598571 -0.069816 0.010222 0.062708 -0.730838 0.679587
1649856256.190672 -1.294989 -6.629192 -0.076184 0.009360 0.064502 -0.746423 0.662272
1649856256.240669 -1.302924 -6.659509 -0.085600 0.008490 0.065411 -0.760536 0.645937
1649856256.290666 -1.310878 -6.689484 -0.097579 0.006711 0.063946 -0.775205 0.628429
1649856256.340663 -1.317578 -6.719719 -0.108376 0.008818 0.061625 -0.789480 0.610611
1649856256.390660 -1.324642 -6.750090 -0.121800 0.011064 0.062253 -0.802403 0.593424
1649856256.440657 -1.330529 -6.780288 -0.135502 0.012309 0.060648 -0.814421 0.576965
1649856256.490654 -1.336075 -6.811258 -0.145696 0.015296 0.056303 -0.825278 0.561704
1649856256.515652 -1.339091 -6.827145 -0.150087 0.016672 0.053780 -0.830496 0.554172
1649856256.540651 -1.342607 -6.843185 -0.155350 0.016869 0.051410 -0.835558 0.546732
1649856256.590647 -1.351839 -6.875393 -0.166545 0.014622 0.047816 -0.844914 0.532561
1649856256.640644 -1.362046 -6.909353 -0.178458 0.011977 0.046384 -0.853276 0.519255
1649856256.690641 -1.373734 -6.945187 -0.191973 0.011338 0.045118 -0.861316 0.505935
1649856256.715640 -1.379810 -6.964150 -0.200035 0.011189 0.043979 -0.865430 0.498971
1649856256.740638 -1.386528 -6.983286 -0.207683 0.012228 0.042072 -0.869632 0.491752
1649856256.765636 -1.393934 -7.002694 -0.215707 0.014140 0.039932 -0.874057 0.483973
1649856256.790635 -1.401729 -7.021611 -0.224809 0.016438 0.037619 -0.878724 0.475561
1649856256.840632 -1.417340 -7.058110 -0.243130 0.020763 0.036216 -0.888304 0.457356
1649856256.890629 -1.435609 -7.091403 -0.262081 0.024397 0.032901 -0.897950 0.438188
1649856256.940625 -1.456285 -7.121661 -0.280345 0.027856 0.030444 -0.907921 0.417106
1649856256.990622 -1.477741 -7.149050 -0.296981 0.031222 0.031210 -0.916241 0.398189
1649856257.040619 -1.499586 -7.175698 -0.313414 0.033713 0.031359 -0.922798 0.382522
1649856257.090616 -1.523795 -7.202384 -0.328963 0.034791 0.029842 -0.927343 0.371395
1649856257.140613 -1.549689 -7.229732 -0.342878 0.036156 0.027184 -0.931241 0.361585
1649856257.165612 -1.563130 -7.243327 -0.349757 0.036423 0.025726 -0.932957 0.357216
1649856257.190610 -1.577305 -7.257015 -0.356648 0.036426 0.024557 -0.934636 0.352881
1649856257.215608 -1.591000 -7.270932 -0.363922 0.036143 0.023429 -0.936290 0.348576
1649856257.290604 -1.635537 -7.311488 -0.385944 0.036728 0.023595 -0.940920 0.335804
1649856257.340600 -1.664320 -7.337640 -0.402935 0.038986 0.026515 -0.943709 0.327398
1649856257.390597 -1.692956 -7.364195 -0.422041 0.042748 0.030926 -0.945447 0.321475
1649856257.415596 -1.707286 -7.377913 -0.431188 0.042585 0.031754 -0.946185 0.319235
1649856257.440594 -1.717391 -7.388789 -0.438681 0.043087 0.033546 -0.946710 0.317425
1649856257.465593 -1.729331 -7.402136 -0.448499 0.042391 0.034405 -0.947013 0.316521
1649856257.540588 -1.768900 -7.445058 -0.478824 0.029072 0.027331 -0.947110 0.318420
1649856257.590585 -1.795455 -7.473253 -0.498606 0.020723 0.020293 -0.947587 0.318180
1649856257.640582 -1.821724 -7.500513 -0.520294 0.014022 0.016491 -0.947571 0.318811
1649856257.690579 -1.845982 -7.526477 -0.543146 0.011236 0.014118 -0.947379 0.319605
1649856257.715577 -1.882194 -7.504900 -0.561202 0.018401 0.022131 -0.947586 0.318200
1649856257.740575 -1.888700 -7.519083 -0.578613 0.018844 0.020389 -0.947643 0.318123
1649856257.790572 -1.905386 -7.547880 -0.612120 0.018210 0.017433 -0.948161 0.316789
1649856257.840569 -1.924642 -7.582333 -0.641239 0.016353 0.015877 -0.949583 0.312685
1649856257.890566 -1.945655 -7.607079 -0.671955 0.011958 0.016557 -0.952055 0.305244
1649856257.940563 -1.967744 -7.628286 -0.699093 0.007385 0.019049 -0.955526 0.294197
1649856257.990560 -1.988190 -7.649545 -0.734499 0.002673 0.020841 -0.960337 0.278049
1649856258.040557 -2.011990 -7.666742 -0.762246 0.001243 0.022490 -0.966026 0.257460
1649856258.065555 -2.023473 -7.675429 -0.776407 0.002410 0.020428 -0.969557 0.244001
1649856258.090554 -2.036454 -7.680369 -0.791110 0.002909 0.022667 -0.972596 0.231375
1649856258.140550 -2.062026 -7.688145 -0.815503 0.002021 0.027656 -0.978367 0.205010
1649856258.190547 -2.093518 -7.692798 -0.837536 -0.004276 0.033921 -0.983523 0.177520
1649856258.240544 -2.117936 -7.698220 -0.855436 -0.009438 0.038645 -0.987638 0.151621
1649856258.290541 -2.150340 -7.700244 -0.873217 -0.012360 0.041298 -0.990921 0.127344
1649856258.340538 -2.181471 -7.701125 -0.889344 -0.017015 0.042015 -0.993539 0.104044
1649856258.390535 -2.216276 -7.699775 -0.906537 -0.020293 0.043902 -0.995512 0.081348
1649856258.440532 -2.251623 -7.696614 -0.923247 -0.023700 0.042946 -0.997058 0.058892
1649856258.490529 -2.291755 -7.690489 -0.937500 -0.023292 0.045125 -0.998165 0.032992
1649856258.540525 -2.327183 -7.685238 -0.951045 -0.026681 0.049645 -0.998364 0.009640
1649856258.590522 -2.366213 -7.677418 -0.962297 0.031304 -0.052954 0.997997 0.014795
1649856258.640519 -2.403078 -7.670336 -0.972936 0.034656 -0.056173 0.997171 0.035966
1649856258.690516 -2.440465 -7.660714 -0.984133 0.041001 -0.054944 0.995825 0.060267
1649856258.740513 -2.475630 -7.649121 -0.994694 0.043899 -0.057576 0.994029 0.081630
1649856258.790510 -2.509821 -7.633240 -1.004410 0.049696 -0.059985 0.991608 0.103176
1649856258.840507 -2.542212 -7.618699 -1.013484 0.051897 -0.060911 0.989241 0.122473
1649856258.890504 -2.576632 -7.602792 -1.021296 0.054485 -0.055001 0.987058 0.140437
1649856258.940500 -2.607908 -7.590168 -1.028269 0.062284 -0.049052 0.984136 0.158716
1649856258.990497 -2.640692 -7.574874 -1.034154 0.069396 -0.041425 0.981071 0.175974
1649856259.040494 -2.672546 -7.560692 -1.037023 0.075812 -0.039021 0.977114 0.194877
1649856259.090491 -2.706468 -7.541967 -1.043218 0.078569 -0.045018 0.972445 0.214828
1649856259.140488 -2.746367 -7.519495 -1.044762 0.083201 -0.044835 0.966861 0.237167
1649856259.190485 -2.786464 -7.493127 -1.053871 0.086965 -0.045413 0.960889 0.258974
1649856259.240482 -2.823906 -7.472237 -1.068142 0.085937 -0.043852 0.954025 0.283775
1649856259.290479 -2.861747 -7.447840 -1.078771 0.078375 -0.043033 0.947134 0.308127
1649856259.340476 -2.900720 -7.421821 -1.090538 0.076174 -0.040182 0.939673 0.331056
1649856259.390472 -2.937215 -7.393998 -1.094986 0.074917 -0.040033 0.932117 0.352054
1649856259.440469 -2.972844 -7.364388 -1.100007 0.080263 -0.039071 0.924455 0.370693
1649856259.490466 -3.007819 -7.331066 -1.102986 0.085359 -0.042685 0.916115 0.389391
1649856259.540463 -3.040896 -7.293893 -1.105001 0.088023 -0.047283 0.908195 0.406446
1649856259.590460 -3.074965 -7.255940 -1.101824 0.092610 -0.046233 0.900544 0.422264
1649856259.640457 -3.106493 -7.215277 -1.103597 0.093166 -0.050379 0.892854 0.437715
1649856259.690454 -3.138609 -7.170668 -1.105253 0.091089 -0.048294 0.884861 0.454303
1649856259.740450 -3.166740 -7.124825 -1.107362 0.090686 -0.044480 0.875676 0.472218
1649856259.790447 -3.191463 -7.076830 -1.116608 0.083841 -0.048023 0.867060 0.488744
1649856259.840444 -3.217204 -7.034272 -1.122784 0.079791 -0.047306 0.860070 0.501671
1649856259.890441 -3.247018 -6.986393 -1.131895 0.078500 -0.046717 0.855843 0.509106
1649856259.940438 -3.280324 -6.929903 -1.139997 0.083265 -0.046359 0.851873 0.515005
1649856259.990435 -3.309180 -6.883349 -1.146510 0.090545 -0.044751 0.850508 0.516173
1649856260.040432 -3.344380 -6.831423 -1.151648 0.102647 -0.044852 0.849562 0.515458
1649856260.090429 -3.372865 -6.781333 -1.164055 0.112430 -0.044696 0.850402 0.512033
1649856260.140425 -3.402514 -6.726168 -1.172535 0.118592 -0.051401 0.851934 0.507447
1649856260.190422 -3.427577 -6.673548 -1.184855 0.120287 -0.056108 0.854701 0.501865
1649856260.240419 -3.460214 -6.617283 -1.197071 0.121139 -0.058485 0.855582 0.499884
1649856260.290416 -3.487846 -6.588508 -1.213627 0.120952 -0.055762 0.854399 0.502258
1649856260.340413 -3.521159 -6.534542 -1.224142 0.121193 -0.058148 0.850816 0.507980
1649856260.390410 -3.550317 -6.494711 -1.239428 0.121381 -0.060788 0.846243 0.515213
1649856260.440407 -3.582964 -6.441088 -1.251544 0.118274 -0.067851 0.839941 0.525268
1649856260.465405 -3.602396 -6.419423 -1.258235 0.116543 -0.070263 0.836094 0.531440
1649856260.490403 -3.618813 -6.394874 -1.261577 0.114004 -0.072413 0.832126 0.537889
1649856260.540401 -3.652727 -6.339959 -1.266055 0.113389 -0.073773 0.821633 0.553732
1649856260.590397 -3.677959 -6.298961 -1.278403 0.111800 -0.074754 0.807858 0.573828
1649856260.640394 -3.701367 -6.247825 -1.284689 0.104016 -0.081787 0.794320 0.592914
1649856260.690391 -3.721222 -6.209105 -1.294250 0.093324 -0.084876 0.780401 0.612422
1649856260.740388 -3.738837 -6.165390 -1.300241 0.085470 -0.088166 0.764576 0.632728
1649856260.790385 -3.750149 -6.132563 -1.307215 0.080253 -0.088524 0.746077 0.655051
1649856260.840382 -3.760560 -6.091530 -1.307838 0.078296 -0.093208 0.727762 0.674940
1649856260.890378 -3.766609 -6.055130 -1.307184 0.078343 -0.099356 0.711320 0.691386
1649856260.940375 -3.773567 -6.011539 -1.300250 0.080215 -0.109121 0.696813 0.704350
1649856260.990372 -3.774935 -5.969412 -1.292425 0.082702 -0.115897 0.681503 0.717832
1649856261.040369 -3.778304 -5.922499 -1.278436 0.082465 -0.124200 0.666094 0.730816
1649856261.090366 -3.776826 -5.872557 -1.267380 0.078285 -0.128854 0.651036 0.743922
1649856261.140363 -3.776355 -5.823942 -1.253035 0.072845 -0.128992 0.637899 0.755737
1649856261.190360 -3.772612 -5.786198 -1.247181 0.066958 -0.127185 0.625696 0.766711
1649856261.240357 -3.773041 -5.740303 -1.232922 0.065084 -0.126502 0.613523 0.776756
1649856261.290354 -3.768110 -5.690372 -1.223991 0.068807 -0.128058 0.598690 0.787678
1649856261.340350 -3.766553 -5.643172 -1.211914 0.074592 -0.127218 0.582803 0.799120
1649856261.390347 -3.760813 -5.599304 -1.203200 0.085530 -0.129607 0.565829 0.809768
1649856261.440344 -3.759684 -5.555913 -1.190088 0.100457 -0.129728 0.547241 0.820736
1649856261.490341 -3.751657 -5.513624 -1.181410 0.110012 -0.130304 0.526581 0.832845
1649856261.540338 -3.746086 -5.474300 -1.168355 0.114108 -0.125760 0.503402 0.847201
1649856261.590335 -3.735887 -5.435154 -1.157480 0.116914 -0.118586 0.478028 0.862414
1649856261.640332 -3.728084 -5.399217 -1.147750 0.118786 -0.108412 0.450629 0.878106
1649856261.665330 -3.721088 -5.382808 -1.144173 0.118904 -0.104341 0.436821 0.885529
1649856261.690329 -3.714295 -5.367577 -1.140936 0.119795 -0.101100 0.423277 0.892336
1649856261.740325 -3.703732 -5.334510 -1.138303 0.122185 -0.095258 0.397748 0.904319
1649856261.790322 -3.689613 -5.301738 -1.135016 0.123400 -0.090891 0.373083 0.915052
1649856261.840319 -3.675856 -5.270114 -1.132951 0.124070 -0.087684 0.351474 0.923788
1649856261.890316 -3.659699 -5.238448 -1.128207 0.126460 -0.090100 0.334608 0.929477
1649856261.940313 -3.644787 -5.206000 -1.125486 0.133772 -0.087163 0.322339 0.933062
1649856261.990310 -3.625848 -5.170567 -1.119981 0.140351 -0.082724 0.312849 0.935726
1649856262.040307 -3.604517 -5.136748 -1.115309 0.145481 -0.073941 0.306991 0.937616
1649856262.090304 -3.580053 -5.101151 -1.108969 0.146659 -0.067752 0.302503 0.939358
1649856262.115302 -3.566749 -5.086917 -1.107223 0.147851 -0.062541 0.300196 0.940272
1649856262.140300 -3.552658 -5.071489 -1.105023 0.147971 -0.057867 0.297841 0.941300
1649856262.190297 -3.523985 -5.036021 -1.099790 0.148206 -0.049122 0.291572 0.943720
1649856262.215296 -3.509671 -5.019865 -1.097363 0.148883 -0.043825 0.287809 0.945029
1649856262.240294 -3.494955 -5.002269 -1.095282 0.147031 -0.040910 0.285964 0.946009
1649856262.290291 -3.466513 -4.961728 -1.092596 0.143380 -0.039811 0.285806 0.946664
1649856262.315289 -3.453022 -4.942321 -1.091271 0.145544 -0.038448 0.286401 0.946210
1649856262.340288 -3.439300 -4.921841 -1.089245 0.147169 -0.038110 0.287980 0.945493
1649856262.390285 -3.412866 -4.878142 -1.085762 0.153458 -0.038738 0.292991 0.942924
1649856262.440282 -3.386331 -4.834562 -1.083201 0.164486 -0.038774 0.300880 0.938569
1649856262.490278 -3.358989 -4.789100 -1.079609 0.173668 -0.035797 0.312266 0.933300
1649856262.515277 -3.342422 -4.769475 -1.077614 0.179323 -0.030435 0.318931 0.930161
1649856262.540276 -3.326037 -4.748947 -1.075107 0.182868 -0.026242 0.325973 0.927153
1649856262.590272 -3.294837 -4.703474 -1.069333 0.188118 -0.018173 0.338971 0.921618
1649856262.640269 -3.264176 -4.658420 -1.061412 0.193751 -0.009887 0.349526 0.916621
1649856262.690266 -3.234747 -4.611916 -1.053277 0.197206 -0.008191 0.360377 0.911686
1649856262.740263 -3.205645 -4.565937 -1.044898 0.201033 -0.006811 0.370503 0.906789
1649856262.790260 -3.176981 -4.517319 -1.037358 0.201796 -0.005712 0.380139 0.902630
1649856262.840257 -3.148327 -4.471224 -1.029909 0.201961 -0.002206 0.390442 0.898199
1649856262.890254 -3.120150 -4.424664 -1.023871 0.203187 -0.002796 0.400125 0.893648
1649856262.940250 -3.088325 -4.384476 -1.014943 0.205690 -0.002777 0.411080 0.888086
1649856262.990247 -3.057899 -4.336729 -1.009303 0.205302 -0.010892 0.423614 0.882204
1649856263.040244 -3.026754 -4.290756 -1.004120 0.208639 -0.014548 0.435185 0.875712
1649856263.090241 -5.598401 -11.201673 -9.287537 0.022851 -0.236629 0.199988 0.950521
1649856263.140238 -6.325960 -13.558836 -11.830421 0.009954 -0.240689 0.212384 0.947028
1649856263.190235 -7.043695 -15.912473 -14.370743 -0.005841 -0.244693 0.225696 0.942949
1649856263.240232 -7.751210 -18.261834 -16.910267 -0.020067 -0.249926 0.242222 0.937264
1649856263.290229 -8.447402 -20.607484 -19.449555 -0.030504 -0.255495 0.260176 0.930645
1649856263.315227 -8.790947 -21.779246 -20.719271 -0.036512 -0.259404 0.269681 0.926633
1649856263.340225 -9.132075 -22.950404 -21.989867 -0.042128 -0.263006 0.279122 0.922574
1649856263.390222 -9.804356 -25.289877 -24.527858 -0.050115 -0.267475 0.295784 0.915673
1649856263.440219 -10.464165 -27.627083 -27.064159 -0.062802 -0.273614 0.310732 0.908095
1649856263.490216 -11.111213 -29.961712 -29.596762 -0.079632 -0.281585 0.325789 0.899016
1649856263.540213 -11.746505 -32.292166 -32.125200 -0.093889 -0.288045 0.341297 0.889792
1649856263.590210 -12.368703 -34.619064 -34.647351 -0.107006 -0.293149 0.355832 0.880907
1649856263.640207 -12.976947 -36.943044 -37.163735 -0.120212 -0.297645 0.366118 0.873450
1649856263.690203 -13.569613 -39.265630 -39.673841 -0.134982 -0.302961 0.371842 0.867022
1649856263.740200 -14.145379 -41.586891 -42.177071 -0.149502 -0.309624 0.372942 0.861799
1649856263.790197 -14.703552 -43.907770 -44.675088 -0.163328 -0.317376 0.370607 0.857465
1649856263.840194 -15.243290 -46.228720 -47.166282 -0.180488 -0.329112 0.366300 0.851431
1649856263.865193 -15.506523 -47.389010 -48.409365 -0.188997 -0.336004 0.364286 0.847748
1649856263.890191 -15.764936 -48.548868 -49.650430 -0.195428 -0.342965 0.362328 0.844335
1649856263.940188 -16.268388 -50.867353 -52.126454 -0.203251 -0.358049 0.359082 0.837586
1649856263.965186 -16.512883 -52.026097 -53.361242 -0.207097 -0.367159 0.358263 0.833038
1649856263.990185 -16.752723 -53.184482 -54.593675 -0.211217 -0.376997 0.358056 0.827681
1649856264.040182 -17.218795 -55.499650 -57.050821 -0.219373 -0.395316 0.358902 0.816572
1649856264.065180 -17.445232 -56.656489 -58.275419 -0.223967 -0.403042 0.359435 0.811297
1649856264.090178 -17.666818 -57.812774 -59.496988 -0.229477 -0.410154 0.359697 0.806060
1649856264.140175 -18.095477 -60.123795 -61.931672 -0.239931 -0.421469 0.359281 0.797317
1649856264.190172 -18.504168 -62.432721 -64.355156 -0.251570 -0.429390 0.358841 0.789664
1649856264.240169 -18.891645 -64.739156 -66.767909 -0.264145 -0.436301 0.360511 0.780961
1649856264.290166 -19.256366 -67.043262 -69.169694 -0.274752 -0.442975 0.364954 0.771423
1649856264.340163 -19.597169 -69.345038 -71.560423 -0.283580 -0.452278 0.371328 0.759699
1649856264.390160 -19.914263 -71.645415 -73.940112 -0.290829 -0.464314 0.379205 0.745677
1649856264.440157 -20.209171 -73.943766 -76.308388 -0.295287 -0.475210 0.386985 0.732955
1649856264.490154 -20.481372 -76.240483 -78.663165 -0.302882 -0.486540 0.393339 0.718906
1649856264.540150 -20.732735 -78.534482 -81.003444 -0.310671 -0.496038 0.399403 0.705625
1649856264.565149 -20.850925 -79.680406 -82.167821 -0.314098 -0.500033 0.402538 0.699481
1649856264.590147 -20.964276 -80.825531 -83.327905 -0.317289 -0.503719 0.405547 0.693633
1649856264.640144 -21.175271 -83.112678 -85.634870 -0.321546 -0.511249 0.410340 0.683267
1649856264.665143 -21.272799 -84.255109 -86.781445 -0.323629 -0.515742 0.411494 0.678194
1649856264.690141 -21.364842 -85.396669 -87.923356 -0.325667 -0.520766 0.411574 0.673313
1649856264.740138 -21.531876 -87.677117 -90.193474 -0.326688 -0.531076 0.409692 0.665872
1649856264.765136 -21.606768 -88.816308 -91.322043 -0.326487 -0.535996 0.408543 0.662727
1649856264.790135 -21.675459 -89.954736 -92.446466 -0.326305 -0.540176 0.407900 0.659812
1649856264.840132 -21.794695 -92.229405 -94.681853 -0.328192 -0.547346 0.406673 0.653697
1649856264.890129 -21.886895 -94.501303 -96.897382 -0.335651 -0.556764 0.404433 0.643262
1649856264.940125 -21.954473 -96.769456 -99.093172 -0.341366 -0.565904 0.402547 0.633386
1649856264.990122 -21.996724 -99.033611 -101.268382 -0.344198 -0.577617 0.401293 0.621972
1649856265.040119 -22.017108 -101.293360 -103.423581 -0.346133 -0.589084 0.404385 0.607984
1649856265.090116 -22.013560 -103.547251 -105.557018 -0.348556 -0.597677 0.409543 0.594614
1649856265.140113 -21.990465 -105.796268 -107.668751 -0.355097 -0.603369 0.414495 0.581417
1649856265.190110 -21.943754 -108.039226 -109.757580 -0.364132 -0.606358 0.420064 0.568581
1649856265.240107 -21.870347 -110.275083 -111.822699 -0.379228 -0.608454 0.425789 0.551972
1649856265.290104 -21.773476 -112.504369 -113.868107 -0.395769 -0.606417 0.434467 0.535597
1649856265.340101 -21.651649 -114.727657 -115.888864 -0.413323 -0.601154 0.443862 0.520351
1649856265.390097 -21.504039 -116.945006 -117.884710 -0.432442 -0.595915 0.451800 0.503741
1649856265.415096 -21.420664 -118.051621 -118.873358 -0.442548 -0.594382 0.455628 0.493218
1649856265.440094 -21.330741 -119.157018 -119.855355 -0.452486 -0.593207 0.459758 0.481647
1649856265.490091 -21.132123 -121.362991 -121.800329 -0.468989 -0.589650 0.469925 0.459926
1649856265.515090 -21.023414 -122.463418 -122.763773 -0.476016 -0.587569 0.475608 0.449409
1649856265.540088 -20.909239 -123.562547 -123.721054 -0.484057 -0.586348 0.480486 0.437055
1649856265.590085 -20.663664 -125.754915 -125.615051 -0.501105 -0.586191 0.488747 0.407922
1649856265.640082 -20.395684 -127.939926 -127.483564 -0.515587 -0.586195 0.497043 0.378806
1649856265.690078 -20.105364 -130.117084 -129.324455 -0.529032 -0.585551 0.502411 0.353325
1649856265.740075 -19.793627 -132.286001 -131.136829 -0.543493 -0.585131 0.502265 0.331614
1649856265.790072 -19.461292 -134.447237 -132.919145 -0.559415 -0.584973 0.497965 0.311273
1649856265.840069 -19.107352 -136.599354 -134.670573 -0.573511 -0.587075 0.491190 0.291822
1649856265.890066 -18.732135 -138.742271 -136.389780 -0.584506 -0.592919 0.482114 0.272700
1649856265.940063 -18.333519 -140.875434 -138.074727 -0.592438 -0.600955 0.471864 0.255370
1649856265.990060 -17.915756 -142.999187 -139.725505 -0.596194 -0.612063 0.462938 0.235838
1649856266.040057 -17.476514 -145.112943 -141.342284 -0.596173 -0.624883 0.455369 0.216189
1649856266.065055 -17.250084 -146.166125 -142.137309 -0.594712 -0.631928 0.451919 0.206770
1649856266.090054 -17.017395 -147.217154 -142.923203 -0.592402 -0.639777 0.448231 0.197063
1649856266.140050 -16.539222 -149.312717 -144.468688 -0.585462 -0.657298 0.440562 0.176349
1649856266.190047 -16.044536 -151.396759 -145.978623 -0.577489 -0.676164 0.430192 0.155706
1649856266.215046 -15.788402 -152.434275 -146.720446 -0.573304 -0.685570 0.424056 0.146601
1649856266.240044 -15.529143 -153.469195 -147.453563 -0.569026 -0.694765 0.417503 0.138571
1649856266.290041 -14.999898 -155.529354 -148.894741 -0.561002 -0.712073 0.403535 0.124049
1649856266.315039 -14.727943 -156.554736 -149.602049 -0.557030 -0.720035 0.396846 0.117393
1649856266.340038 -14.452309 -157.577073 -150.300867 -0.553110 -0.727315 0.390783 0.111226
1649856266.365036 -14.172600 -158.595629 -150.991065 -0.549215 -0.733864 0.385586 0.105497
1649856266.390035 -13.888935 -159.610381 -151.673111 -0.545476 -0.739787 0.380991 0.100082
1649856266.440032 -13.308897 -161.628167 -153.010469 -0.537419 -0.750104 0.374473 0.091075
1649856266.490028 -12.712978 -163.629669 -154.311777 -0.529424 -0.759550 0.368797 0.082362
1649856266.540025 -12.100102 -165.614925 -155.576213 -0.518880 -0.770169 0.364186 0.070509
1649856266.565024 -11.787648 -166.601552 -156.194427 -0.512068 -0.775689 0.363232 0.064466
1649856266.590022 -11.471682 -167.583795 -156.804329 -0.505585 -0.781162 0.361709 0.057767
1649856266.640019 -10.828276 -169.535475 -157.996110 -0.491068 -0.792819 0.358181 0.044693
1649856266.690016 -10.171125 -171.470565 -159.152346 -0.473475 -0.804989 0.356094 0.031792
1649856266.740013 -9.502154 -173.389658 -160.273725 -0.454433 -0.816720 0.355154 0.018033
1649856266.790010 -8.821361 -175.290363 -161.357051 -0.435674 -0.827133 0.354966 0.006245
1649856266.815008 -8.474514 -176.232518 -161.883106 -0.426919 -0.831954 0.354390 0.000811
1649856266.840007 -8.127107 -177.170914 -162.400962 -0.418583 -0.836739 0.353038 -0.004440
1649856266.890004 -7.427341 -179.034037 -163.409388 -0.401632 -0.846569 0.349038 -0.013620
1649856266.940000 -6.718481 -180.878148 -164.380937 -0.384938 -0.855326 0.346129 -0.020860
1649856266.989997 -6.001470 -182.700850 -165.315109 -0.368032 -0.862854 0.345401 -0.027082
1649856267.039994 -5.278377 -184.503340 -166.212452 -0.351828 -0.870369 0.343036 -0.031651
1649856267.089991 -4.547341 -186.284293 -167.068996 -0.337195 -0.878241 0.337199 -0.035912
1649856267.114990 -4.178248 -187.166535 -167.481283 -0.330570 -0.881794 0.334105 -0.039186
1649856267.139988 -3.807491 -188.043975 -167.883749 -0.323831 -0.884853 0.332111 -0.043251
1649856267.189985 -3.061830 -189.783805 -168.658973 -0.308585 -0.890315 0.330595 -0.053109
1649856267.214983 -2.687927 -190.647187 -169.032061 -0.301131 -0.892755 0.330021 -0.058262
1649856267.239982 -2.311675 -191.504658 -169.393255 -0.294127 -0.895120 0.328800 -0.064338
1649856267.289979 -1.556066 -193.204943 -170.086299 -0.282770 -0.898869 0.325757 -0.077189
1649856267.314977 -1.174763 -194.047098 -170.416561 -0.277943 -0.900376 0.324272 -0.083171
1649856267.339976 -0.793292 -194.885251 -170.737018 -0.273815 -0.901449 0.323677 -0.087456
1649856267.389972 -0.029197 -196.546398 -171.350644 -0.268116 -0.902944 0.323002 -0.092060
1649856267.414971 0.356326 -197.370329 -171.640497 -0.265946 -0.903491 0.323022 -0.092919
1649856267.439969 0.741220 -198.190778 -171.921517 -0.264476 -0.903903 0.322937 -0.093398
1649856267.489966 1.508253 -199.816733 -172.456736 -0.263223 -0.904229 0.322289 -0.095981
1649856267.539963 2.279536 -201.421929 -172.947769 -0.262979 -0.904150 0.320632 -0.102712
1649856267.589960 3.046631 -203.007287 -173.403496 -0.264997 -0.903213 0.318275 -0.112622
1649856267.614958 3.436227 -203.792549 -173.609959 -0.266275 -0.902400 0.317764 -0.117463
1649856267.639957 3.827299 -204.572285 -173.805695 -0.267823 -0.901631 0.316942 -0.121989
1649856267.689954 4.599557 -206.119027 -174.174867 -0.273880 -0.899463 0.314160 -0.131376
1649856267.739950 5.371399 -207.643316 -174.502481 -0.281408 -0.895427 0.313589 -0.143814
1649856267.789948 6.142302 -209.146665 -174.788814 -0.288882 -0.890214 0.314691 -0.158226
1649856267.839944 6.912466 -210.629643 -175.034281 -0.296790 -0.884696 0.314544 -0.174039
1649856267.889941 7.681378 -212.092338 -175.238552 -0.305937 -0.879123 0.312932 -0.188728
1649856267.939938 8.448197 -213.535210 -175.404216 -0.316030 -0.873210 0.311726 -0.201137
1649856267.989935 9.210264 -214.959371 -175.532073 -0.326628 -0.867886 0.307090 -0.213972
1649856268.039932 9.965708 -216.364948 -175.621985 -0.334860 -0.863666 0.300039 -0.227872
