# timestamp tx ty tz qx qy qz qw
1649856227.767436 0.004886 0.000904 0.002801 0.000353 0.003750 0.005710 0.999977
1649856227.817433 0.006921 0.002074 0.004940 0.000072 0.006449 0.009723 0.999932
1649856227.867430 0.023834 -0.010695 0.001883 0.003626 0.013728 0.009246 0.999856
1649856227.917427 0.015317 -0.006836 0.007099 0.003160 0.016315 0.008630 0.999825
1649856227.967423 0.013772 -0.006597 0.006456 0.003508 0.015399 0.009142 0.999833
1649856228.017420 0.016587 -0.007409 0.004880 0.003867 0.014414 0.009429 0.999844
1649856228.067417 0.014943 -0.006224 0.005871 0.003782 0.014515 0.009105 0.999846
1649856228.117414 0.015635 -0.006078 0.005817 0.003781 0.014790 0.009054 0.999842
1649856228.167411 0.014363 -0.005513 0.006380 0.003686 0.014920 0.009060 0.999841
1649856228.217408 0.014305 -0.005656 0.006033 0.003642 0.014917 0.008785 0.999844
1649856228.267405 0.012947 -0.005263 0.005625 0.003664 0.014917 0.008790 0.999843
1649856228.317402 0.012464 -0.005424 0.005171 0.003724 0.014869 0.008574 0.999846
1649856228.367399 0.010993 -0.005066 0.005434 0.003694 0.014810 0.008626 0.999846
1649856228.392397 0.011420 -0.005157 0.005365 0.003693 0.014808 0.008658 0.999846
1649856228.442394 0.010306 -0.004892 0.005162 0.003665 0.014766 0.008479 0.999848
1649856228.492391 0.009462 -0.004708 0.005133 0.003718 0.014697 0.008452 0.999849
1649856228.542388 0.009252 -0.005051 0.004836 0.003680 0.014863 0.008431 0.999847
1649856228.592385 0.009084 -0.005344 0.004988 0.003699 0.014877 0.008626 0.999845
1649856228.642382 0.009129 -0.005448 0.004598 0.003802 0.014905 0.008429 0.999846
1649856228.692379 0.008772 -0.005401 0.005148 0.003758 0.014942 0.008514 0.999845
1649856228.717377 0.009463 -0.005848 0.005341 0.003669 0.014924 0.008376 0.999847
1649856228.742376 0.009805 -0.006125 0.005639 0.003625 0.014908 0.008430 0.999847
1649856228.792373 0.009283 -0.006190 0.006029 0.003605 0.014908 0.008489 0.999846
1649856228.842370 0.008973 -0.005855 0.005863 0.003625 0.014879 0.008298 0.999848
1649856228.892366 0.008620 -0.005574 0.006047 0.003634 0.014949 0.008310 0.999847
1649856228.942363 0.008786 -0.005419 0.005608 0.003599 0.014967 0.008180 0.999848
1649856228.992360 0.008443 -0.005153 0.005903 0.003548 0.014946 0.008240 0.999848
1649856229.042357 0.008546 -0.005060 0.005802 0.003517 0.014931 0.008254 0.999848
1649856229.067356 0.009492 -0.005155 0.005676 0.003524 0.014984 0.008388 0.999846
1649856229.092354 0.009977 -0.005190 0.005800 0.003556 0.014949 0.008460 0.999846
1649856229.142351 0.009204 -0.005145 0.006000 0.003535 0.014929 0.008375 0.999847
1649856229.167349 0.009155 -0.005215 0.006199 0.003515 0.014897 0.008411 0.999847
1649856229.192348 0.009238 -0.005289 0.006263 0.003505 0.014900 0.008479 0.999847
1649856229.242345 0.008472 -0.005370 0.006247 0.003483 0.014896 0.008258 0.999849
1649856229.292342 0.007903 -0.005412 0.006294 0.003520 0.014937 0.008283 0.999848
1649856229.342339 0.007536 -0.005697 0.006085 0.003521 0.015006 0.008171 0.999848
1649856229.392335 0.007254 -0.005748 0.006141 0.003550 0.014966 0.008286 0.999847
1649856229.442333 0.007339 -0.005806 0.005907 0.003525 0.014973 0.008179 0.999848
1649856229.492329 0.007418 -0.005763 0.005928 0.003499 0.014905 0.008263 0.999849
1649856229.542326 0.007268 -0.005459 0.005974 0.003606 0.014908 0.008158 0.999849
1649856229.592323 0.007127 -0.005029 0.006458 0.003589 0.014918 0.008257 0.999848
1649856229.642320 0.007305 -0.004724 0.006885 0.003655 0.014879 0.008218 0.999849
1649856229.692317 0.007260 -0.004344 0.007355 0.003615 0.014884 0.008278 0.999848
1649856229.742314 0.007516 -0.003903 0.007309 0.003677 0.014686 0.008027 0.999853
1649856229.792311 0.007631 -0.003274 0.007417 0.003699 0.014536 0.008208 0.999854
1649856229.842308 0.007900 -0.003518 0.007377 0.003511 0.014707 0.008185 0.999852
1649856229.867306 0.008543 -0.003558 0.007295 0.003478 0.014794 0.008270 0.999850
1649856229.892305 0.009147 -0.003495 0.007164 0.003492 0.014835 0.008363 0.999849
1649856229.942302 0.008735 -0.003712 0.007195 0.003412 0.014828 0.008184 0.999851
1649856229.967300 0.009005 -0.004098 0.007214 0.003418 0.014832 0.008220 0.999850
1649856229.992299 0.009235 -0.004368 0.007318 0.003450 0.014830 0.008303 0.999850
1649856230.042295 0.008467 -0.004648 0.007305 0.003426 0.014839 0.008277 0.999850
1649856230.092292 0.008048 -0.004868 0.007083 0.003429 0.014873 0.008348 0.999849
1649856230.142289 0.007593 -0.004539 0.006755 0.003462 0.014914 0.008182 0.999849
1649856230.167288 0.007989 -0.004463 0.006627 0.003490 0.014944 0.008232 0.999848
1649856230.192286 0.008329 -0.004483 0.006555 0.003503 0.014926 0.008264 0.999848
1649856230.217285 0.008317 -0.004468 0.006688 0.003459 0.014935 0.008175 0.999849
1649856230.242283 0.008206 -0.004387 0.006797 0.003428 0.014989 0.008201 0.999848
1649856230.292278 0.007489 -0.003902 0.007053 0.003445 0.014997 0.008264 0.999847
1649856230.342275 0.006759 -0.003028 0.007520 0.003437 0.014986 0.008152 0.999849
1649856230.392272 0.006604 -0.002082 0.008023 0.003448 0.014935 0.008209 0.999849
1649856230.417270 0.007215 -0.002020 0.008061 0.003426 0.014884 0.008162 0.999850
1649856230.442269 0.007468 -0.001950 0.008225 0.003430 0.014855 0.008218 0.999850
1649856230.492266 0.006939 -0.001374 0.008584 0.003444 0.014805 0.008247 0.999850
1649856230.517264 0.007553 -0.000510 0.008656 0.003485 0.014915 0.008218 0.999849
1649856230.542263 0.008058 0.000290 0.008778 0.003520 0.014949 0.008260 0.999848
1649856230.592259 0.007954 0.001759 0.009326 0.003437 0.015015 0.008258 0.999847
1649856230.642256 0.008057 0.002256 0.009824 0.003288 0.015069 0.008327 0.999846
1649856230.692253 0.008246 0.002711 0.010448 0.003241 0.015035 0.008505 0.999846
1649856230.742250 0.007950 0.002737 0.010806 0.003282 0.014966 0.008568 0.999846
1649856230.792247 0.007885 0.002402 0.010784 0.003292 0.014899 0.008518 0.999847
1649856230.842244 0.007719 0.002457 0.010930 0.003236 0.014864 0.008521 0.999848
1649856230.892241 0.007675 0.002040 0.011254 0.003178 0.014900 0.008575 0.999847
1649856230.942238 0.007938 0.000555 0.010893 0.003117 0.014949 0.008278 0.999849
1649856230.992235 0.008418 -0.000174 0.010789 0.003140 0.015013 0.008357 0.999847
1649856231.017233 0.009543 -0.000874 0.010548 0.003139 0.015003 0.008319 0.999848
1649856231.042232 0.010212 -0.001377 0.010375 0.003122 0.015026 0.008342 0.999847
1649856231.092228 0.010104 -0.002449 0.009973 0.003121 0.015023 0.008409 0.999847
1649856231.142225 0.010390 -0.003008 0.009535 0.003265 0.014925 0.008361 0.999848
1649856231.192222 0.010937 -0.003255 0.008988 0.003278 0.014913 0.008459 0.999848
1649856231.242219 0.010828 -0.002765 0.008809 0.003303 0.014927 0.008392 0.999848
1649856231.292216 0.010704 -0.001720 0.008702 0.003348 0.014846 0.008524 0.999848
1649856231.342213 0.010219 -0.001000 0.008562 0.003341 0.014844 0.008500 0.999848
1649856231.392210 0.010001 -0.000192 0.008679 0.003311 0.014782 0.008528 0.999849
1649856231.417208 0.010484 -0.000520 0.008491 0.003308 0.014820 0.008453 0.999849
1649856231.442207 0.010829 -0.000821 0.008225 0.003299 0.014857 0.008446 0.999849
1649856231.467205 0.011065 -0.001220 0.008082 0.003243 0.014914 0.008417 0.999848
1649856231.492203 0.011280 -0.001684 0.008059 0.003201 0.014948 0.008411 0.999848
1649856231.542201 0.010062 -0.002166 0.007943 0.003297 0.015099 0.008437 0.999845
1649856231.592197 0.009693 -0.002360 0.007786 0.003296 0.015102 0.008540 0.999844
1649856231.642194 0.008985 -0.002563 0.008012 0.003314 0.015072 0.008413 0.999846
1649856231.692191 0.008688 -0.002452 0.008243 0.003337 0.014928 0.008458 0.999847
1649856231.742188 0.008652 -0.001653 0.008401 0.003226 0.015092 0.008297 0.999846
1649856231.792185 0.008881 -0.000988 0.008703 0.003287 0.015011 0.008466 0.999846
1649856231.842182 0.008364 -0.000435 0.009151 0.003224 0.015024 0.008210 0.999848
1649856231.892179 0.008167 0.000007 0.009764 0.003250 0.014894 0.008237 0.999850
1649856231.942176 0.007942 -0.000033 0.010174 0.003267 0.014993 0.008338 0.999847
1649856231.992172 0.007755 0.000254 0.010814 0.003138 0.015091 0.008460 0.999845
1649856232.042169 0.007769 0.000229 0.010724 0.003137 0.015102 0.008244 0.999847
1649856232.092166 0.007312 -0.000032 0.010561 0.003211 0.015114 0.008323 0.999846
1649856232.142163 0.006707 -0.000194 0.010099 0.003204 0.015126 0.008127 0.999847
1649856232.192160 0.006870 0.000053 0.009556 0.003273 0.015063 0.008249 0.999847
1649856232.242157 0.007915 0.000560 0.008716 0.003313 0.015008 0.008280 0.999848
1649856232.292154 0.008676 0.001134 0.008896 0.003338 0.014764 0.008468 0.999850
1649856232.342151 0.009341 0.001095 0.008537 0.003382 0.014730 0.008422 0.999850
1649856232.392148 0.009706 0.001086 0.008124 0.003381 0.014748 0.008556 0.999849
1649856232.417146 0.010320 0.000496 0.008029 0.003363 0.014844 0.008483 0.999848
1649856232.442144 0.009113 -0.001018 0.008440 0.003283 0.014982 0.008343 0.999848
1649856232.492141 0.006959 -0.002413 0.008973 0.003173 0.015133 0.008352 0.999846
1649856232.542138 0.006210 -0.003164 0.008989 0.003207 0.015236 0.008189 0.999845
1649856232.592135 0.006331 -0.003672 0.008844 0.003219 0.015278 0.008278 0.999844
1649856232.642132 0.006662 -0.003571 0.008343 0.003230 0.015286 0.008187 0.999844
1649856232.692129 0.007517 -0.003376 0.007933 0.003228 0.015287 0.008370 0.999843
1649856232.717127 0.008922 -0.003207 0.007882 0.003338 0.015300 0.008276 0.999843
1649856232.792123 0.015831 -0.007766 0.005071 0.004496 0.012833 0.008293 0.999873
1649856232.842120 0.016379 -0.008730 0.003418 0.004851 0.011922 0.008199 0.999884
1649856232.892117 0.016165 -0.008779 0.002829 0.004263 0.012533 0.008396 0.999877
1649856232.942113 0.015330 -0.007328 0.002773 0.004096 0.013185 0.008504 0.999869
1649856232.992110 0.014523 -0.005477 0.003122 0.003949 0.013684 0.008512 0.999862
1649856233.017109 0.014125 -0.003804 0.003813 0.003807 0.014124 0.008364 0.999858
1649856233.042107 0.011488 -0.003580 0.004977 0.003655 0.014575 0.008138 0.999854
1649856233.092104 0.008048 -0.002609 0.006356 0.003527 0.014932 0.007989 0.999850
1649856233.117103 0.006579 -0.002568 0.007445 0.003412 0.015141 0.007579 0.999851
1649856233.142101 0.006221 -0.002406 0.007835 0.003345 0.015125 0.007665 0.999851
1649856233.192098 0.004518 -0.001704 0.008755 0.003236 0.015205 0.007656 0.999850
1649856233.242095 0.003311 -0.000183 0.009923 0.003188 0.015339 0.007129 0.999852
1649856233.292092 0.003315 0.001576 0.010712 0.003194 0.015288 0.007038 0.999853
1649856233.317090 0.004018 0.002597 0.010913 0.003208 0.015265 0.006769 0.999855
1649856233.342089 0.005230 0.002105 0.010748 0.003273 0.015107 0.006939 0.999856
1649856233.392085 0.005066 0.001769 0.011099 0.003264 0.015194 0.007037 0.999854
1649856233.442082 0.004352 0.003086 0.011280 0.003139 0.015069 0.006670 0.999859
1649856233.492079 0.004493 0.004096 0.011281 0.003120 0.014933 0.006672 0.999861
1649856233.517078 0.005682 0.003805 0.010916 0.003077 0.014987 0.006720 0.999860
1649856233.542076 0.006525 0.001988 0.010342 0.003092 0.015109 0.007005 0.999857
1649856233.592073 0.006000 0.000459 0.010082 0.003035 0.015253 0.007139 0.999854
1649856233.617071 0.006000 -0.000808 0.009920 0.003111 0.015379 0.007277 0.999850
1649856233.642070 0.006265 -0.001811 0.009383 0.003174 0.015299 0.007499 0.999850
1649856233.692067 0.005601 -0.002895 0.008957 0.003201 0.015214 0.007592 0.999850
1649856233.742064 0.005334 -0.001819 0.008321 0.003209 0.015247 0.007371 0.999851
1649856233.767062 0.006464 -0.000898 0.007955 0.003179 0.015282 0.007557 0.999850
1649856233.792061 0.007492 -0.000317 0.007855 0.003129 0.015248 0.007692 0.999849
1649856233.842057 0.007889 0.000098 0.007187 0.003162 0.015338 0.007740 0.999847
1649856233.892054 0.008674 0.000039 0.006717 0.003174 0.015306 0.007791 0.999847
1649856233.917053 0.010031 -0.000963 0.006819 0.003267 0.015404 0.007972 0.999844
1649856233.942051 0.009642 -0.002540 0.007313 0.003174 0.015519 0.007920 0.999843
1649856233.992048 0.008626 -0.004152 0.007925 0.003046 0.015670 0.007873 0.999842
1649856234.017047 0.008043 -0.005285 0.008239 0.002971 0.015761 0.007702 0.999842
1649856234.042045 0.008176 -0.005772 0.008341 0.002944 0.015770 0.007755 0.999841
1649856234.092042 0.007367 -0.006659 0.008687 0.002919 0.015779 0.007811 0.999841
1649856234.142039 0.006728 -0.006763 0.009113 0.003087 0.015708 0.007745 0.999842
1649856234.192036 0.006680 -0.006645 0.009278 0.003082 0.015673 0.007890 0.999841
1649856234.242033 0.007059 -0.006486 0.009147 0.002940 0.015691 0.007819 0.999842
1649856234.292030 0.007719 -0.006049 0.008720 0.002980 0.015716 0.007963 0.999840
1649856234.342026 0.008456 -0.004976 0.008144 0.003121 0.015540 0.007963 0.999843
1649856234.392023 0.009410 -0.003590 0.007833 0.003201 0.015396 0.008198 0.999843
1649856234.442020 0.010243 -0.002295 0.007082 0.003284 0.015321 0.008201 0.999844
1649856234.492017 0.010604 -0.000823 0.006723 0.003314 0.015232 0.008409 0.999843
1649856234.542014 0.010423 -0.000671 0.006566 0.003418 0.015272 0.008412 0.999842
1649856234.592011 0.010223 -0.000678 0.006966 0.003376 0.015138 0.008399 0.999844
1649856234.642008 0.009693 -0.001302 0.007141 0.003358 0.015089 0.008303 0.999846
1649856234.692005 0.009185 -0.001678 0.007416 0.003339 0.014940 0.008396 0.999848
1649856234.717003 0.009851 -0.002408 0.007604 0.003338 0.015063 0.008239 0.999847
1649856234.767000 0.010196 -0.004429 0.005314 0.003719 0.014276 0.008368 0.999856
1649856234.816997 0.008920 -0.005502 0.004147 0.003883 0.013863 0.007997 0.999864
1649856234.866994 0.008679 -0.005938 0.003471 0.003849 0.013263 0.008195 0.999871
1649856234.916991 0.008174 -0.006380 0.002461 0.003807 0.012854 0.007963 0.999878
1649856234.966988 0.008715 -0.006481 0.002042 0.003672 0.012150 0.008275 0.999885
1649856234.991986 0.009277 -0.006630 0.001601 0.003614 0.011829 0.008205 0.999890
1649856235.041983 0.009922 -0.006451 0.001104 0.003702 0.011622 0.008294 0.999891
1649856235.091980 0.009833 -0.005826 0.001043 0.003649 0.011961 0.008266 0.999888
1649856235.141977 0.009824 -0.004500 0.001850 0.003807 0.012508 0.008150 0.999881
1649856235.191973 0.009925 -0.003494 0.002968 0.003767 0.012899 0.008217 0.999876
1649856235.241970 0.010034 -0.002645 0.004501 0.003758 0.013480 0.008062 0.999870
1649856235.291967 0.009816 -0.001565 0.006187 0.003681 0.013923 0.008052 0.999864
1649856235.341964 0.009427 -0.001203 0.007294 0.003544 0.013896 0.008149 0.999864
1649856235.391961 0.008843 -0.000620 0.008734 0.003480 0.014016 0.008259 0.999862
1649856235.416960 0.009350 -0.001085 0.009297 0.003341 0.014294 0.008208 0.999859
1649856235.441958 0.008814 -0.002031 0.010042 0.003231 0.014583 0.008141 0.999855
1649856235.491955 0.007325 -0.002722 0.010998 0.003161 0.014883 0.007979 0.999852
1649856235.516953 0.007075 -0.003684 0.010960 0.003052 0.014988 0.007817 0.999852
1649856235.541952 0.007308 -0.004215 0.010801 0.003037 0.015029 0.007899 0.999851
1649856235.566950 0.007322 -0.004772 0.010639 0.003054 0.015074 0.007926 0.999850
1649856235.591949 0.007489 -0.005251 0.010567 0.003006 0.015067 0.007926 0.999851
1649856235.641946 0.006707 -0.005069 0.010516 0.003006 0.015164 0.007860 0.999850
1649856235.691942 0.006849 -0.004522 0.010298 0.003094 0.015192 0.008046 0.999847
1649856235.741939 0.007196 -0.004094 0.009884 0.003108 0.015253 0.008102 0.999846
1649856235.791936 0.008392 -0.002815 0.009939 0.003135 0.015146 0.008289 0.999846
1649856235.841933 0.009114 -0.001899 0.009708 0.003144 0.015038 0.008266 0.999848
1649856235.891930 0.009534 -0.001173 0.009473 0.003154 0.014909 0.008369 0.999849
1649856235.941927 0.009871 -0.000561 0.009007 0.003147 0.014902 0.008243 0.999850
1649856235.991924 0.009980 0.000162 0.008821 0.003138 0.014909 0.008244 0.999850
1649856236.041921 0.009392 -0.000095 0.008178 0.003199 0.014738 0.008190 0.999853
1649856236.066919 0.009232 -0.000529 0.007811 0.003235 0.014672 0.008262 0.999853
1649856236.091918 0.009277 -0.001125 0.007527 0.003279 0.014668 0.008304 0.999853
1649856236.141915 0.008402 -0.001274 0.006945 0.003217 0.014586 0.008109 0.999856
1649856236.191911 0.007839 -0.001057 0.006455 0.003216 0.014301 0.008099 0.999860
1649856236.241908 0.007464 -0.001450 0.006251 0.003272 0.014224 0.007943 0.999862
1649856236.291907 0.007310 -0.001840 0.005705 0.003223 0.014080 0.008020 0.999864
1649856236.316906 0.008218 -0.002126 0.006015 0.003346 0.014201 0.008003 0.999862
1649856236.341904 0.008224 -0.003043 0.006281 0.003340 0.014254 0.007879 0.999862
1649856236.391901 0.007200 -0.003927 0.006758 0.003322 0.014319 0.007533 0.999864
1649856236.441898 0.006233 -0.004153 0.007338 0.003301 0.014350 0.007431 0.999864
1649856236.491895 0.005911 -0.004339 0.008018 0.003283 0.014472 0.007527 0.999862
1649856236.541892 0.005693 -0.004367 0.008399 0.003224 0.014567 0.007554 0.999860
1649856236.591889 0.005826 -0.003565 0.008601 0.003196 0.014614 0.007881 0.999857
1649856236.616887 0.007073 -0.003168 0.008580 0.003224 0.014459 0.007870 0.999859
1649856236.641886 0.007743 -0.003308 0.008572 0.003244 0.014359 0.007956 0.999860
1649856236.691882 0.007039 -0.003116 0.008729 0.003209 0.014486 0.007837 0.999859
1649856236.741879 0.006784 -0.002365 0.008688 0.003177 0.014532 0.007594 0.999861
1649856236.791876 0.007004 -0.001580 0.008521 0.003128 0.014647 0.007651 0.999859
1649856236.816875 0.008369 -0.001993 0.008471 0.003178 0.014790 0.007741 0.999856
1649856236.841873 0.008835 -0.002841 0.008425 0.003176 0.014963 0.007805 0.999853
1649856236.866872 0.008851 -0.003487 0.008475 0.003154 0.015133 0.007816 0.999850
1649856236.891870 0.008743 -0.004440 0.008605 0.003164 0.015191 0.007757 0.999850
1649856236.941867 0.008080 -0.004939 0.008456 0.003106 0.015239 0.007971 0.999847
1649856236.991864 0.007894 -0.004957 0.008289 0.003124 0.015227 0.008151 0.999846
1649856237.041861 0.007739 -0.004873 0.008143 0.003149 0.015176 0.008134 0.999847
1649856237.091857 0.007997 -0.004703 0.007790 0.003149 0.015048 0.008249 0.999848
1649856237.116856 0.008918 -0.004649 0.007699 0.003228 0.015033 0.008191 0.999848
1649856237.141855 0.008939 -0.004700 0.007707 0.003234 0.015060 0.008152 0.999848
1649856237.166853 0.008655 -0.004754 0.007831 0.003231 0.015116 0.008054 0.999848
1649856237.216850 0.007534 -0.004874 0.007961 0.003156 0.015291 0.007917 0.999847
1649856237.241848 0.007540 -0.004981 0.007941 0.003143 0.015340 0.008001 0.999845
1649856237.291845 0.006574 -0.005041 0.008438 0.003099 0.015382 0.008057 0.999844
1649856237.341842 0.005790 -0.004618 0.008698 0.003121 0.015245 0.007898 0.999848
1649856237.391839 0.005569 -0.003935 0.008686 0.003174 0.015104 0.007999 0.999849
1649856237.441836 0.006042 -0.003460 0.008472 0.003183 0.015059 0.007981 0.999850
1649856237.466834 0.007145 -0.003203 0.008280 0.003193 0.014985 0.008127 0.999850
1649856237.491832 0.008117 -0.002833 0.008005 0.003191 0.014962 0.008259 0.999849
1649856237.516831 0.008691 -0.002989 0.007947 0.003244 0.015004 0.008218 0.999848
1649856237.541830 0.008369 -0.003635 0.008121 0.003237 0.015108 0.008192 0.999847
1649856237.591826 0.007254 -0.004300 0.008573 0.003236 0.015211 0.008158 0.999846
1649856237.641823 0.006663 -0.004425 0.008813 0.003214 0.015197 0.007983 0.999847
1649856237.691820 0.006575 -0.004272 0.008225 0.003219 0.015190 0.008104 0.999847
1649856237.741817 0.006448 -0.004313 0.008488 0.003241 0.015081 0.008000 0.999849
1649856237.766815 0.007123 -0.004463 0.008630 0.003244 0.014999 0.008066 0.999850
1649856237.791814 0.007831 -0.004587 0.008652 0.003283 0.014928 0.008111 0.999850
1649856237.841811 0.007501 -0.004084 0.008721 0.003234 0.015010 0.008055 0.999850
1649856237.891808 0.007228 -0.003388 0.008962 0.003206 0.015068 0.008109 0.999848
1649856237.916806 0.007626 -0.003170 0.008839 0.003172 0.015072 0.008147 0.999848
1649856237.941805 0.007529 -0.003448 0.008665 0.003156 0.015162 0.008240 0.999846
1649856237.991802 0.006364 -0.003519 0.008949 0.003042 0.015257 0.008217 0.999845
1649856238.041799 0.005688 -0.003452 0.008934 0.003033 0.015302 0.008012 0.999846
1649856238.091795 0.005625 -0.003678 0.008832 0.003069 0.015229 0.008054 0.999847
1649856238.141792 0.006000 -0.003977 0.008789 0.003133 0.015112 0.007975 0.999849
1649856238.191789 0.006782 -0.003825 0.008736 0.003103 0.015050 0.008087 0.999849
1649856238.241786 0.007607 -0.004046 0.008562 0.003212 0.014987 0.008118 0.999850
1649856238.291783 0.008368 -0.004106 0.008430 0.003202 0.014945 0.008299 0.999849
1649856238.341780 0.009016 -0.004062 0.008458 0.003285 0.015062 0.008285 0.999847
1649856238.391777 0.009352 -0.003992 0.008644 0.003285 0.015079 0.008378 0.999846
1649856238.441773 0.009073 -0.003863 0.008308 0.003339 0.014998 0.008178 0.999849
1649856238.466772 0.009582 -0.003877 0.008081 0.003376 0.014911 0.008180 0.999850
1649856238.491771 0.009936 -0.003550 0.008169 0.003413 0.014800 0.008164 0.999851
1649856238.541767 0.009194 -0.003647 0.008178 0.003357 0.014820 0.008178 0.999851
1649856238.591764 0.008682 -0.003580 0.008250 0.003331 0.014909 0.008260 0.999849
1649856238.641761 0.008578 -0.003871 0.008367 0.003326 0.014854 0.008280 0.999850
1649856238.691758 0.008993 -0.003913 0.008478 0.003328 0.014797 0.008373 0.999850
1649856238.716756 0.009364 -0.004248 0.008223 0.003303 0.014795 0.008204 0.999851
1649856238.766753 0.009707 -0.004549 0.005422 0.003838 0.014015 0.008362 0.999859
1649856238.791752 0.009711 -0.005129 0.004362 0.004057 0.013511 0.008274 0.999866
1649856238.841749 0.009465 -0.004693 0.003261 0.004241 0.013311 0.008185 0.999869
1649856238.891746 0.008969 -0.004033 0.002730 0.004126 0.013668 0.008167 0.999865
1649856238.941742 0.008875 -0.003485 0.002341 0.004128 0.013871 0.008112 0.999862
1649856238.991739 0.009173 -0.003050 0.002482 0.004025 0.014106 0.008252 0.999858
1649856239.041736 0.009168 -0.002604 0.002810 0.003996 0.014337 0.008212 0.999856
1649856239.066735 0.009739 -0.002576 0.003602 0.003905 0.014471 0.008326 0.999853
1649856239.091733 0.010147 -0.002606 0.004539 0.003814 0.014628 0.008410 0.999850
1649856239.141730 0.009268 -0.003157 0.006122 0.003646 0.014710 0.008352 0.999850
1649856239.191727 0.008738 -0.003978 0.007577 0.003497 0.014811 0.008402 0.999849
1649856239.241724 0.007926 -0.004896 0.008391 0.003430 0.014839 0.008184 0.999851
1649856239.291721 0.007255 -0.005320 0.008852 0.003430 0.014795 0.008261 0.999851
1649856239.316719 0.007408 -0.005435 0.009110 0.003375 0.014817 0.008187 0.999851
1649856239.341718 0.007862 -0.005626 0.009165 0.003323 0.014774 0.008239 0.999851
1649856239.391715 0.006759 -0.006033 0.009636 0.003261 0.014878 0.008133 0.999851
1649856239.416713 0.006648 -0.006550 0.009872 0.003198 0.014968 0.007956 0.999851
1649856239.441711 0.006903 -0.006705 0.009816 0.003233 0.014967 0.007996 0.999851
1649856239.491708 0.006264 -0.006864 0.010140 0.003225 0.015029 0.007939 0.999850
1649856239.541705 0.005517 -0.006676 0.010597 0.003200 0.014902 0.007823 0.999853
1649856239.591702 0.005712 -0.006298 0.010410 0.003242 0.014797 0.007881 0.999854
1649856239.616700 0.006731 -0.005987 0.010283 0.003269 0.014712 0.007873 0.999855
1649856239.691696 0.015593 -0.008042 0.004662 0.004716 0.012108 0.008107 0.999883
1649856239.741693 0.017065 -0.008730 0.002480 0.005131 0.011165 0.008228 0.999891
1649856239.791690 0.017478 -0.008273 0.001689 0.004668 0.011652 0.008579 0.999884
1649856239.841687 0.016682 -0.007136 0.001337 0.004430 0.012235 0.008682 0.999878
1649856239.891683 0.015281 -0.006081 0.001621 0.004261 0.012602 0.008761 0.999873
1649856239.941680 0.012741 -0.005468 0.002337 0.003603 0.012831 0.008643 0.999874
1649856239.991677 0.011024 -0.005744 0.003562 0.001671 0.011995 0.008692 0.999889
1649856240.041674 0.009994 -0.006706 0.004481 0.000320 0.011247 0.010287 0.999884
1649856240.066673 0.009949 -0.007252 0.005346 -0.000321 0.010833 0.011226 0.999878
1649856240.141668 0.010253 -0.007535 0.005214 -0.002258 0.010687 0.013618 0.999848
1649856240.216663 0.013091 -0.006902 0.003432 -0.000842 0.013981 0.016322 0.999769
1649856240.266661 0.016837 -0.006277 -0.007813 0.001107 0.012713 0.018330 0.999751
1649856240.316658 0.018693 -0.003784 -0.017506 0.010679 0.007535 0.015359 0.999797
1649856240.366655 0.021132 -0.003940 -0.034575 0.011784 -0.002362 0.010639 0.999871
1649856240.416652 0.023921 -0.000702 -0.055189 0.016104 -0.010952 0.006351 0.999790
1649856240.466649 0.023926 0.006603 -0.084872 0.019411 -0.013168 0.004639 0.999714
1649856240.491647 0.024589 0.011940 -0.103886 0.022329 -0.013160 0.003924 0.999656
1649856240.541644 0.025491 0.027723 -0.141742 0.027794 -0.012826 0.003388 0.999526
1649856240.591641 0.028440 0.048084 -0.178352 0.031752 -0.012950 -0.000742 0.999412
1649856240.641638 0.032743 0.071750 -0.217328 0.036954 -0.010371 -0.009409 0.999219
1649856240.691635 0.037616 0.098845 -0.256115 0.037917 -0.004384 -0.015909 0.999145
1649856240.716633 0.040465 0.114023 -0.273959 0.036921 -0.000292 -0.017983 0.999156
1649856240.741632 0.046643 0.130150 -0.291635 0.034896 0.005371 -0.018398 0.999207
1649856240.791629 0.050105 0.165074 -0.322004 0.033084 0.017753 -0.020090 0.999093
1649856240.841626 0.053235 0.201863 -0.352945 0.033013 0.028309 -0.025604 0.998726
1649856240.891623 0.054969 0.241191 -0.380740 0.033047 0.038616 -0.036916 0.998025
1649856240.941619 0.055697 0.282297 -0.407785 0.035321 0.047954 -0.050926 0.996925
1649856240.991616 0.054595 0.325078 -0.432297 0.036204 0.055870 -0.066597 0.995556
1649856241.041613 0.052872 0.369145 -0.452593 0.039799 0.060997 -0.085175 0.993700
1649856241.066612 0.050834 0.390800 -0.459119 0.041490 0.062002 -0.093912 0.992781
1649856241.091610 0.050195 0.412852 -0.466673 0.042432 0.062607 -0.102558 0.991848
1649856241.141607 0.045664 0.458004 -0.480532 0.047162 0.062702 -0.123682 0.989215
1649856241.166606 0.043544 0.480272 -0.484105 0.049559 0.062104 -0.135073 0.987645
1649856241.191604 0.040669 0.502428 -0.486410 0.051918 0.062074 -0.145829 0.985995
1649856241.241601 0.032522 0.545535 -0.493576 0.056021 0.065969 -0.165251 0.982447
1649856241.291598 0.023371 0.587180 -0.500372 0.056310 0.071243 -0.182402 0.979022
1649856241.341595 0.012560 0.627142 -0.502774 0.053171 0.079355 -0.199205 0.975291
1649856241.391592 0.001009 0.664451 -0.500330 0.047370 0.085590 -0.215353 0.971624
1649856241.416590 -0.004815 0.682019 -0.498789 0.043902 0.088495 -0.223222 0.969749
1649856241.441589 -0.011354 0.699521 -0.495950 0.041616 0.091576 -0.231180 0.967697
1649856241.491585 -0.025736 0.733836 -0.488823 0.036190 0.097905 -0.247536 0.963240
1649856241.516584 -0.032870 0.750600 -0.483548 0.033759 0.100245 -0.256112 0.960842
1649856241.541583 -0.039378 0.767141 -0.478367 0.032327 0.102040 -0.265295 0.958207
1649856241.591579 -0.053299 0.797737 -0.466774 0.025047 0.102848 -0.280042 0.954134
1649856241.641576 -0.066601 0.828227 -0.456401 0.022044 0.095754 -0.293680 0.950840
1649856241.691573 -0.068609 0.858377 -0.450622 0.021158 0.084444 -0.305504 0.948203
1649856241.741570 -0.076380 0.885223 -0.433277 0.017745 0.067427 -0.317453 0.945707
1649856241.791567 -0.082871 0.905228 -0.402158 0.009722 0.050342 -0.330999 0.942237
1649856241.816566 -0.086930 0.913672 -0.383593 0.003771 0.043449 -0.335533 0.941018
1649856241.841564 -0.091261 0.921228 -0.362488 -0.000006 0.036608 -0.338051 0.940416
1649856241.891561 -0.097322 0.934653 -0.324878 -0.000912 0.017370 -0.341535 0.939708
1649856241.941558 -0.102398 0.945386 -0.283830 0.001854 -0.003467 -0.344334 0.938839
1649856241.991555 -0.107520 0.952184 -0.251303 0.008392 -0.020593 -0.348821 0.936925
1649856242.041552 -0.110980 0.956211 -0.221941 0.014117 -0.033324 -0.350315 0.935933
1649856242.091549 -0.111967 0.957547 -0.196724 0.012108 -0.038169 -0.342130 0.938799
1649856242.116547 -0.111042 0.959743 -0.186361 0.011182 -0.037847 -0.334213 0.941671
1649856242.141546 -0.108155 0.964081 -0.177758 0.009984 -0.037755 -0.325623 0.944693
1649856242.191542 -0.106563 0.968426 -0.160014 0.013208 -0.037763 -0.309182 0.950161
1649856242.216541 -0.104936 0.969448 -0.151321 0.015660 -0.038136 -0.304565 0.951599
1649856242.241539 -0.102393 0.971218 -0.147629 0.018541 -0.039248 -0.302363 0.952204
1649856242.291536 -0.094247 0.981427 -0.146137 0.025707 -0.031958 -0.296434 0.954172
1649856242.341533 -0.090040 0.988360 -0.138754 0.031890 -0.024827 -0.287525 0.956920
1649856242.366532 -0.085806 0.993423 -0.138229 0.037532 -0.021817 -0.281748 0.958506
1649856242.391530 -0.083692 0.996754 -0.135537 0.042813 -0.019628 -0.277186 0.959661
1649856242.441527 -0.081143 1.000342 -0.128619 0.049636 -0.018530 -0.271199 0.961064
1649856242.491524 -0.080965 0.998951 -0.123334 0.052388 -0.022969 -0.271074 0.960857
1649856242.541521 -0.082185 0.995569 -0.118643 0.055332 -0.029146 -0.274505 0.959550
1649856242.566519 -0.082907 0.994078 -0.117741 0.058346 -0.032357 -0.275726 0.958918
1649856242.591518 -0.083787 0.993511 -0.116819 0.061499 -0.034936 -0.276702 0.958349
1649856242.641515 -0.087947 0.994276 -0.114462 0.063863 -0.038661 -0.278794 0.957445
1649856242.691512 -0.093198 0.996650 -0.114175 0.068186 -0.037668 -0.282353 0.956143
1649856242.741508 -0.101083 1.001456 -0.115235 0.071910 -0.033871 -0.286327 0.954829
1649856242.791506 -0.109207 1.009707 -0.115440 0.078037 -0.030254 -0.288510 0.953812
1649856242.841502 -0.119091 1.022126 -0.116558 0.086607 -0.027363 -0.293203 0.951726
1649856242.891499 -0.122474 1.046027 -0.132384 0.095070 -0.019319 -0.300095 0.948963
1649856242.941496 -0.139382 1.065215 -0.140757 0.097120 -0.010467 -0.310514 0.945536
1649856242.991493 -0.158712 1.084900 -0.152564 0.099706 -0.003088 -0.318257 0.942742
1649856243.041490 -0.182840 1.104111 -0.162801 0.100331 0.002822 -0.331838 0.937981
1649856243.091487 -0.210272 1.119274 -0.168867 0.101205 0.007413 -0.354161 0.929663
1649856243.141484 -0.242842 1.133759 -0.173651 0.096048 0.013433 -0.379957 0.919906
1649856243.166482 -0.259445 1.141182 -0.175851 0.092827 0.016893 -0.393662 0.914400
1649856243.241478 -0.316058 1.161852 -0.176020 0.082948 0.029872 -0.436602 0.895325
1649856243.291475 -0.355844 1.172847 -0.172918 0.073859 0.036632 -0.460456 0.883846
1649856243.341472 -0.395938 1.181283 -0.167405 0.064509 0.037716 -0.487601 0.869863
1649856243.391469 -0.437655 1.185512 -0.159112 0.053135 0.033736 -0.514418 0.855227
1649856243.441465 -0.478027 1.188132 -0.151527 0.044038 0.024384 -0.537291 0.841893
1649856243.466464 -0.497710 1.187580 -0.148121 0.038047 0.018228 -0.548876 0.834838
1649856243.491462 -0.518979 1.186350 -0.144669 0.032742 0.011256 -0.562011 0.826405
1649856243.541459 -0.564045 1.181440 -0.135786 0.026555 -0.003614 -0.589345 0.807437
1649856243.591456 -0.610463 1.173060 -0.126655 0.021691 -0.018791 -0.613491 0.789180
1649856243.641453 -0.659717 1.163361 -0.115964 0.013644 -0.028902 -0.636865 0.770312
1649856243.691450 -0.709998 1.155119 -0.101764 0.005567 -0.034217 -0.659055 0.751295
1649856243.741447 -0.762511 1.142377 -0.089101 0.000027 -0.036662 -0.679960 0.732332
1649856243.791444 -0.812464 1.128012 -0.075907 -0.001741 -0.037595 -0.696623 0.716450
1649856243.841441 -0.857887 1.112442 -0.068525 0.001647 -0.041197 -0.714200 0.698726
1649856243.891438 -0.897214 1.094941 -0.062683 0.005782 -0.045915 -0.730098 0.681774
1649856243.941435 -0.933638 1.073702 -0.057305 0.009942 -0.052096 -0.741586 0.668758
1649856243.991431 -0.963438 1.049713 -0.052222 0.014461 -0.057749 -0.748114 0.660895
1649856244.041429 -0.981854 1.029000 -0.043913 0.020762 -0.060157 -0.753843 0.653965
1649856244.066427 -0.991184 1.016229 -0.041611 0.024583 -0.061393 -0.756117 0.651087
1649856244.091425 -0.999739 1.001811 -0.039618 0.028328 -0.061885 -0.758542 0.648060
1649856244.116424 -1.008093 0.986524 -0.037612 0.032782 -0.061394 -0.761559 0.644348
1649856244.141422 -1.016544 0.968975 -0.035157 0.035761 -0.059118 -0.764213 0.641253
1649856244.191419 -1.032952 0.931418 -0.029923 0.034470 -0.049065 -0.767011 0.638826
1649856244.241416 -1.048581 0.887923 -0.024003 0.032420 -0.040788 -0.769447 0.636582
1649856244.291413 -1.061238 0.839118 -0.017383 0.032124 -0.036472 -0.770345 0.635772
1649856244.341410 -1.072807 0.786207 -0.010066 0.031538 -0.031769 -0.770384 0.636007
1649856244.391407 -1.081108 0.731763 -0.004445 0.028770 -0.025843 -0.769104 0.637952
1649856244.441404 -1.088751 0.675952 -0.000666 0.026245 -0.018980 -0.768488 0.639044
1649856244.491401 -1.094045 0.620872 0.000580 0.026928 -0.011560 -0.769151 0.638395
1649856244.541398 -1.099956 0.566456 0.000488 0.025016 -0.001461 -0.770705 0.636699
1649856244.591395 -1.103808 0.514841 0.001004 0.023202 0.008379 -0.771474 0.635782
1649856244.641392 -1.107886 0.461892 0.001208 0.020409 0.012762 -0.772185 0.634942
1649856244.691388 -1.109870 0.409551 0.001817 0.013448 0.011195 -0.771499 0.635990
1649856244.741385 -1.113870 0.355665 0.002262 0.002279 0.008041 -0.770527 0.637353
1649856244.766384 -1.114651 0.329278 0.002316 -0.003766 0.007444 -0.769832 0.638192
1649856244.791382 -1.115520 0.301817 0.003147 -0.009041 0.007623 -0.768851 0.639319
1649856244.816381 -1.116953 0.274307 0.004630 -0.012530 0.008239 -0.768307 0.639905
1649856244.841379 -1.111762 0.240257 -0.000983 -0.014665 0.009107 -0.768608 0.639487
1649856244.866378 -1.110136 0.211874 -0.000052 -0.015018 0.011633 -0.768311 0.639795
1649856244.891376 -1.108990 0.183209 0.000010 -0.013350 0.014363 -0.768229 0.639875
1649856244.916374 -1.107848 0.154278 0.000450 -0.011049 0.017293 -0.768052 0.640058
1649856244.941373 -1.111866 0.126943 0.000132 -0.008985 0.020585 -0.766865 0.641416
1649856244.991370 -1.119627 0.070251 0.001775 -0.005085 0.026168 -0.764027 0.644633
1649856245.041367 -1.128007 0.010146 0.001454 -0.000721 0.030925 -0.760542 0.648552
1649856245.066365 -1.132553 -0.019530 0.000619 0.000955 0.032961 -0.758679 0.650630
1649856245.091364 -1.135973 -0.048094 -0.000498 0.002570 0.033698 -0.756665 0.652929
1649856245.141361 -1.143884 -0.107541 -0.004711 0.005677 0.033524 -0.755170 0.654647
1649856245.166359 -1.147570 -0.140431 -0.000470 0.007252 0.034059 -0.754429 0.655457
1649856245.191358 -1.148572 -0.170765 0.001522 0.008113 0.034001 -0.752931 0.657170
1649856245.241354 -1.152724 -0.233539 0.002436 0.007870 0.031700 -0.751309 0.659142
1649856245.291352 -1.152433 -0.295336 0.003941 0.006126 0.025414 -0.749250 0.661771
1649856245.316350 -1.151407 -0.326222 0.005372 0.005156 0.022224 -0.748816 0.662386
1649856245.341348 -1.145714 -0.359565 0.007875 0.004482 0.019835 -0.749021 0.662234
1649856245.391345 -1.145515 -0.423078 0.009650 0.003591 0.018513 -0.748390 0.662991
1649856245.416344 -1.145434 -0.457704 0.017915 0.004533 0.019804 -0.748943 0.662323
1649856245.441342 -1.145728 -0.491838 0.024645 0.005717 0.022081 -0.749759 0.661318
1649856245.491339 -1.144589 -0.555976 0.030110 0.009666 0.027842 -0.752645 0.657767
1649856245.541336 -1.142311 -0.619723 0.033881 0.015250 0.034289 -0.758378 0.650733
1649856245.591333 -1.141189 -0.683464 0.033747 0.022916 0.042940 -0.766473 0.640430
1649856245.641330 -1.142028 -0.747079 0.031030 0.027815 0.051332 -0.775418 0.628744
1649856245.691327 -1.142814 -0.808868 0.025312 0.029638 0.053588 -0.784551 0.617033
1649856245.741324 -1.146579 -0.870938 0.019078 0.025598 0.052237 -0.792294 0.607360
1649856245.791321 -1.151492 -0.931380 0.007242 0.019010 0.048887 -0.797383 0.601189
1649856245.841318 -1.158930 -0.993335 0.008538 0.014486 0.048865 -0.801080 0.596384
1649856245.891315 -1.167961 -1.052833 0.006327 0.011115 0.049551 -0.804024 0.592424
1649856245.941311 -1.179515 -1.112640 0.012362 0.009236 0.053052 -0.807482 0.587430
1649856245.991308 -1.191651 -1.174624 0.018634 0.010059 0.056680 -0.810385 0.583063
1649856246.041305 -1.203588 -1.237115 0.023451 0.012381 0.058758 -0.813000 0.579158
1649856246.091302 -1.216707 -1.302424 0.027190 0.014753 0.059863 -0.813770 0.577908
1649856246.141299 -1.231936 -1.370226 0.029355 0.016827 0.061640 -0.814393 0.576785
1649856246.191296 -1.247140 -1.435929 0.030404 0.018001 0.059004 -0.816097 0.574614
1649856246.241293 -1.263866 -1.502373 0.028064 0.015936 0.054048 -0.818213 0.572146
1649856246.291290 -1.280098 -1.568926 0.025768 0.012047 0.047506 -0.818976 0.571731
1649856246.341287 -1.297627 -1.637046 0.022333 0.006799 0.042457 -0.819864 0.570942
1649856246.391284 -1.314801 -1.706146 0.022292 0.004293 0.037392 -0.821024 0.569651
1649856246.441281 -1.333150 -1.777371 0.025964 0.004486 0.034730 -0.822608 0.567530
1649856246.491277 -1.351421 -1.846145 0.030261 0.006922 0.035520 -0.824089 0.565303
1649856246.541275 -1.371657 -1.917240 0.038101 0.013750 0.036811 -0.827648 0.559870
1649856246.591271 -1.391739 -1.986719 0.040509 0.020003 0.038288 -0.832337 0.552584
1649856246.641268 -1.413034 -2.057765 0.044099 0.026501 0.039457 -0.838281 0.543163
1649856246.691265 -1.436699 -2.127219 0.046369 0.027050 0.041073 -0.843167 0.535397
1649856246.716264 -1.447992 -2.161331 0.049047 0.026828 0.040356 -0.845871 0.531181
1649856246.741262 -1.458535 -2.196019 0.050951 0.027158 0.038297 -0.848802 0.526622
1649856246.791259 -1.485951 -2.263182 0.048421 0.025463 0.035162 -0.852911 0.520248
1649856246.841256 -1.517124 -2.330021 0.047507 0.018955 0.033863 -0.856219 0.515153
1649856246.891253 -1.549074 -2.396971 0.050317 0.012609 0.032849 -0.858922 0.510895
1649856246.941250 -1.581584 -2.464956 0.057719 0.011311 0.034004 -0.861772 0.506028
1649856246.966248 -1.593153 -2.500882 0.066956 0.012772 0.034919 -0.863021 0.503798
1649856246.991247 -1.609183 -2.534033 0.073942 0.014476 0.036993 -0.863425 0.502910
1649856247.041244 -1.643492 -2.603466 0.084454 0.017941 0.039564 -0.863438 0.502581
1649856247.091241 -1.673002 -2.667138 0.099865 0.023268 0.040305 -0.861657 0.505353
1649856247.141237 -1.703897 -2.730363 0.115955 0.027963 0.041199 -0.859057 0.509453
1649856247.191234 -1.733057 -2.799614 0.117554 0.033255 0.037179 -0.856980 0.512930
1649856247.241231 -1.764178 -2.868670 0.116988 0.037693 0.035145 -0.855197 0.515735
1649856247.291228 -1.794143 -2.937381 0.121487 0.040231 0.034166 -0.852669 0.519779
1649856247.341225 -1.825508 -3.008309 0.125981 0.037304 0.030015 -0.850113 0.524419
1649856247.391222 -1.854705 -3.077011 0.124851 0.033436 0.023249 -0.847955 0.528502
1649856247.441219 -1.884016 -3.147049 0.127087 0.029752 0.018107 -0.846097 0.531890
1649856247.491216 -1.917310 -3.218701 0.137818 0.030826 0.018990 -0.844673 0.534057
1649856247.541213 -1.947313 -3.288084 0.145301 0.035271 0.022174 -0.845788 0.531890
1649856247.591210 -1.973488 -3.355627 0.137166 0.039864 0.024279 -0.847577 0.528615
1649856247.641207 -2.001692 -3.424084 0.144759 0.047814 0.028350 -0.850931 0.522328
1649856247.691204 -2.028195 -3.491255 0.136181 0.051856 0.033255 -0.854639 0.515555
1649856247.741200 -2.057043 -3.559733 0.136255 0.051218 0.035355 -0.858549 0.508941
1649856247.791198 -2.084416 -3.625473 0.131622 0.043883 0.031887 -0.862413 0.503290
1649856247.841194 -2.115607 -3.691992 0.119578 0.033101 0.027361 -0.864919 0.500071
1649856247.891191 -2.151093 -3.754981 0.111367 0.021918 0.025827 -0.866032 0.498841
1649856247.941188 -2.188184 -3.819040 0.114109 0.015830 0.027658 -0.866428 0.498284
1649856247.991185 -2.228222 -3.884532 0.112980 0.013971 0.030539 -0.865919 0.499056
1649856248.041182 -2.269265 -3.950637 0.120726 0.016723 0.035810 -0.865417 0.499491
1649856248.091179 -2.301070 -4.015609 0.123762 0.019966 0.040678 -0.863604 0.502130
1649856248.116177 -2.316784 -4.048255 0.129608 0.023232 0.043547 -0.862759 0.503201
1649856248.166174 -2.349868 -4.114912 0.131046 0.026898 0.045743 -0.861083 0.505688
1649856248.216171 -2.384749 -4.181173 0.129015 0.026554 0.042253 -0.860099 0.507680
1649856248.266168 -2.425705 -4.247086 0.153320 0.024725 0.043497 -0.858118 0.511009
1649856248.291167 -2.443610 -4.278889 0.153290 0.023735 0.041546 -0.857686 0.511943
1649856248.341164 -2.478907 -4.343711 0.154533 0.021857 0.036127 -0.857022 0.513547
1649856248.391160 -2.498783 -4.400786 0.152122 0.021472 0.031002 -0.856168 0.515320
1649856248.441157 -2.526794 -4.462491 0.180597 0.026080 0.031115 -0.856005 0.515371
1649856248.491154 -2.555091 -4.523182 0.183795 0.033554 0.032277 -0.857150 0.512958
1649856248.541151 -2.587719 -4.586086 0.190291 0.039581 0.035703 -0.860690 0.506332
1649856248.591148 -2.620353 -4.647370 0.191480 0.044291 0.038410 -0.865693 0.497131
1649856248.641145 -2.655314 -4.708613 0.181689 0.046746 0.040546 -0.870345 0.488539
1649856248.691142 -2.690457 -4.765383 0.171411 0.046360 0.041421 -0.874478 0.481064
1649856248.741139 -2.727691 -4.801397 0.172507 0.046586 0.037524 -0.878776 0.473471
1649856248.766137 -2.743210 -4.826333 0.166036 0.044002 0.036019 -0.880960 0.469762
1649856248.791136 -2.754494 -4.847469 0.151258 0.039109 0.034367 -0.882072 0.468229
1649856248.841133 -2.797141 -4.933295 0.169458 0.036760 0.032992 -0.883855 0.465145
1649856248.891129 -2.831434 -4.981310 0.131004 0.030861 0.022087 -0.884631 0.464744
1649856248.941127 -2.870321 -5.050690 0.130839 0.029717 0.027273 -0.883405 0.466872
1649856248.991123 -2.894179 -5.088390 0.097396 0.028205 0.028306 -0.880693 0.471999
1649856249.041120 -2.932907 -5.150108 0.089934 0.034495 0.031328 -0.875265 0.481394
1649856249.091117 -2.968327 -5.207751 0.087247 0.040568 0.031238 -0.868387 0.493237
1649856249.116116 -2.937472 -5.167340 0.105713 0.036892 0.042460 -0.866164 0.496584
1649856249.141114 -2.945391 -5.176721 0.114994 0.040296 0.045273 -0.861515 0.504101
1649856249.191111 -2.973632 -5.221829 0.120345 0.042413 0.047580 -0.850886 0.521469
1649856249.216110 -3.010240 -5.264937 0.123687 0.042573 0.047183 -0.846916 0.527916
1649856249.241108 -3.049447 -5.309925 0.126354 0.042010 0.046580 -0.842898 0.534404
1649856249.291105 -3.098292 -5.396475 0.130743 0.045554 0.040066 -0.836896 0.543990
1649856249.341102 -3.146825 -5.484476 0.136848 0.044791 0.033281 -0.830285 0.554538
1649856249.391099 -3.167186 -5.548113 0.145415 0.046205 0.028066 -0.821878 0.567092
1649856249.441096 -3.188782 -5.611083 0.157857 0.048430 0.024612 -0.811786 0.581423
1649856249.491093 -3.193253 -5.652087 0.171795 0.053273 0.023188 -0.799650 0.597648
1649856249.541090 -3.194546 -5.694960 0.186872 0.057588 0.021027 -0.785683 0.615584
1649856249.566088 -3.196813 -5.715114 0.194752 0.060721 0.020167 -0.777516 0.625600
1649856249.591086 -3.198210 -5.736967 0.200796 0.063417 0.019982 -0.769189 0.635553
1649856249.641083 -3.199678 -5.779880 0.212035 0.069143 0.020976 -0.749273 0.658308
1649856249.691080 -3.202483 -5.825327 0.220873 0.073099 0.023344 -0.725518 0.683911
1649856249.741077 -3.203994 -5.871750 0.227637 0.074269 0.023335 -0.699048 0.710824
1649856249.791074 -3.204243 -5.919702 0.232573 0.074246 0.021929 -0.671098 0.737316
1649856249.841071 -3.198067 -5.967235 0.236822 0.071870 0.021702 -0.641631 0.763330
1649856249.891068 -3.194751 -6.025122 0.261569 0.068366 0.041336 -0.607301 0.790444
1649856249.941065 -3.187852 -6.064138 0.260646 0.067571 0.042669 -0.573290 0.815446
1649856249.991062 -3.174339 -6.087893 0.291484 0.065101 0.051943 -0.536472 0.839798
1649856250.041059 -3.163997 -6.119699 0.295091 0.064060 0.054882 -0.493786 0.865482
1649856250.091056 -3.151186 -6.148176 0.297747 0.065620 0.058076 -0.445798 0.890834
1649856250.141052 -3.136725 -6.126257 0.414251 0.066670 0.085273 -0.397019 0.911405
1649856250.191050 -3.144118 -6.044940 0.587797 0.030394 0.087134 -0.358947 0.928785
1649856250.241046 -3.118682 -6.029608 0.660427 0.037681 0.092611 -0.310433 0.945323
1649856250.291043 -3.114010 -6.022851 0.712502 0.043177 0.095297 -0.263629 0.958934
1649856250.341040 -3.113351 -6.016815 0.762717 0.043640 0.096715 -0.221200 0.969439
1649856250.391037 -3.214517 -5.998010 0.844507 0.036309 0.076269 -0.155566 0.984207
1649856250.441034 -3.238722 -5.983310 0.903881 0.034153 0.080771 -0.112602 0.989763
1649856250.491031 -3.258190 -5.968107 0.961226 0.036517 0.085636 -0.067366 0.993376
1649856250.541028 -3.225488 -5.961857 1.100701 0.020011 0.068250 -0.018653 0.997293
1649856250.591025 -3.234310 -5.950502 1.171860 0.019421 0.075175 0.021526 0.996749
1649856250.641022 -3.236416 -5.943054 1.238676 0.013908 0.082097 0.060964 0.994661
1649856250.691019 -3.234086 -5.938576 1.305162 0.005105 0.087303 0.096779 0.991457
1649856250.741016 -3.232100 -5.934863 1.371049 -0.008038 0.090754 0.131996 0.987054
1649856250.766014 -3.270141 -5.887799 1.382189 -0.020529 0.069202 0.115619 0.990667
1649856250.791013 -3.274049 -5.878050 1.410771 -0.023902 0.071750 0.130629 0.988543
1649856250.816011 -3.278434 -5.869222 1.440136 -0.023785 0.075149 0.145198 0.986258
1649856250.891006 -3.248538 -5.852213 1.514633 -0.032562 0.081515 0.197551 0.976355
1649856250.941003 -3.244709 -5.843181 1.569869 -0.037793 0.085429 0.228400 0.969075
1649856250.991000 -3.238490 -5.831150 1.622762 -0.040990 0.087345 0.264131 0.959649
1649856251.040997 -3.227046 -5.818113 1.677014 -0.043522 0.088277 0.302048 0.948198
1649856251.090994 -3.222676 -5.774537 1.733884 -0.041236 0.088393 0.337324 0.936322
1649856251.140991 -3.201896 -5.754284 1.790944 -0.041434 0.087112 0.368710 0.924526
1649856251.165989 -3.187154 -5.744141 1.819090 -0.040355 0.086633 0.383706 0.918497
1649856251.190988 -3.173829 -5.733850 1.847330 -0.039006 0.086049 0.397320 0.912804
1649856251.240985 -3.152363 -5.715715 1.901453 -0.035155 0.085870 0.423333 0.901210
1649856251.290979 -3.134175 -5.699702 1.953923 -0.027585 0.091999 0.446857 0.889435
1649856251.340976 -3.117819 -5.685970 2.005011 -0.022746 0.097296 0.469294 0.877371
1649856251.365975 -3.109828 -5.679074 2.029917 -0.021089 0.100494 0.480001 0.871238
1649856251.390973 -3.101860 -5.673052 2.055258 -0.020179 0.103960 0.489443 0.865581
1649856251.440970 -3.085095 -5.665153 2.108283 -0.025068 0.109363 0.505537 0.855479
1649856251.490967 -3.067373 -5.660543 2.158088 -0.036172 0.111432 0.528156 0.841027
1649856251.515965 -3.060237 -5.656705 2.182636 -0.039580 0.112931 0.538778 0.833905
1649856251.590961 -3.033274 -5.632139 2.260879 -0.042733 0.114686 0.558970 0.820106
1649856251.640958 -3.015385 -5.629222 2.317926 -0.046952 0.107367 0.563837 0.817530
1649856251.665956 -3.007957 -5.628457 2.341979 -0.046633 0.104257 0.565560 0.816760
1649856251.690955 -3.001507 -5.625224 2.369837 -0.046616 0.101708 0.566575 0.816379
1649856251.715953 -2.995917 -5.621739 2.397897 -0.046069 0.098974 0.567390 0.816180
1649856251.740952 -2.996712 -5.613293 2.416359 -0.043186 0.092869 0.565976 0.818035
1649856251.790949 -2.986276 -5.604638 2.469821 -0.040302 0.086932 0.564927 0.819558
1649856251.840945 -2.972449 -5.599361 2.523166 -0.038596 0.079603 0.563563 0.821322
1649856251.890943 -2.957623 -5.597521 2.577863 -0.037101 0.075581 0.561339 0.823292
1649856251.915941 -2.949579 -5.597333 2.605369 -0.036874 0.074457 0.560272 0.824131
1649856251.940939 -1.257113 -4.637329 7.392890 -0.014758 0.351202 0.626669 0.695504
1649856251.990936 -0.728437 -4.461075 8.578548 -0.015117 0.353054 0.623796 0.697139
1649856252.040933 -0.207659 -4.293436 9.768156 -0.017546 0.353411 0.619904 0.700365
1649856252.090930 0.305151 -4.133479 10.962268 -0.021204 0.353637 0.614130 0.705221
1649856252.115929 0.558731 -4.056554 11.561303 -0.023326 0.353678 0.611049 0.707805
1649856252.140927 0.809897 -3.981190 12.160785 -0.025251 0.354233 0.607538 0.710477
1649856252.190924 1.302425 -3.840670 13.367345 -0.028646 0.355458 0.601154 0.715152
1649856252.215922 1.545418 -3.773403 13.974137 -0.029951 0.356851 0.598500 0.716629
1649856252.240921 1.785578 -3.708374 14.579709 -0.030607 0.358340 0.595353 0.718478
1649856252.290918 2.258120 -3.583454 15.794581 -0.030673 0.364515 0.583390 0.725151
1649856252.340915 2.721340 -3.466581 17.012229 -0.030200 0.370808 0.569945 0.732634
1649856252.390912 3.174983 -3.359005 18.234157 -0.030483 0.374896 0.562388 0.736372
1649856252.440909 3.618520 -3.260174 19.460197 -0.027918 0.381173 0.556035 0.738074
1649856252.490906 4.051927 -3.171548 20.690015 -0.024666 0.386493 0.551118 0.739110
1649856252.540902 4.475398 -3.092382 21.921135 -0.019936 0.390931 0.544115 0.742101
1649856252.590899 4.890923 -3.021986 23.156009 -0.015771 0.393357 0.534791 0.747677
1649856252.615898 5.096226 -2.989273 23.775454 -0.014896 0.393675 0.531096 0.750157
1649856252.640896 5.297448 -2.960031 24.393953 -0.014536 0.393998 0.528829 0.751595
1649856252.690893 5.687155 -2.911912 25.637060 -0.012800 0.399279 0.525849 0.750929
1649856252.715892 5.875840 -2.890841 26.260515 -0.012922 0.402654 0.526150 0.748912
1649856252.740890 6.064408 -2.872542 26.884601 -0.013504 0.405667 0.526647 0.746924
1649856252.790887 6.435461 -2.842187 28.140393 -0.014626 0.411406 0.524589 0.745210
1649856252.840884 6.799046 -2.820668 29.398850 -0.018599 0.411234 0.524357 0.745379
1649856252.865882 6.977693 -2.812930 30.030074 -0.021178 0.410482 0.524996 0.745275
1649856252.890881 7.154121 -2.807624 30.662951 -0.024041 0.409692 0.526068 0.744867
1649856252.915879 7.328557 -2.805044 31.298130 -0.027237 0.408790 0.527491 0.744246
1649856252.940878 7.500199 -2.804560 31.934162 -0.030370 0.408386 0.528637 0.743533
1649856252.990875 7.836163 -2.809478 33.209829 -0.036362 0.408154 0.529862 0.742519
1649856253.040872 8.164001 -2.823273 34.492941 -0.041490 0.406066 0.532866 0.741244
1649856253.090868 8.482879 -2.845155 35.782210 -0.043090 0.404260 0.534587 0.740901
1649856253.140866 8.791829 -2.875531 37.075331 -0.041750 0.402452 0.533177 0.742975
1649856253.190862 9.094322 -2.913859 38.375808 -0.039323 0.399818 0.529793 0.746939
1649856253.240859 9.388272 -2.961236 39.679236 -0.038677 0.394952 0.527094 0.751458
1649856253.290856 9.671561 -3.018830 40.987894 -0.039798 0.390374 0.525211 0.755101
1649856253.340853 9.946171 -3.085268 42.302463 -0.043122 0.387502 0.525318 0.756322
1649856253.390850 10.209678 -3.162435 43.621159 -0.048476 0.389134 0.523197 0.756630
1649856253.440847 10.464066 -3.250601 44.942290 -0.057544 0.389010 0.526807 0.753548
1649856253.490844 10.708356 -3.349091 46.267416 -0.067981 0.385595 0.537180 0.747083
1649856253.540841 10.941981 -3.456192 47.597249 -0.072588 0.384478 0.543725 0.742477
1649856253.590838 11.164177 -3.572493 48.932870 -0.073503 0.381253 0.551162 0.738556
1649856253.640835 11.374094 -3.697106 50.275013 -0.066965 0.380559 0.556971 0.735169
1649856253.690832 11.574169 -3.831724 51.625135 -0.058787 0.378593 0.563505 0.731897
1649856253.740829 11.762471 -3.977856 52.981015 -0.050984 0.377168 0.568844 0.729083
1649856253.765827 11.853211 -4.054370 53.662154 -0.047596 0.377106 0.570869 0.727760
1649856253.790825 11.942764 -4.132193 54.345728 -0.044686 0.377287 0.572612 0.726480
1649856253.840822 12.111231 -4.299244 55.715455 -0.038806 0.378737 0.574323 0.724711
1649856253.890819 12.270035 -4.476566 57.091513 -0.033242 0.378084 0.576681 0.723455
1649856253.940816 12.420708 -4.663730 58.472782 -0.029303 0.375041 0.578573 0.723698
1649856253.990813 12.561846 -4.860953 59.859991 -0.025237 0.375229 0.576545 0.725370
1649856254.040810 12.693722 -5.068070 61.252198 -0.022692 0.376836 0.575144 0.725734
1649856254.065809 12.756255 -5.175529 61.949889 -0.022898 0.377550 0.574904 0.725546
1649856254.090807 12.817646 -5.285250 62.649049 -0.023575 0.378544 0.574207 0.725559
1649856254.115805 12.878294 -5.397196 63.349093 -0.025034 0.379475 0.573470 0.725606
1649856254.140804 12.937122 -5.511776 64.049713 -0.027574 0.380220 0.572299 0.726048
1649856254.190801 13.052480 -5.748094 65.457327 -0.034522 0.382696 0.565408 0.729840
1649856254.240798 13.159716 -5.995713 66.866809 -0.043884 0.384114 0.553094 0.737982
1649856254.290795 13.260659 -6.254174 68.280852 -0.054924 0.384259 0.537999 0.748255
1649856254.315793 13.309293 -6.387120 68.989851 -0.061468 0.383337 0.530081 0.753849
1649856254.365790 13.399857 -6.663046 70.410485 -0.074745 0.381933 0.511449 0.766133
1649856254.415787 13.477352 -6.959883 71.831023 -0.089006 0.379186 0.487851 0.781216
1649856254.490782 13.583385 -7.419619 73.975248 -0.110340 0.372636 0.448053 0.805119
1649856254.540779 13.644483 -7.745365 75.416796 -0.120614 0.364121 0.417360 0.823820
1649856254.590776 13.695738 -8.081815 76.861727 -0.127303 0.352284 0.383821 0.844021
1649856254.640773 13.739463 -8.431525 78.313625 -0.133908 0.336081 0.351365 0.863517
1649856254.690770 13.774345 -8.796854 79.770728 -0.137851 0.323990 0.321555 0.878994
1649856254.740767 13.798126 -9.174016 81.236069 -0.145474 0.315586 0.296802 0.889467
1649856254.790764 13.813160 -9.567673 82.709452 -0.156384 0.310368 0.271775 0.897415
1649856254.840761 13.817789 -9.972094 84.188565 -0.169390 0.307421 0.243799 0.904080
1649856254.890758 13.811028 -10.390102 85.675699 -0.180628 0.307313 0.212549 0.909811
1649856254.940755 13.794206 -10.819318 87.169134 -0.191930 0.307744 0.181373 0.914090
1649856254.990752 13.768389 -11.261682 88.670167 -0.203805 0.308271 0.149314 0.917136
1649856255.040748 13.730990 -11.717153 90.178023 -0.219416 0.308953 0.120457 0.917548
1649856255.090745 13.683556 -12.185455 91.692019 -0.233561 0.312299 0.090122 0.916404
1649856255.140742 13.624657 -12.666164 93.212531 -0.253123 0.316138 0.065623 0.911964
1649856255.165741 13.592787 -12.911564 93.976076 -0.261415 0.316641 0.052888 0.910276
1649856255.190739 13.557302 -13.158846 94.740082 -0.266362 0.315335 0.037197 0.910072
1649856255.240736 13.476969 -13.659995 96.271429 -0.272762 0.305290 0.002987 0.912354
1649856255.290729 13.386841 -14.173928 97.809452 -0.280789 0.290680 -0.031258 0.914159
1649856255.340725 13.283886 -14.698168 99.353208 -0.287038 0.279944 -0.062161 0.913990
1649856255.390722 13.170826 -15.232987 100.904639 -0.287861 0.274027 -0.096469 0.912545
1649856255.440719 13.044964 -15.779046 102.462126 -0.292065 0.267767 -0.129428 0.908982
1649856255.490716 12.909086 -16.336545 104.028330 -0.298365 0.258941 -0.163450 0.903998
1649856255.540713 12.761294 -16.905649 105.600782 -0.302856 0.248962 -0.199499 0.898051
1649856255.590710 12.602035 -17.488933 107.182563 -0.305461 0.238752 -0.236569 0.890913
1649856255.640707 12.428055 -18.083078 108.771585 -0.309612 0.227803 -0.276171 0.880895
1649856255.690704 12.243054 -18.692755 110.373305 -0.315825 0.213007 -0.315293 0.869179
1649856255.740700 12.043524 -19.311698 111.980756 -0.319627 0.194430 -0.354992 0.856748
1649856255.790697 11.830593 -19.942585 113.597106 -0.324828 0.179884 -0.392839 0.841312
1649856255.840694 11.605591 -20.585164 115.222842 -0.329344 0.167391 -0.427613 0.825021
1649856255.890691 11.367774 -21.238631 116.856039 -0.330280 0.155099 -0.459911 0.809532
1649856255.940688 11.119103 -21.903806 118.498007 -0.330298 0.144198 -0.488802 0.794470
1649856255.990685 10.859437 -22.580472 120.148348 -0.329678 0.133679 -0.516319 0.779010
1649856256.015683 10.725599 -22.922694 120.976149 -0.329837 0.129081 -0.529727 0.770672
1649856256.040682 10.588003 -23.268197 121.805243 -0.330561 0.124916 -0.542437 0.762160
1649856256.090679 10.305996 -23.967274 123.471462 -0.333043 0.117447 -0.565831 0.745066
1649856256.140676 10.013193 -24.677980 125.143743 -0.336243 0.111401 -0.585734 0.729003
1649856256.190672 9.709175 -25.399455 126.822271 -0.338224 0.105510 -0.602663 0.715032
1649856256.240669 9.393435 -26.131287 128.506378 -0.339344 0.099654 -0.618174 0.701979
1649856256.290666 9.065343 -26.873645 130.196271 -0.339623 0.092263 -0.633409 0.689156
1649856256.315665 8.898043 -27.248724 131.044099 -0.338558 0.087834 -0.641287 0.682945
1649856256.340663 8.727584 -27.626245 131.892960 -0.336969 0.083655 -0.649235 0.676719
1649856256.390660 8.377584 -28.387926 133.591356 -0.334156 0.077214 -0.664749 0.663691
1649856256.415658 8.198417 -28.772468 134.442042 -0.332891 0.073674 -0.671859 0.657542
1649856256.440657 8.017294 -29.159345 135.296397 -0.331123 0.069509 -0.678786 0.651748
1649856256.490654 7.646508 -29.942236 137.010182 -0.326991 0.059304 -0.691029 0.641903
1649856256.540651 7.264529 -30.736496 138.730638 -0.324455 0.049628 -0.702090 0.631929
1649856256.590647 6.870570 -31.542826 140.457962 -0.324792 0.041816 -0.712199 0.620914
1649856256.615646 6.668945 -31.950155 141.324575 -0.325318 0.038368 -0.716862 0.615472
1649856256.640644 6.464864 -32.360026 142.192064 -0.325665 0.035401 -0.721342 0.610209
1649856256.690641 6.048290 -33.189110 143.931697 -0.324807 0.029175 -0.730507 0.600007
1649856256.740638 5.620115 -34.029898 145.677690 -0.320990 0.020956 -0.740510 0.590060
1649856256.790635 5.179035 -34.882012 147.429133 -0.314178 0.011941 -0.752203 0.579086
1649856256.840632 4.725078 -35.743670 149.185662 -0.307693 0.005443 -0.764258 0.566749
1649856256.890629 4.256941 -36.613781 150.947408 -0.302048 -0.003558 -0.776632 0.552808
1649856256.940625 3.775084 -37.491907 152.716302 -0.297042 -0.011777 -0.789628 0.536763
1649856256.990622 3.280285 -38.378530 154.492069 -0.291996 -0.016516 -0.801517 0.521571
1649856257.040619 2.771363 -39.275338 156.273672 -0.287798 -0.022015 -0.810720 0.509334
1649856257.065618 2.512468 -39.727476 157.167231 -0.286304 -0.024772 -0.814007 0.504787
1649856257.090616 2.251360 -40.181616 158.063792 -0.285007 -0.027196 -0.816843 0.500798
1649856257.115614 1.987128 -40.637856 158.961437 -0.283280 -0.030102 -0.819612 0.497073
1649856257.165612 1.450554 -41.558650 160.763361 -0.281015 -0.035003 -0.823929 0.490863
1649856257.190610 1.177661 -42.022785 161.667139 -0.280229 -0.037320 -0.825947 0.487741
1649856257.240607 0.621899 -42.958440 163.480225 -0.278320 -0.041824 -0.830430 0.480806
1649856257.265605 0.340095 -43.430109 164.389306 -0.277476 -0.043067 -0.832680 0.477279
1649856257.290604 0.055138 -43.904147 165.298986 -0.276339 -0.043642 -0.834996 0.473829
1649856257.340600 -0.524217 -44.859532 167.121968 -0.273261 -0.042534 -0.839893 0.467011
1649856257.390597 -1.115253 -45.825119 168.950297 -0.268996 -0.039210 -0.844322 0.461763
1649856257.440594 -1.717751 -46.801766 170.783936 -0.267606 -0.035442 -0.847128 0.457717
1649856257.490591 -2.332015 -47.788849 172.620289 -0.269337 -0.035205 -0.846782 0.457360
1649856257.540588 -2.956315 -48.787571 174.462900 -0.273806 -0.041069 -0.844122 0.459132
1649856257.590585 -3.590894 -49.794736 176.308915 -0.278849 -0.047869 -0.841593 0.460079
1649856257.640582 -4.236888 -50.810018 178.160178 -0.283059 -0.051536 -0.839387 0.461141
1649856257.665580 -4.564276 -51.320451 179.087363 -0.284170 -0.052722 -0.838581 0.461789
1649856257.690579 -4.893556 -51.832954 180.015105 -0.284292 -0.053718 -0.838055 0.462555
1649856257.740575 -5.559851 -52.865761 181.874455 -0.280846 -0.057492 -0.838413 0.463556
1649856257.765574 -5.896867 -53.385825 182.806353 -0.278658 -0.059742 -0.838967 0.463589
1649856257.840569 -6.926274 -54.959607 185.612533 -0.275515 -0.064455 -0.841491 0.460251
1649856257.890566 -7.628463 -56.019177 187.491537 -0.275263 -0.067000 -0.844897 0.453751
1649856257.940563 -8.343085 -57.087478 189.377288 -0.276391 -0.070690 -0.849502 0.443799
1649856257.990560 -9.069182 -58.162674 191.266598 -0.276312 -0.077309 -0.855880 0.430285
1649856258.040557 -9.812944 -59.245400 193.161945 -0.273036 -0.084142 -0.865141 0.412192
1649856258.065555 -10.190761 -59.789420 194.111658 -0.270267 -0.086850 -0.870546 0.401949
1649856258.090554 -10.568806 -60.333247 195.062387 -0.267381 -0.089198 -0.876283 0.390743
1649856258.140550 -11.333993 -61.423702 196.967150 -0.262295 -0.092847 -0.887722 0.366784
1649856258.190547 -12.111285 -62.520473 198.880090 -0.258664 -0.098047 -0.898362 0.341211
1649856258.240544 -12.905631 -63.624266 200.796718 -0.256820 -0.101532 -0.907361 0.316908
1649856258.290541 -13.707837 -64.733057 202.721823 -0.255877 -0.106628 -0.915008 0.293117
1649856258.340538 -14.523161 -65.850141 204.652981 -0.253198 -0.113599 -0.921454 0.271862
1649856258.390535 -15.350023 -66.974408 206.589763 -0.249038 -0.121004 -0.927259 0.252051
1649856258.440532 -16.190027 -68.105058 208.527100 -0.244677 -0.129077 -0.932713 0.231341
1649856258.490529 -17.040189 -69.241936 210.473069 -0.241687 -0.134563 -0.937995 0.208917
1649856258.540525 -17.901336 -70.385416 212.424078 -0.238227 -0.137869 -0.943120 0.186453
1649856258.590522 -18.773585 -71.535905 214.378455 -0.233641 -0.140381 -0.948007 0.164280
1649856258.640519 -19.654211 -72.694509 216.340603 -0.229924 -0.144071 -0.951697 0.143703
1649856258.690516 -20.549629 -73.861408 218.305917 -0.226868 -0.148375 -0.954621 0.123349
1649856258.740513 -21.452359 -75.034520 220.273454 -0.222564 -0.151941 -0.957442 0.103367
1649856258.765511 -21.908689 -75.623042 221.256326 -0.219975 -0.152791 -0.958916 0.093519
1649856258.815508 -22.826078 -76.806614 223.229508 -0.214396 -0.156352 -0.961256 0.074666
1649856258.865505 -23.753655 -77.998610 225.209549 -0.210389 -0.162384 -0.962298 0.057887
1649856258.915502 -24.692175 -79.199354 227.195293 -0.208877 -0.173567 -0.961516 0.041618
1649856258.965499 -25.641624 -80.407915 229.187797 0.208243 0.184968 0.960097 -0.025217
1649856259.015496 -26.602259 -81.623728 231.184883 0.207220 0.194080 0.958812 -0.008476
1649856259.065493 -27.573664 -82.847065 233.186656 0.205383 0.201296 0.957710 0.009407
1649856259.090491 -28.064020 -83.461523 234.189442 0.204151 0.204260 0.957202 0.019103
1649856259.140488 -29.051961 -84.696378 236.197874 0.200555 0.210199 0.956023 0.040175
1649856259.190485 -30.049564 -85.939325 238.210278 0.194739 0.215442 0.954805 0.063321
1649856259.240482 -31.060815 -87.189588 240.221676 0.184836 0.221358 0.953753 0.084803
1649856259.290479 -32.080065 -88.449754 242.241100 0.171802 0.227885 0.952485 0.106418
1649856259.340476 -33.106080 -89.714286 244.256548 0.160700 0.234528 0.950216 0.127525
1649856259.390472 -34.140756 -90.986933 246.279551 0.154571 0.241466 0.946576 0.147637
1649856259.440469 -35.183540 -92.262666 248.301179 0.151768 0.247366 0.942409 0.166260
1649856259.490466 -36.236181 -93.546910 250.332063 0.149925 0.250687 0.938129 0.185993
1649856259.540463 -37.292498 -94.833050 252.359661 0.146084 0.250532 0.935112 0.203617
1649856259.565461 -37.824456 -95.477970 253.374623 0.143680 0.249670 0.933888 0.211835
1649856259.590460 -38.357743 -96.125697 254.392041 0.141097 0.249254 0.932349 0.220658
1649856259.615458 -38.892084 -96.775029 255.409684 0.138185 0.248801 0.930872 0.229087
