# timestamp tx ty tz qx qy qz qw
1649856227.792434 0.018372 -0.026129 -0.014111 0.000273 0.011540 0.006956 0.999909
1649856227.842431 0.003155 -0.025626 0.029445 0.027597 0.021483 -0.006810 0.999365
1649856227.892428 0.007053 -0.023826 0.026157 0.025473 0.020825 -0.006312 0.999439
1649856227.942425 0.007994 -0.024432 0.024583 0.025825 0.021728 -0.006031 0.999412
1649856227.992422 0.005866 -0.022736 0.025677 0.025419 0.020754 -0.006216 0.999442
1649856228.042419 0.004224 -0.021671 0.026310 0.025500 0.020179 -0.006380 0.999451
1649856228.092416 0.002957 -0.019607 0.026277 0.025463 0.020140 -0.006351 0.999453
1649856228.142413 0.001890 -0.019283 0.026126 0.025499 0.020506 -0.006395 0.999444
1649856228.192410 0.000249 -0.017170 0.026799 0.025427 0.020498 -0.006291 0.999447
1649856228.242407 -0.001079 -0.016851 0.025847 0.025605 0.020278 -0.006674 0.999444
1649856228.292403 -0.002949 -0.014972 0.025984 0.025597 0.020168 -0.006715 0.999446
1649856228.317402 -0.002361 -0.016549 0.025553 0.025616 0.020078 -0.006994 0.999446
1649856228.342400 -0.002563 -0.016766 0.025413 0.025628 0.020033 -0.007022 0.999446
1649856228.367399 -0.003031 -0.016555 0.025656 0.025598 0.020057 -0.007088 0.999446
1649856228.442394 -0.006128 -0.013796 0.025695 0.025605 0.020002 -0.007200 0.999446
1649856228.492391 -0.007342 -0.012279 0.026425 0.025484 0.019999 -0.007137 0.999450
1649856228.542388 -0.007653 -0.012354 0.026255 0.025659 0.020136 -0.007406 0.999440
1649856228.592385 -0.008326 -0.011181 0.026859 0.025544 0.020163 -0.007335 0.999443
1649856228.642382 -0.007589 -0.011712 0.026040 0.025681 0.020184 -0.007535 0.999438
1649856228.692379 -0.007661 -0.010759 0.026475 0.025553 0.020157 -0.007396 0.999443
1649856228.742376 -0.008034 -0.011257 0.026661 0.025597 0.020131 -0.007606 0.999441
1649856228.792373 -0.008023 -0.010650 0.027013 0.025439 0.020088 -0.007523 0.999446
1649856228.842370 -0.008384 -0.011341 0.027258 0.025490 0.020041 -0.007660 0.999445
1649856228.892366 -0.008832 -0.010623 0.028054 0.025409 0.020053 -0.007539 0.999448
1649856228.942363 -0.008341 -0.011382 0.027624 0.025483 0.020086 -0.007702 0.999444
1649856229.017359 -0.007821 -0.012569 0.027717 0.025518 0.020050 -0.007719 0.999443
1649856229.067356 -0.008659 -0.012216 0.028342 0.025441 0.020118 -0.007587 0.999445
1649856229.142351 -0.009156 -0.011868 0.027912 0.025416 0.020039 -0.007864 0.999445
1649856229.192348 -0.009106 -0.011196 0.028130 0.025300 0.020078 -0.007641 0.999449
1649856229.242345 -0.008929 -0.011509 0.027253 0.025427 0.020080 -0.007799 0.999445
1649856229.292342 -0.009433 -0.010516 0.027774 0.025415 0.020104 -0.007742 0.999445
1649856229.342339 -0.009656 -0.010715 0.027666 0.025449 0.020034 -0.007828 0.999445
1649856229.392335 -0.009547 -0.009933 0.027954 0.025384 0.019918 -0.007691 0.999450
1649856229.442333 -0.009887 -0.010403 0.027901 0.025394 0.019960 -0.007922 0.999447
1649856229.492329 -0.010537 -0.009584 0.028740 0.025277 0.020012 -0.007854 0.999449
1649856229.542326 -0.010677 -0.009906 0.028592 0.025352 0.020074 -0.008090 0.999444
1649856229.592323 -0.010929 -0.009127 0.029104 0.025324 0.020170 -0.007984 0.999444
1649856229.642320 -0.010698 -0.009331 0.028881 0.025364 0.020194 -0.008118 0.999441
1649856229.692317 -0.010894 -0.008531 0.028964 0.025310 0.020201 -0.008055 0.999443
1649856229.742314 -0.010612 -0.008667 0.028711 0.025344 0.020223 -0.008141 0.999441
1649856229.792311 -0.010526 -0.007689 0.029119 0.025310 0.020121 -0.007900 0.999446
1649856229.842308 -0.010239 -0.007957 0.028685 0.025400 0.020169 -0.008062 0.999441
1649856229.892305 -0.010431 -0.007143 0.028934 0.025371 0.020158 -0.007950 0.999443
1649856229.992299 -0.012631 -0.004516 0.029249 0.025237 0.020227 -0.008009 0.999445
1649856230.042295 -0.012508 -0.006619 0.028609 0.025331 0.020183 -0.008141 0.999442
1649856230.092292 -0.012698 -0.006513 0.029072 0.025310 0.020129 -0.008025 0.999445
1649856230.142289 -0.013085 -0.007259 0.028375 0.025355 0.020185 -0.008301 0.999440
1649856230.192286 -0.013456 -0.006927 0.028746 0.025333 0.020179 -0.008150 0.999442
1649856230.217285 -0.012357 -0.008987 0.028775 0.025351 0.020204 -0.008325 0.999440
1649856230.292278 -0.014009 -0.006624 0.029519 0.025344 0.020222 -0.008260 0.999440
1649856230.317277 -0.012445 -0.008093 0.029499 0.025319 0.020219 -0.008367 0.999440
1649856230.392272 -0.013926 -0.005343 0.030080 0.025319 0.020226 -0.008290 0.999440
1649856230.442269 -0.013173 -0.004896 0.030197 0.025363 0.020210 -0.008251 0.999440
1649856230.492266 -0.012961 -0.003740 0.030760 0.025355 0.020160 -0.008111 0.999442
1649856230.517264 -0.011572 -0.005219 0.030443 0.025338 0.020244 -0.008295 0.999440
1649856230.592259 -0.012776 -0.002884 0.030745 0.025393 0.020166 -0.008357 0.999439
1649856230.642256 -0.012264 -0.003743 0.030159 0.025413 0.020208 -0.008368 0.999438
1649856230.692253 -0.012164 -0.003376 0.030355 0.025416 0.020191 -0.008180 0.999440
1649856230.742250 -0.012125 -0.003917 0.030001 0.025618 0.020114 -0.008114 0.999437
1649856230.767249 -0.011453 -0.004952 0.029632 0.025675 0.020034 -0.008036 0.999437
1649856230.842244 -0.012840 -0.004367 0.029332 0.025545 0.020124 -0.008172 0.999438
1649856230.892241 -0.013048 -0.003948 0.029646 0.025400 0.020213 -0.007979 0.999441
1649856230.942238 -0.013048 -0.005381 0.029451 0.025298 0.020399 -0.008443 0.999436
1649856230.992235 -0.013088 -0.004958 0.029892 0.025179 0.020477 -0.008406 0.999438
1649856231.017233 -0.011664 -0.006664 0.029726 0.025217 0.020473 -0.008661 0.999435
1649856231.092228 -0.002373 -0.016438 0.028013 0.024633 0.019763 -0.008387 0.999466
1649856231.142225 -0.002069 -0.018425 0.027079 0.025191 0.019514 -0.007922 0.999461
1649856231.192222 -0.003237 -0.017505 0.027158 0.025478 0.019587 -0.007678 0.999454
1649856231.242219 -0.005107 -0.015595 0.027130 0.025509 0.019668 -0.007736 0.999451
1649856231.292216 -0.006943 -0.012861 0.027409 0.025484 0.019749 -0.007777 0.999450
1649856231.342213 -0.008779 -0.010727 0.027877 0.025529 0.019844 -0.007961 0.999445
1649856231.392210 -0.010656 -0.007815 0.028692 0.025407 0.019898 -0.008054 0.999447
1649856231.442207 -0.011615 -0.006222 0.029161 0.025462 0.020055 -0.008329 0.999440
1649856231.492203 -0.012545 -0.004308 0.030194 0.025331 0.020098 -0.008299 0.999443
1649856231.542201 -0.013138 -0.003754 0.030616 0.025231 0.020215 -0.008608 0.999440
1649856231.592197 -0.013918 -0.002158 0.031069 0.025068 0.020347 -0.008582 0.999442
1649856231.642194 -0.014300 -0.002070 0.031103 0.025240 0.020319 -0.008587 0.999438
1649856231.717190 -0.014234 -0.003091 0.030117 0.025581 0.020013 -0.008887 0.999433
1649856231.767186 -0.007098 -0.012197 0.033289 0.024812 0.019787 -0.007120 0.999471
1649856231.842182 -0.006447 -0.013158 0.033123 0.025092 0.019523 -0.007494 0.999466
1649856231.892179 -0.007730 -0.011210 0.033543 0.025073 0.019772 -0.007700 0.999460
1649856231.942176 -0.008594 -0.009562 0.033281 0.025143 0.019840 -0.008017 0.999455
1649856231.992172 -0.008957 -0.007281 0.032556 0.025194 0.019822 -0.007972 0.999454
1649856232.067168 -0.010809 -0.003410 0.031801 0.025188 0.019915 -0.007999 0.999452
1649856232.117165 -0.009713 -0.003883 0.030473 0.025340 0.019911 -0.008363 0.999446
1649856232.192160 -0.001880 -0.007487 0.032194 0.025294 0.019008 -0.007310 0.999473
1649856232.242157 -0.002376 -0.005569 0.031825 0.025681 0.018717 -0.007141 0.999469
1649856232.292154 -0.003841 -0.002733 0.031721 0.025613 0.018752 -0.007462 0.999468
1649856232.342151 -0.005575 -0.001995 0.030826 0.025533 0.019015 -0.007673 0.999464
1649856232.417146 -0.007472 -0.004345 0.029161 0.025638 0.019234 -0.008083 0.999454
1649856232.492141 -0.001320 -0.007643 0.031753 0.025346 0.018724 -0.006849 0.999480
1649856232.517140 -0.001663 -0.007787 0.031666 0.025581 0.018728 -0.007057 0.999472
1649856232.592135 -0.001603 -0.007335 0.033016 0.025833 0.018158 -0.007393 0.999474
1649856232.642132 -0.002004 -0.006274 0.033456 0.026027 0.017850 -0.007248 0.999476
1649856232.692129 -0.003364 -0.004669 0.033804 0.025632 0.018156 -0.007482 0.999479
1649856232.717127 -0.003805 -0.005374 0.033339 0.025442 0.018519 -0.007737 0.999475
1649856232.792123 -0.001502 -0.008277 0.032797 0.025548 0.018403 -0.007642 0.999475
1649856232.842120 -0.002002 -0.007564 0.031965 0.025556 0.018391 -0.007457 0.999476
1649856232.892117 -0.003531 -0.006007 0.031452 0.025506 0.018526 -0.007610 0.999474
1649856232.917115 -0.004172 -0.006116 0.030923 0.025477 0.018644 -0.007890 0.999470
1649856232.992110 -0.001915 -0.010349 0.030105 0.025522 0.018143 -0.008095 0.999477
1649856233.042107 -0.002615 -0.010680 0.028911 0.025701 0.018121 -0.007991 0.999473
1649856233.092104 -0.004382 -0.009450 0.028390 0.025734 0.018415 -0.007960 0.999467
1649856233.142101 -0.006222 -0.008770 0.027791 0.025855 0.018828 -0.008261 0.999454
1649856233.192098 -0.007764 -0.008002 0.027462 0.025847 0.019032 -0.008248 0.999451
1649856233.242095 -0.009319 -0.007156 0.027044 0.025787 0.019139 -0.008608 0.999447
1649856233.292092 -0.010477 -0.005616 0.027205 0.025732 0.019236 -0.008607 0.999447
1649856233.342089 -0.012299 -0.003549 0.027076 0.025538 0.019109 -0.009033 0.999450
1649856233.392085 -0.013324 -0.001194 0.027677 0.025464 0.018843 -0.009122 0.999457
1649856233.442082 -0.014222 -0.000354 0.027889 0.025575 0.018823 -0.009497 0.999451
1649856233.492079 -0.014970 0.001308 0.029277 0.025712 0.018868 -0.009471 0.999446
1649856233.542076 -0.014175 0.000669 0.029550 0.025783 0.019072 -0.009649 0.999439
1649856233.592073 -0.013895 0.001172 0.030521 0.025757 0.019102 -0.009348 0.999442
1649856233.617071 -0.012493 -0.000836 0.030728 0.025826 0.019530 -0.009371 0.999432
1649856233.692067 -0.002552 -0.005740 0.033374 0.025817 0.018497 -0.007971 0.999464
1649856233.742064 -0.002193 -0.006718 0.033147 0.025543 0.018630 -0.008061 0.999468
1649856233.792061 -0.002986 -0.005780 0.033800 0.025567 0.018943 -0.008163 0.999460
1649856233.842057 -0.004298 -0.006135 0.033133 0.025378 0.019004 -0.008068 0.999465
1649856233.892054 -0.005558 -0.006879 0.031606 0.025385 0.019284 -0.007988 0.999460
1649856233.942051 -0.006839 -0.008036 0.029765 0.025466 0.019590 -0.007927 0.999452
1649856233.992048 -0.007913 -0.008508 0.028348 0.025443 0.019760 -0.007780 0.999451
1649856234.042045 -0.008258 -0.009739 0.026497 0.025469 0.020042 -0.007943 0.999443
1649856234.092042 -0.008658 -0.009508 0.025849 0.025449 0.020037 -0.007839 0.999445
1649856234.142039 -0.009103 -0.009032 0.024866 0.025704 0.020005 -0.007984 0.999438
1649856234.192036 -0.009396 -0.007883 0.024416 0.025737 0.019886 -0.007929 0.999439
1649856234.242033 -0.010173 -0.007705 0.024077 0.025845 0.019928 -0.008118 0.999434
1649856234.292030 -0.010383 -0.006334 0.024579 0.025853 0.019824 -0.008057 0.999437
1649856234.317028 -0.009558 -0.007903 0.024802 0.025901 0.019794 -0.008258 0.999434
1649856234.392023 -0.001827 -0.009462 0.030225 0.025392 0.018753 -0.007654 0.999472
1649856234.442020 -0.002078 -0.008652 0.030874 0.025599 0.018474 -0.007938 0.999470
1649856234.467019 -0.002081 -0.008918 0.030327 0.025967 0.018159 -0.008231 0.999464
1649856234.542014 -0.004139 -0.006406 0.031144 0.025614 0.018519 -0.008095 0.999468
1649856234.592011 -0.005774 -0.005725 0.031040 0.025530 0.018835 -0.008060 0.999464
1649856234.642008 -0.007198 -0.006029 0.030366 0.025436 0.019161 -0.008186 0.999459
1649856234.692005 -0.007922 -0.006680 0.029179 0.025440 0.019368 -0.008141 0.999456
1649856234.742002 -0.008973 -0.007022 0.028003 0.025472 0.019521 -0.008441 0.999449
1649856234.767000 -0.009092 -0.007706 0.027332 0.025476 0.019676 -0.008430 0.999446
1649856234.791999 -0.008640 -0.008815 0.026807 0.025478 0.019724 -0.008421 0.999445
1649856234.816997 -0.008516 -0.009857 0.026194 0.025486 0.019837 -0.008706 0.999440
1649856234.891992 -0.002141 -0.015142 0.027198 0.025073 0.018786 -0.008582 0.999472
1649856234.941989 -0.002732 -0.015905 0.026242 0.025239 0.018305 -0.008782 0.999475
1649856234.991986 -0.004273 -0.014780 0.026136 0.025454 0.018483 -0.008408 0.999470
1649856235.041983 -0.006289 -0.013158 0.025634 0.025452 0.018449 -0.008412 0.999470
1649856235.091980 -0.008146 -0.011149 0.025424 0.025502 0.018498 -0.008322 0.999469
1649856235.141977 -0.009462 -0.009583 0.025520 0.025557 0.018457 -0.008541 0.999466
1649856235.191973 -0.009789 -0.007528 0.026001 0.025549 0.018502 -0.008493 0.999466
1649856235.241970 -0.011048 -0.006518 0.026236 0.025605 0.018589 -0.008687 0.999462
1649856235.266969 -0.011144 -0.006527 0.026326 0.025562 0.018625 -0.008622 0.999463
1649856235.291967 -0.010874 -0.006617 0.026426 0.025559 0.018687 -0.008689 0.999461
1649856235.316966 -0.010526 -0.007309 0.026490 0.025598 0.018683 -0.008771 0.999459
1649856235.391961 -0.002523 -0.012053 0.028557 0.025204 0.017833 -0.008501 0.999487
1649856235.416960 -0.002109 -0.013177 0.028362 0.025426 0.017990 -0.008592 0.999478
1649856235.491955 -0.001416 -0.013927 0.029212 0.025482 0.018133 -0.008481 0.999475
1649856235.541952 -0.001450 -0.013991 0.029358 0.025527 0.018256 -0.008104 0.999475
1649856235.591949 -0.002517 -0.012618 0.029671 0.025521 0.018528 -0.007907 0.999471
1649856235.641946 -0.004030 -0.011353 0.029564 0.025497 0.018835 -0.007948 0.999466
1649856235.666944 -0.004745 -0.011076 0.029183 0.025492 0.019056 -0.007882 0.999462
1649856235.741939 -0.007386 -0.009279 0.028312 0.025527 0.019293 -0.008019 0.999456
1649856235.791936 -0.008412 -0.007790 0.028093 0.025521 0.019340 -0.007847 0.999456
1649856235.841933 -0.009208 -0.006847 0.028018 0.025567 0.019360 -0.008112 0.999453
1649856235.891930 -0.010112 -0.005899 0.027995 0.025561 0.019323 -0.007980 0.999455
1649856235.941927 -0.011352 -0.005433 0.027857 0.025575 0.019339 -0.008441 0.999450
1649856235.991924 -0.012130 -0.004000 0.028242 0.025562 0.019385 -0.008496 0.999449
1649856236.041921 -0.012540 -0.004234 0.028059 0.025543 0.019379 -0.008666 0.999448
1649856236.091918 -0.012219 -0.004299 0.027894 0.025523 0.019338 -0.008501 0.999451
1649856236.141915 -0.013330 -0.003727 0.028167 0.025348 0.019011 -0.008846 0.999459
1649856236.191911 -0.013539 -0.002490 0.028383 0.025301 0.018770 -0.008855 0.999464
1649856236.241908 -0.014072 -0.002348 0.028209 0.025289 0.018463 -0.009119 0.999468
1649856236.291907 -0.013573 -0.001891 0.028719 0.025369 0.018402 -0.009008 0.999468
1649856236.316906 -0.012683 -0.003678 0.029151 0.025364 0.018355 -0.009010 0.999469
1649856236.391901 -0.002160 -0.009744 0.030248 0.025386 0.017813 -0.008149 0.999486
1649856236.416899 -0.001736 -0.011008 0.030109 0.025399 0.017976 -0.008237 0.999482
1649856236.491895 -0.001171 -0.011427 0.030617 0.025557 0.017686 -0.008395 0.999482
1649856236.516893 -0.001164 -0.011822 0.030277 0.025546 0.017535 -0.008285 0.999486
1649856236.591889 -0.001195 -0.009318 0.031023 0.025453 0.017539 -0.007922 0.999491
1649856236.641886 -0.001665 -0.006307 0.031293 0.025498 0.017373 -0.007652 0.999495
1649856236.691882 -0.003157 -0.003334 0.031403 0.025389 0.017540 -0.007825 0.999493
1649856236.716881 -0.004019 -0.003353 0.031088 0.025320 0.017888 -0.008125 0.999486
1649856236.791876 -0.002090 -0.010406 0.029033 0.024935 0.017869 -0.008723 0.999491
1649856236.841873 -0.002978 -0.012808 0.027216 0.025269 0.017809 -0.008986 0.999482
1649856236.891870 -0.004802 -0.012690 0.026528 0.025521 0.018083 -0.008500 0.999475
1649856236.941867 -0.006784 -0.012994 0.025612 0.025726 0.018604 -0.008455 0.999460
1649856236.991864 -0.008579 -0.013053 0.025150 0.025784 0.018774 -0.008324 0.999457
1649856237.041861 -0.010222 -0.013228 0.024901 0.025877 0.019025 -0.008582 0.999447
1649856237.091857 -0.010764 -0.012365 0.025248 0.025790 0.019020 -0.008474 0.999451
1649856237.141855 -0.011521 -0.011357 0.025584 0.025844 0.019142 -0.008583 0.999446
1649856237.191851 -0.011332 -0.009292 0.025946 0.025807 0.019194 -0.008370 0.999448
1649856237.241848 -0.011490 -0.008320 0.026242 0.025754 0.019329 -0.008533 0.999445
1649856237.291845 -0.011557 -0.006212 0.026542 0.025691 0.019509 -0.008323 0.999445
1649856237.341842 -0.011609 -0.005435 0.026852 0.025642 0.019587 -0.008520 0.999443
1649856237.366840 -0.011000 -0.005533 0.027606 0.025573 0.019612 -0.008377 0.999445
1649856237.391839 -0.010305 -0.005983 0.027950 0.025559 0.019647 -0.008312 0.999446
1649856237.416837 -0.009316 -0.007352 0.027955 0.025551 0.019654 -0.008503 0.999444
1649856237.491832 -0.001602 -0.013013 0.029588 0.025293 0.019091 -0.008286 0.999463
1649856237.541830 -0.001216 -0.014386 0.029061 0.025440 0.018868 -0.008387 0.999463
1649856237.591826 -0.002058 -0.013256 0.029385 0.025462 0.019117 -0.007930 0.999462
1649856237.616825 -0.002676 -0.012894 0.029159 0.025417 0.019299 -0.007794 0.999460
1649856237.691820 -0.001066 -0.015191 0.028629 0.025354 0.019031 -0.008082 0.999465
1649856237.716819 -0.001527 -0.015827 0.028049 0.025436 0.018906 -0.008352 0.999463
1649856237.791814 -0.001895 -0.016061 0.027771 0.025509 0.018643 -0.008781 0.999462
1649856237.841811 -0.002643 -0.016138 0.027061 0.025641 0.018508 -0.008732 0.999462
1649856237.891808 -0.004465 -0.014036 0.027062 0.025687 0.018772 -0.008289 0.999459
1649856237.941805 -0.006815 -0.011828 0.026857 0.025711 0.019009 -0.008192 0.999455
1649856237.966803 -0.008179 -0.010494 0.027301 0.025648 0.019052 -0.008083 0.999457
1649856238.041799 -0.011027 -0.007702 0.027441 0.025705 0.019195 -0.008440 0.999450
1649856238.091795 -0.012617 -0.005787 0.028151 0.025546 0.019312 -0.008346 0.999452
1649856238.141792 -0.013359 -0.006177 0.028434 0.025538 0.019458 -0.008569 0.999448
1649856238.191789 -0.013662 -0.005044 0.029261 0.025483 0.019420 -0.008518 0.999450
1649856238.241786 -0.013728 -0.005419 0.029613 0.025496 0.019471 -0.008572 0.999449
1649856238.291783 -0.013699 -0.004963 0.030657 0.025377 0.019386 -0.008425 0.999454
1649856238.341780 -0.013054 -0.006214 0.031200 0.025163 0.019444 -0.008347 0.999459
1649856238.391777 -0.012297 -0.006488 0.031548 0.025146 0.019661 -0.008308 0.999456
1649856238.441773 -0.012637 -0.007658 0.031327 0.025245 0.019600 -0.008735 0.999451
1649856238.491771 -0.012986 -0.007861 0.031618 0.025296 0.019586 -0.008886 0.999449
1649856238.541767 -0.013762 -0.009281 0.031781 0.025214 0.019613 -0.008968 0.999449
1649856238.591764 -0.014135 -0.009011 0.032189 0.025186 0.019604 -0.008829 0.999452
1649856238.616763 -0.013333 -0.010100 0.033392 0.025099 0.019411 -0.008930 0.999457
1649856238.691758 -0.002410 -0.009992 0.032755 0.025742 0.018588 -0.007853 0.999465
1649856238.741755 -0.001606 -0.007730 0.032583 0.026017 0.018235 -0.007761 0.999465
1649856238.791752 -0.002032 -0.004944 0.032717 0.025724 0.018151 -0.007880 0.999473
1649856238.841749 -0.003363 -0.003886 0.032694 0.025698 0.018103 -0.007971 0.999474
1649856238.891746 -0.005366 -0.003559 0.032237 0.025600 0.018316 -0.007944 0.999473
1649856238.941742 -0.007541 -0.005546 0.030902 0.025595 0.018651 -0.008209 0.999465
1649856238.991739 -0.009548 -0.006291 0.030478 0.025570 0.018819 -0.008278 0.999462
1649856239.041736 -0.012016 -0.006686 0.031594 0.025514 0.018826 -0.008562 0.999461
1649856239.066735 -0.013062 -0.006968 0.032629 0.025449 0.018724 -0.008548 0.999464
1649856239.141730 -0.015360 -0.007066 0.032849 0.025275 0.019096 -0.008778 0.999460
1649856239.191727 -0.015251 -0.007788 0.032662 0.025187 0.019250 -0.008576 0.999461
1649856239.241724 -0.015672 -0.008155 0.033224 0.025232 0.019230 -0.008870 0.999457
1649856239.266722 -0.014607 -0.009434 0.032925 0.025234 0.019287 -0.008779 0.999457
1649856239.341718 -0.015408 -0.009298 0.032911 0.025172 0.019423 -0.008752 0.999456
1649856239.391715 -0.014869 -0.009506 0.032448 0.025084 0.019625 -0.008481 0.999457
1649856239.416713 -0.014242 -0.009829 0.034003 0.025019 0.019461 -0.008713 0.999460
1649856239.491708 -0.002316 -0.013760 0.030305 0.025289 0.018892 -0.008248 0.999468
1649856239.516707 -0.001424 -0.014575 0.029084 0.025388 0.018870 -0.008275 0.999465
1649856239.591702 -0.000426 -0.016192 0.027397 0.025359 0.018558 -0.008329 0.999471
1649856239.641699 -0.000467 -0.017063 0.025946 0.025510 0.018487 -0.007998 0.999472
1649856239.691696 -0.001616 -0.016258 0.025149 0.025709 0.018703 -0.007732 0.999465
1649856239.741693 -0.003466 -0.015164 0.024404 0.025812 0.018841 -0.007718 0.999459
1649856239.791690 -0.005698 -0.013358 0.024329 0.025725 0.018980 -0.007709 0.999459
1649856239.816688 -0.006931 -0.012808 0.025840 0.025711 0.018858 -0.008054 0.999459
1649856239.891683 -0.001442 -0.016717 0.026686 0.025375 0.018365 -0.008436 0.999474
1649856239.941680 -0.002278 -0.016875 0.025997 0.025124 0.017920 -0.008743 0.999485
1649856239.991677 -0.003747 -0.015548 0.026089 0.023504 0.017027 -0.008155 0.999545
1649856240.041674 -0.005728 -0.014325 0.026442 0.023086 0.016694 -0.006359 0.999574
1649856240.091671 -0.007455 -0.011524 0.028524 0.022556 0.016122 -0.004686 0.999605
1649856240.166666 -0.007967 -0.007486 0.028607 0.021059 0.017411 -0.002200 0.999624
1649856240.241662 -0.005965 -0.004800 0.027487 0.021751 0.020731 0.000658 0.999548
1649856240.291660 -0.003467 -0.002302 0.023156 0.028486 0.019319 0.000478 0.999407
1649856240.341656 -0.000862 -0.000747 0.016650 0.033623 0.011694 -0.004417 0.999356
1649856240.391653 0.001462 0.002716 0.003219 0.032812 0.001950 -0.008621 0.999422
1649856240.441650 0.003972 0.008421 -0.014597 0.036929 -0.003247 -0.012178 0.999238
1649856240.491647 0.006706 0.019098 -0.034843 0.040622 -0.003689 -0.013076 0.999082
1649856240.541644 0.009513 0.034429 -0.057027 0.044351 -0.003219 -0.013503 0.998920
1649856240.591641 0.014363 0.054276 -0.077969 0.047720 -0.003513 -0.017735 0.998697
1649856240.641638 0.019322 0.076599 -0.100337 0.052240 -0.000746 -0.026276 0.998289
1649856240.691635 0.024615 0.103051 -0.122336 0.053258 0.005352 -0.032631 0.998033
1649856240.741632 0.028446 0.133464 -0.141402 0.049890 0.014791 -0.036050 0.997994
1649856240.791629 0.031619 0.167751 -0.161903 0.048966 0.025888 -0.037436 0.997763
1649856240.841626 0.036277 0.204753 -0.183935 0.047979 0.036283 -0.042656 0.997277
1649856240.891623 0.041422 0.245174 -0.205533 0.047133 0.046166 -0.053389 0.996392
1649856240.941619 0.043981 0.287303 -0.224635 0.048908 0.054066 -0.067219 0.995071
1649856240.966618 0.046040 0.307102 -0.231774 0.049020 0.058218 -0.074481 0.994314
1649856241.041613 0.044476 0.375880 -0.252233 0.053059 0.066929 -0.101597 0.991152
1649856241.091610 0.033568 0.419198 -0.258640 0.055434 0.070291 -0.119735 0.988762
1649856241.141607 0.030651 0.464516 -0.268024 0.059399 0.070727 -0.140791 0.985722
1649856241.191604 0.028010 0.509652 -0.273984 0.064043 0.069878 -0.162373 0.982166
1649856241.241601 0.025369 0.554910 -0.272963 0.067670 0.071255 -0.182277 0.978324
1649856241.291598 0.019038 0.599632 -0.279175 0.066648 0.078282 -0.199529 0.974484
1649856241.341595 0.019693 0.642668 -0.289540 0.067586 0.083936 -0.215286 0.970587
1649856241.366593 0.011091 0.660441 -0.290123 0.065367 0.087806 -0.224362 0.968338
1649856241.441589 -0.008786 0.714001 -0.282523 0.056014 0.098661 -0.247911 0.962117
1649856241.491585 -0.015805 0.749889 -0.277052 0.050368 0.106091 -0.263147 0.957581
1649856241.516584 -0.020569 0.762081 -0.268090 0.047775 0.107242 -0.272289 0.955026
1649856241.591579 -0.045975 0.808471 -0.251023 0.038149 0.110691 -0.296109 0.947951
1649856241.616578 -0.053709 0.822716 -0.248609 0.036032 0.108431 -0.303001 0.946116
1649856241.691573 -0.071291 0.864901 -0.230741 0.032784 0.092503 -0.320803 0.942048
1649856241.741570 -0.080661 0.885035 -0.201262 0.030208 0.072569 -0.334376 0.939156
1649856241.791567 -0.071971 0.910837 -0.191921 0.023721 0.059812 -0.348083 0.935253
1649856241.841564 -0.074963 0.931903 -0.176567 0.016901 0.043678 -0.357666 0.932674
1649856241.891561 -0.076536 0.946314 -0.162484 0.016408 0.027175 -0.362184 0.931566
1649856241.941558 -0.078058 0.958864 -0.148229 0.019325 0.008886 -0.365168 0.930699
1649856241.991555 -0.081529 0.965570 -0.135961 0.025783 -0.005443 -0.370486 0.928464
1649856242.041552 -0.084146 0.971490 -0.124322 0.031417 -0.016167 -0.372339 0.927424
1649856242.091549 -0.086031 0.975470 -0.117649 0.029697 -0.018371 -0.364141 0.930689
1649856242.141546 -0.088370 0.981296 -0.114846 0.030531 -0.016368 -0.347152 0.937169
1649856242.166544 -0.088713 0.982660 -0.115735 0.031175 -0.015681 -0.337005 0.940856
1649856242.241539 -0.096780 0.986008 -0.117794 0.042738 -0.016766 -0.323883 0.944982
1649856242.291536 -0.081553 0.988746 -0.125465 0.049659 -0.011929 -0.320113 0.946002
1649856242.366532 -0.069979 0.998934 -0.140872 0.060827 -0.002520 -0.304541 0.950552
1649856242.416529 -0.066286 1.004409 -0.149115 0.070800 -0.000124 -0.295702 0.952653
1649856242.466526 -0.072239 1.001172 -0.153195 0.076412 -0.003155 -0.292953 0.953063
1649856242.516522 -0.079868 0.999503 -0.151367 0.080881 -0.010203 -0.294630 0.952128
1649856242.566519 -0.080563 0.999628 -0.152703 0.084084 -0.014998 -0.296753 0.951127
1649856242.616516 -0.086529 1.002064 -0.152455 0.089641 -0.020804 -0.298756 0.949883
1649856242.666513 -0.087512 1.005108 -0.148765 0.094028 -0.021532 -0.300675 0.948836
1649856242.716510 -0.084811 1.009893 -0.142309 0.101695 -0.021097 -0.307607 0.945828
1649856242.766507 -0.086011 1.017372 -0.150411 0.104427 -0.016316 -0.309972 0.944852
1649856242.841502 -0.098819 1.039174 -0.153404 0.115847 -0.011311 -0.314719 0.942021
1649856242.891499 -0.103434 1.056959 -0.165598 0.119044 -0.003804 -0.322775 0.938952
1649856242.941496 -0.116576 1.077442 -0.175302 0.120984 0.004312 -0.333247 0.935035
1649856242.966495 -0.124293 1.086107 -0.179695 0.120126 0.008601 -0.337312 0.933658
1649856243.041490 -0.163448 1.115584 -0.187880 0.122178 0.015115 -0.353762 0.927198
1649856243.091487 -0.190237 1.130822 -0.183997 0.120963 0.019851 -0.375728 0.918587
1649856243.141484 -0.224085 1.147345 -0.177655 0.114512 0.026469 -0.401013 0.908501
1649856243.191481 -0.262599 1.164603 -0.170940 0.106281 0.034909 -0.428653 0.896517
1649856243.241478 -0.306829 1.203235 -0.185814 0.083509 0.053345 -0.448691 0.888176
1649856243.266476 -0.328236 1.211231 -0.183727 0.079604 0.056958 -0.462191 0.881362
1649856243.341472 -0.391913 1.229212 -0.174186 0.065667 0.058926 -0.502457 0.860089
1649856243.391469 -0.432655 1.229924 -0.162243 0.054034 0.054038 -0.529048 0.845144
1649856243.441465 -0.472521 1.226333 -0.144485 0.047188 0.042230 -0.552580 0.831050
1649856243.491462 -0.514533 1.219921 -0.131335 0.035285 0.029351 -0.575793 0.816306
1649856243.541459 -0.557538 1.213884 -0.117751 0.027315 0.013764 -0.603330 0.796905
1649856243.591456 -0.602377 1.205963 -0.103354 0.021534 -0.001035 -0.626802 0.778880
1649856243.641453 -0.650206 1.195962 -0.086400 0.013443 -0.009814 -0.650244 0.759543
1649856243.691450 -0.702106 1.189816 -0.084172 0.004517 -0.014812 -0.671963 0.740423
1649856243.741447 -0.754194 1.178433 -0.068051 -0.001557 -0.016931 -0.692686 0.721039
1649856243.791444 -0.803270 1.167066 -0.053359 -0.003571 -0.017341 -0.708968 0.705018
1649856243.816442 -0.826089 1.161043 -0.049071 -0.003165 -0.018068 -0.717630 0.696183
1649856243.891438 -0.882859 1.142340 -0.023969 0.003330 -0.025101 -0.742329 0.669558
1649856243.941435 -0.922724 1.126841 -0.011262 0.006591 -0.030394 -0.753521 0.656688
1649856243.991431 -0.956156 1.105789 -0.004579 0.011543 -0.036082 -0.759791 0.649063
1649856244.041429 -0.964784 1.081197 0.011732 0.018031 -0.045002 -0.765395 0.641732
1649856244.091425 -0.982471 1.052265 0.012721 0.027664 -0.044793 -0.770595 0.635147
1649856244.141422 -1.001648 1.016905 0.016058 0.034166 -0.040512 -0.776392 0.628019
1649856244.191419 -1.021440 0.978630 0.019224 0.032973 -0.029905 -0.779065 0.625361
1649856244.241416 -1.041372 0.935208 0.023365 0.030424 -0.020896 -0.781357 0.622992
1649856244.291413 -1.058015 0.886596 0.026915 0.029706 -0.016497 -0.781897 0.622481
1649856244.341410 -1.073703 0.832099 0.030031 0.029108 -0.011864 -0.782050 0.622423
1649856244.391407 -1.084982 0.778998 0.032652 0.026367 -0.005900 -0.780274 0.624854
1649856244.441404 -1.097075 0.724948 0.032296 0.023628 0.001421 -0.779563 0.625876
1649856244.491401 -1.105082 0.671579 0.030908 0.024369 0.008800 -0.779746 0.625559
1649856244.541398 -1.114360 0.619092 0.030204 0.022484 0.019287 -0.781297 0.623456
1649856244.591395 -1.119873 0.570926 0.028752 0.020457 0.028914 -0.781435 0.622980
1649856244.641392 -1.126602 0.520878 0.027872 0.017970 0.033100 -0.782178 0.621915
1649856244.691388 -1.129741 0.468687 0.027320 0.011133 0.031448 -0.781096 0.623519
1649856244.741385 -1.134827 0.414194 0.026083 -0.000184 0.028523 -0.780349 0.624693
1649856244.791382 -1.137377 0.358642 0.024887 -0.011772 0.028644 -0.778395 0.627011
1649856244.841379 -1.143149 0.303426 0.027173 -0.016530 0.031087 -0.777516 0.627876
1649856244.891376 -1.146619 0.246575 0.029656 -0.015276 0.036390 -0.776405 0.628997
1649856244.941373 -1.152933 0.187836 0.034892 -0.010464 0.042425 -0.775756 0.629519
1649856244.991370 -1.156421 0.128098 0.038916 -0.005892 0.047712 -0.772787 0.632842
1649856245.041367 -1.163456 0.069097 0.039801 -0.002320 0.052340 -0.769559 0.636423
1649856245.091364 -1.167720 0.007886 0.036570 0.001929 0.054793 -0.766228 0.640226
1649856245.141361 -1.174607 -0.052803 0.031025 0.005287 0.054507 -0.765066 0.641620
1649856245.191358 -1.315758 -0.361310 0.192976 0.015063 0.059650 -0.759830 0.647204
1649856245.241354 -1.358536 -0.483036 0.217061 0.015626 0.056741 -0.758414 0.649110
1649856245.291352 -1.397091 -0.608116 0.243185 0.013871 0.048778 -0.755286 0.653430
1649856245.341348 -1.432724 -0.737819 0.269838 0.012411 0.043085 -0.754340 0.654951
1649856245.391345 -1.459323 -0.876216 0.300602 0.012400 0.042066 -0.753450 0.656040
1649856245.441342 -1.481785 -0.971174 0.319212 0.014832 0.044661 -0.754651 0.654437
1649856245.491339 -1.509355 -1.161288 0.349138 0.018770 0.049724 -0.758475 0.649531
1649856245.516337 -1.504099 -1.317970 0.305444 0.036719 0.048699 -0.765792 0.640190
1649856245.591333 -1.529329 -1.535607 0.313421 0.040233 0.066369 -0.780881 0.619840
1649856245.641330 -1.578630 -1.742879 0.335671 0.041638 0.079306 -0.789307 0.607431
1649856245.691327 -1.616869 -1.904559 0.344772 0.042838 0.082231 -0.800281 0.592413
1649856245.741324 -1.657528 -2.062488 0.357238 0.037721 0.080067 -0.808038 0.582444
1649856245.791321 -1.735360 -2.238459 0.365311 0.031700 0.081037 -0.812815 0.575985
1649856245.841318 -1.802455 -2.407898 0.393066 0.035185 0.070647 -0.817325 0.570746
1649856245.891315 -1.866073 -2.565781 0.399548 0.031626 0.071287 -0.819513 0.567729
1649856245.941311 -1.930263 -2.730926 0.377580 0.028636 0.070267 -0.823340 0.562454
1649856245.991308 -1.990375 -2.884240 0.422990 0.030498 0.072934 -0.825991 0.558113
1649856246.041305 -2.053395 -3.048453 0.430262 0.032271 0.074645 -0.828779 0.553636
1649856246.091302 -2.109635 -3.190617 0.444741 0.035263 0.076904 -0.829158 0.552575
1649856246.116301 -2.112275 -3.244697 0.452778 0.034979 0.075825 -0.832042 0.548391
1649856246.141299 -2.177428 -3.356422 0.528743 0.037692 0.087986 -0.828966 0.551048
1649856246.166297 -2.212775 -3.437426 0.542028 0.038197 0.087420 -0.829804 0.549840
1649856246.241293 -2.319470 -3.679724 0.580408 0.037011 0.080670 -0.832069 0.547524
1649856246.266291 -2.354620 -3.761392 0.592663 0.035417 0.077576 -0.832799 0.546968
1649856246.341287 -2.461882 -4.004733 0.631150 0.030130 0.068927 -0.832949 0.548213
1649856246.391284 -2.531725 -4.168195 0.656959 0.028069 0.064594 -0.833009 0.548759
1649856246.416282 -2.572849 -4.230396 0.667315 0.026704 0.065720 -0.831317 0.551254
1649856246.491277 -2.672571 -4.432699 0.746882 0.030390 0.067156 -0.831943 0.549942
1649856246.541275 -2.732463 -4.579576 0.787677 0.037234 0.067275 -0.835867 0.543519
1649856246.591271 -2.792007 -4.724368 0.828120 0.043912 0.068365 -0.839382 0.537435
1649856246.641268 -2.855123 -4.868009 0.866284 0.049383 0.068732 -0.844824 0.528308
1649856246.691265 -2.914198 -5.007937 0.902564 0.050680 0.070700 -0.848831 0.521458
1649856246.716264 -2.943471 -5.077145 0.920367 0.050669 0.069692 -0.851369 0.517442
1649856246.791259 -2.999404 -5.272707 0.968488 0.047554 0.063890 -0.860121 0.503833
1649856246.841256 -3.063626 -5.411525 1.005373 0.040509 0.064183 -0.863258 0.499024
1649856246.891253 -3.128815 -5.543699 1.041113 0.035124 0.063339 -0.865842 0.495047
1649856246.916251 -3.161058 -5.609080 1.060642 0.034091 0.063276 -0.867299 0.492572
1649856246.991247 -3.210837 -5.662300 1.338926 0.032664 0.103002 -0.866694 0.486996
1649856247.041244 -3.293771 -5.725899 1.348806 0.010943 0.131104 -0.861946 0.489633
1649856247.091241 -3.274685 -5.806188 1.449258 0.026219 0.133651 -0.862117 0.488061
1649856247.141237 -3.314410 -5.876559 1.529762 0.031283 0.135571 -0.859889 0.491154
1649856247.191234 -3.330774 -5.952933 1.591665 0.037891 0.134185 -0.855758 0.498234
1649856247.241231 -3.351544 -6.024686 1.658324 0.043021 0.132555 -0.855483 0.498726
1649856247.291228 -3.369521 -6.105537 1.707324 0.047632 0.133612 -0.851789 0.504315
1649856247.341225 -3.390551 -6.182738 1.763903 0.045268 0.129695 -0.850299 0.508057
1649856247.391222 -3.412924 -6.269187 1.805158 0.040062 0.125344 -0.848519 0.512543
1649856247.441219 -3.439756 -6.351403 1.851929 0.036333 0.120251 -0.847169 0.516259
1649856247.491216 -3.467473 -6.432290 1.888565 0.037192 0.122914 -0.845804 0.517808
1649856247.541213 -3.499422 -6.508497 1.926026 0.039900 0.126541 -0.846753 0.515174
1649856247.591210 -3.525219 -6.585484 1.955114 0.046293 0.130256 -0.847756 0.512055
1649856247.641207 -3.537292 -6.680552 2.112838 0.064975 0.133579 -0.851582 0.502736
1649856247.666205 -3.548370 -6.715963 2.136992 0.065289 0.138747 -0.853106 0.498696
1649856247.741200 -3.591154 -6.815808 2.214008 0.065728 0.141855 -0.857320 0.490469
1649856247.791198 -3.617987 -6.905322 2.218125 0.053695 0.147656 -0.859075 0.487139
1649856247.841194 -3.647593 -6.976216 2.243510 0.040337 0.146682 -0.861389 0.484630
1649856247.891191 -3.675713 -7.049544 2.252301 0.030315 0.150633 -0.861513 0.483927
1649856247.916190 -3.690482 -7.084484 2.254344 0.024821 0.152206 -0.861718 0.483383
1649856247.991185 -3.738783 -7.187574 2.265122 0.022439 0.159828 -0.860839 0.482605
1649856248.041182 -3.775292 -7.249989 2.266503 0.022976 0.165068 -0.860207 0.481943
1649856248.091179 -3.812244 -7.312358 2.251449 0.027624 0.171489 -0.857862 0.483633
1649856248.141176 -3.853929 -7.368425 2.233174 0.030936 0.176160 -0.855845 0.485325
1649856248.191173 -3.891716 -7.427009 2.199453 0.031051 0.173921 -0.854683 0.488164
1649856248.216171 -3.903599 -7.477119 2.247509 0.042511 0.165929 -0.856657 0.486620
1649856248.241170 -3.922625 -7.506230 2.233199 0.041040 0.164332 -0.856684 0.487241
1649856248.266168 -3.939220 -7.535810 2.217950 0.039196 0.163418 -0.856463 0.488088
1649856248.341164 -3.995280 -7.618934 2.200041 0.036356 0.155873 -0.854632 0.493950
1649856248.391160 -4.028494 -7.673057 2.165193 0.032460 0.152097 -0.853728 0.496951
1649856248.441157 -4.067416 -7.718502 2.133738 0.033652 0.149898 -0.854019 0.497041
1649856248.466156 -4.084269 -7.739937 2.112920 0.035028 0.150387 -0.854614 0.495774
1649856248.541151 -4.128615 -7.824316 2.158273 0.043937 0.163780 -0.856508 0.487482
1649856248.591148 -4.166108 -7.897706 2.121256 0.043984 0.162611 -0.861681 0.478674
1649856248.666143 -4.231680 -7.976154 2.089783 0.046095 0.166079 -0.868661 0.464457
1649856248.716141 -4.292901 -8.098231 2.162013 0.053468 0.171333 -0.870983 0.457356
1649856248.791136 -4.321156 -8.164976 2.395719 0.036415 0.210883 -0.868800 0.446531
1649856248.841133 -4.355752 -8.202962 2.459152 0.026218 0.212779 -0.870104 0.443798
1649856248.891129 -4.392105 -8.239069 2.525563 0.020355 0.219157 -0.868468 0.444207
1649856248.941127 -4.433336 -8.266896 2.594195 0.017930 0.224801 -0.866904 0.444546
1649856248.991123 -4.483765 -8.292144 2.664455 0.021568 0.230718 -0.864551 0.445931
1649856249.041120 -4.539583 -8.312167 2.735328 0.029061 0.234643 -0.859997 0.452221
1649856249.091117 -4.602815 -8.330850 2.805015 0.036230 0.238874 -0.851984 0.464489
1649856249.116116 -4.637271 -8.337772 2.839489 0.040218 0.242309 -0.848067 0.469523
1649856249.191111 -4.750714 -8.344623 2.943548 0.050304 0.247601 -0.836873 0.485599
1649856249.241108 -4.832280 -8.339674 3.014304 0.054477 0.245796 -0.831128 0.495826
1649856249.291105 -4.903694 -8.328865 3.088702 0.059201 0.243940 -0.824603 0.506970
1649856249.341102 -4.986301 -8.304380 3.161755 0.058654 0.240240 -0.817798 0.519665
1649856249.366100 -5.027181 -8.288799 3.199531 0.058542 0.238615 -0.814156 0.526104
1649856249.441096 -5.156592 -8.226845 3.319888 0.063184 0.235080 -0.800813 0.547215
1649856249.491093 -5.250934 -8.175737 3.402134 0.071034 0.236590 -0.787062 0.565255
1649856249.541090 -5.350130 -8.117718 3.486583 0.079214 0.235633 -0.773301 0.583273
1649856249.591086 -5.450560 -8.052075 3.572518 0.090392 0.234502 -0.757402 0.602644
1649856249.641083 -5.553645 -7.976938 3.658744 0.102866 0.235087 -0.738166 0.623909
1649856249.691080 -5.658842 -7.892103 3.746191 0.115465 0.236189 -0.714333 0.648545
1649856249.716079 -5.712381 -7.846014 3.790372 0.120694 0.235994 -0.701470 0.661574
1649856249.791074 -5.882844 -7.691050 3.911844 0.133154 0.228814 -0.659675 0.703380
1649856249.841071 -5.999696 -7.575768 3.996210 0.139090 0.226815 -0.628870 0.730569
1649856249.891068 -6.118957 -7.449951 4.083747 0.144870 0.225586 -0.595582 0.757235
1649856249.941065 -6.241590 -7.313601 4.174694 0.151992 0.225316 -0.561217 0.781772
1649856249.991062 -6.367699 -7.166767 4.269084 0.158565 0.225331 -0.523757 0.806078
1649856250.041059 -6.498914 -7.008424 4.365747 0.165738 0.225138 -0.480437 0.831279
1649856250.091056 -6.632311 -6.838044 4.465644 0.175533 0.223276 -0.431933 0.856020
1649856250.141052 -6.770587 -6.653752 4.567907 0.190276 0.221802 -0.380955 0.877196
1649856250.191050 -6.915854 -6.456357 4.671794 0.203728 0.219459 -0.329876 0.895273
1649856250.241046 -7.066885 -6.246545 4.778246 0.215042 0.215580 -0.279413 0.910610
1649856250.291043 -7.222576 -6.025093 4.887354 0.224967 0.209717 -0.233489 0.922438
1649856250.341040 -7.383186 -5.794127 4.999201 0.228897 0.204275 -0.190348 0.932548
1649856250.366039 -7.465003 -5.675223 5.056504 0.229660 0.201794 -0.169168 0.936973
1649856250.441034 -7.717576 -5.302492 5.234574 0.232681 0.194054 -0.104673 0.947231
1649856250.491031 -7.890185 -5.040353 5.358340 0.237976 0.189071 -0.061904 0.950678
1649856250.541028 -8.068790 -4.767100 5.483996 0.243666 0.185764 -0.020159 0.951689
1649856250.591025 -8.253803 -4.484442 5.611363 0.247179 0.183430 0.020827 0.951221
1649856250.641022 -8.445400 -4.193465 5.739562 0.244382 0.182171 0.059180 0.950573
1649856250.691019 -8.643825 -3.893240 5.869230 0.239263 0.180667 0.095105 0.949246
1649856250.741016 -8.849606 -3.583101 6.001234 0.228827 0.176976 0.131435 0.948178
1649856250.791013 -9.063438 -3.261311 6.134951 0.221474 0.174113 0.163681 0.945432
1649856250.841009 -9.285898 -2.926732 6.271915 0.224034 0.174589 0.193393 0.939109
1649856250.866008 -9.399968 -2.755579 6.340311 0.222812 0.173995 0.208985 0.936165
1649856250.941003 -9.751555 -2.228066 6.548037 0.215491 0.167806 0.255832 0.927337
1649856250.991000 -9.994292 -1.863215 6.690066 0.213794 0.161782 0.289366 0.918905
1649856251.040997 -10.242127 -1.489019 6.835839 0.213903 0.154407 0.324480 0.908359
1649856251.090994 -10.494471 -1.105376 6.985514 0.215205 0.146621 0.357938 0.896699
1649856251.140991 -10.751223 -0.713131 7.138935 0.217036 0.138075 0.387651 0.885188
1649856251.165989 -10.881247 -0.514078 7.216736 0.218499 0.133722 0.401329 0.879381
1649856251.190988 -11.012911 -0.312970 7.294982 0.220886 0.129742 0.414227 0.873380
1649856251.215986 -11.146790 -0.109798 7.373640 0.223457 0.125957 0.426650 0.867279
1649856251.240985 -11.292122 0.101938 7.458442 0.234962 0.124431 0.436108 0.859720
1649856251.265981 -11.432319 0.311162 7.539716 0.239143 0.124341 0.446809 0.853060
1649856251.340976 -11.863701 0.949344 7.783899 0.247682 0.123168 0.481112 0.831874
1649856251.390973 -12.160507 1.382511 7.948265 0.249480 0.124227 0.502230 0.818592
1649856251.440970 -12.461530 1.820338 8.113879 0.243521 0.125270 0.520876 0.808513
1649856251.465969 -12.613894 2.041247 8.197783 0.237729 0.122875 0.532368 0.803101
1649856251.540964 -13.082363 2.713514 8.454479 0.225771 0.118117 0.566498 0.783681
1649856251.590961 -13.401369 3.169992 8.630483 0.218788 0.111453 0.579813 0.776870
1649856251.640958 -13.725956 3.633152 8.810492 0.214168 0.104422 0.584381 0.775710
1649856251.690955 -14.057466 4.103086 8.994241 0.213414 0.099259 0.585835 0.775500
1649856251.740952 -14.395025 4.580397 9.181329 0.214523 0.094022 0.585910 0.775789
1649856251.790949 -14.738039 5.065142 9.371559 0.216422 0.088785 0.583372 0.777789
1649856251.865944 -15.263512 5.805568 9.661807 0.217601 0.080728 0.578879 0.781685
1649856251.940939 -15.804368 6.561931 9.958229 0.217436 0.078258 0.575323 0.784602
1649856251.990936 -16.174469 7.075786 10.159507 0.217579 0.080711 0.572419 0.786436
1649856252.040933 -16.548466 7.597684 10.363531 0.216240 0.081396 0.567656 0.790179
1649856252.090930 -16.927712 8.127930 10.570562 0.214350 0.082969 0.560837 0.795382
1649856252.140927 -17.312289 8.666745 10.780095 0.212361 0.084847 0.553246 0.801013
1649856252.165926 -17.507119 8.939532 10.885750 0.211835 0.086142 0.549454 0.803620
1649856252.240921 -18.101639 9.770636 11.206389 0.210658 0.090335 0.540504 0.809517
1649856252.290918 -18.506736 10.335840 11.423004 0.213850 0.097864 0.530260 0.814564
1649856252.340915 -18.917881 10.910336 11.641321 0.218467 0.106060 0.518056 0.820147
1649856252.390912 -19.336266 11.493234 11.861089 0.220377 0.111388 0.511128 0.823271
1649856252.440909 -19.761115 12.084475 12.082819 0.224424 0.117658 0.506812 0.823973
1649856252.490906 -20.192335 12.684004 12.305721 0.228577 0.122734 0.503641 0.824036
1649856252.540902 -20.628593 13.292378 12.529274 0.234823 0.126862 0.498054 0.825049
1649856252.590899 -21.070790 13.909612 12.753010 0.241158 0.130183 0.489086 0.828064
1649856252.640896 -21.519144 14.535636 12.976631 0.243743 0.130823 0.482669 0.830967
1649856252.690893 -21.976439 15.169275 13.201572 0.245367 0.135319 0.481256 0.830588
1649856252.740890 -22.442560 15.811532 13.427271 0.244104 0.139882 0.484154 0.828518
1649856252.790887 -22.914240 16.461633 13.655304 0.243273 0.145191 0.482623 0.828741
1649856252.815886 -23.151110 16.789356 13.770543 0.241599 0.145687 0.481927 0.829549
1649856252.890881 -23.881776 17.790503 14.117076 0.232447 0.141595 0.473145 0.837886
1649856252.940878 -24.371316 18.465839 14.354985 0.224942 0.140276 0.473956 0.839696
1649856252.965876 -24.619445 18.806759 14.475109 0.221462 0.140371 0.474080 0.840535
1649856253.040872 -25.368594 19.839238 14.842161 0.211713 0.137609 0.475512 0.842692
1649856253.065870 -25.620681 20.187278 14.966436 0.209860 0.136399 0.476050 0.843048
1649856253.140866 -26.383864 21.243302 15.344043 0.210042 0.132321 0.473072 0.845326
1649856253.190862 -26.898203 21.957101 15.599064 0.212737 0.129179 0.467975 0.847971
1649856253.240859 -27.416840 22.678552 15.856162 0.213367 0.124131 0.462627 0.851494
1649856253.290856 -27.941027 23.407901 16.115201 0.212184 0.119585 0.458222 0.854816
1649856253.340853 -28.471361 24.144753 16.375530 0.208277 0.116630 0.456449 0.857130
1649856253.365852 -28.739246 24.515985 16.505788 0.205739 0.117151 0.455109 0.858384
1649856253.440847 -29.549626 25.640685 16.896977 0.192957 0.119062 0.455999 0.860614
1649856253.465845 -29.822460 26.019517 17.027273 0.185252 0.116951 0.460342 0.860284
1649856253.490844 -30.096568 26.400495 17.158002 0.178665 0.114944 0.464501 0.859712
1649856253.515842 -30.372112 26.783653 17.289401 0.174261 0.113718 0.467668 0.859062
1649856253.590838 -31.207977 27.944049 17.686813 0.166957 0.107038 0.475108 0.857287
1649856253.665833 -32.061421 29.123578 18.090174 0.172686 0.100335 0.484445 0.851719
1649856253.740829 -32.930194 30.317097 18.499198 0.179824 0.092134 0.493546 0.845924
1649856253.790825 -33.518446 31.120277 18.774396 0.183763 0.089224 0.498212 0.842648
1649856253.840822 -34.111829 31.929177 19.051597 0.187972 0.087795 0.500522 0.840497
1649856253.890819 -34.710527 32.744695 19.330814 0.191707 0.084361 0.503166 0.838425
1649856253.940816 -35.313120 33.566785 19.612070 0.194199 0.078972 0.503819 0.837984
1649856253.990813 -35.921098 34.395604 19.895553 0.198084 0.077718 0.501301 0.838702
1649856254.040810 -36.533224 35.230836 20.181257 0.200551 0.078098 0.500060 0.838821
1649856254.090807 -37.147430 36.072343 20.468040 0.199792 0.079371 0.498673 0.839708
1649856254.140804 -37.762708 36.919867 20.755660 0.196137 0.081332 0.496130 0.841885
1649856254.190801 -38.379064 37.773288 21.043966 0.191526 0.085364 0.488188 0.847174
1649856254.240798 -38.996871 38.632528 21.333263 0.186531 0.090647 0.474048 0.855726
1649856254.290795 -39.616242 39.497171 21.623230 0.180980 0.095481 0.456175 0.866045
1649856254.340791 -40.237457 40.366850 21.913238 0.173668 0.099103 0.435769 0.877567
1649856254.390789 -40.862284 41.241911 22.202882 0.167254 0.104116 0.411159 0.890019
1649856254.440785 -41.490758 42.122017 22.492026 0.161789 0.109194 0.381957 0.903333
1649856254.490782 -42.123466 43.006751 22.780172 0.156024 0.112585 0.349971 0.916788
1649856254.540779 -42.760799 43.895614 23.067411 0.153362 0.113960 0.315187 0.929597
1649856254.565778 -43.080912 44.341290 23.211683 0.154269 0.113070 0.295628 0.935960
1649856254.640773 -44.047925 45.683507 23.644966 0.156550 0.103194 0.234476 0.953868
1649856254.690770 -44.699709 46.582632 23.934647 0.157919 0.098355 0.199218 0.962133
1649856254.740767 -45.356408 47.484546 24.224463 0.155225 0.097350 0.169991 0.968262
1649856254.790764 -46.023601 48.393384 24.512936 0.149034 0.101704 0.141669 0.973332
1649856254.840761 -46.692334 49.304526 24.803865 0.141613 0.108541 0.111450 0.977621
1649856254.890758 -47.369959 50.223254 25.095233 0.136731 0.118719 0.079602 0.980242
1649856254.940755 -48.051477 51.145580 25.388324 0.131395 0.129604 0.047980 0.981650
1649856254.965753 -48.395015 51.609044 25.534834 0.128755 0.135267 0.032014 0.981886
1649856255.040748 -49.433114 53.003664 25.976098 0.114679 0.152695 -0.013508 0.981504
1649856255.090745 -50.133044 53.939770 26.271270 0.105667 0.167193 -0.042948 0.979304
1649856255.115744 -50.485330 54.409576 26.418670 0.098456 0.175020 -0.055420 0.978061
1649856255.190739 -51.550625 55.829862 26.861542 0.080389 0.192533 -0.095385 0.973329
