# timestamp tx ty tz qx qy qz qw
1649856227.792434 0.006048 -0.030931 0.019403 0.022206 0.021180 -0.000237 0.999529
1649856227.842431 0.007889 -0.031420 0.017940 0.022314 0.021172 0.000675 0.999527
1649856227.892428 0.001546 -0.023966 0.008437 0.012446 0.015052 -0.001609 0.999808
1649856227.942425 -0.003513 -0.022082 0.013878 0.014609 0.015534 -0.002521 0.999769
1649856227.992422 -0.004512 -0.019169 0.020641 0.015211 0.018400 -0.002364 0.999712
1649856228.042419 -0.003711 -0.019043 0.017710 0.015540 0.016691 -0.002117 0.999738
1649856228.067417 -0.003218 -0.018495 0.017276 0.015392 0.016271 -0.001953 0.999747
1649856228.142413 -0.004605 -0.018027 0.015994 0.015435 0.016321 -0.002198 0.999745
1649856228.192410 -0.005299 -0.017015 0.016256 0.015292 0.016340 -0.002294 0.999747
1649856228.242407 -0.005950 -0.017369 0.015168 0.015354 0.016188 -0.002434 0.999748
1649856228.292403 -0.006551 -0.016558 0.015467 0.015272 0.016085 -0.002378 0.999751
1649856228.342400 -0.007486 -0.016279 0.014870 0.015313 0.016072 -0.002558 0.999750
1649856228.392397 -0.008379 -0.015594 0.015501 0.015145 0.015890 -0.002549 0.999756
1649856228.442394 -0.009250 -0.015176 0.015286 0.015157 0.015993 -0.002756 0.999753
1649856228.492391 -0.010252 -0.014178 0.015987 0.015078 0.015955 -0.002794 0.999755
1649856228.542388 -0.010825 -0.014023 0.015727 0.015186 0.016009 -0.002979 0.999752
1649856228.592385 -0.011088 -0.013221 0.016238 0.015046 0.016046 -0.002800 0.999754
1649856228.642382 -0.011106 -0.013219 0.015834 0.015079 0.016168 -0.003035 0.999751
1649856228.692379 -0.011277 -0.012702 0.016249 0.015096 0.016089 -0.002910 0.999752
1649856228.742376 -0.011295 -0.013022 0.015978 0.015139 0.016028 -0.002988 0.999752
1649856228.792373 -0.011298 -0.012569 0.016466 0.015162 0.016118 -0.002796 0.999751
1649856228.842370 -0.011501 -0.012621 0.016213 0.015076 0.016029 -0.003089 0.999753
1649856228.892366 -0.011592 -0.012161 0.016320 0.015058 0.016080 -0.003005 0.999753
1649856228.917365 -0.010592 -0.013352 0.015868 0.015042 0.016082 -0.003121 0.999753
1649856228.942363 -0.010194 -0.013769 0.015646 0.015046 0.016154 -0.003071 0.999752
1649856228.992360 -0.010867 -0.013327 0.015965 0.015002 0.016140 -0.003061 0.999753
1649856229.042357 -0.011264 -0.013272 0.015528 0.015100 0.016185 -0.003156 0.999750
1649856229.067356 -0.010881 -0.013692 0.015552 0.015069 0.016192 -0.003092 0.999751
1649856229.092354 -0.010536 -0.013944 0.015670 0.015076 0.016104 -0.003057 0.999752
1649856229.142351 -0.011452 -0.013343 0.016038 0.015066 0.016187 -0.003154 0.999750
1649856229.192348 -0.012064 -0.012555 0.016594 0.015060 0.016185 -0.003065 0.999751
1649856229.242345 -0.012491 -0.012246 0.016680 0.015051 0.016135 -0.003258 0.999751
1649856229.292342 -0.012896 -0.011565 0.017182 0.015009 0.016196 -0.003166 0.999751
1649856229.317340 -0.012170 -0.012667 0.016792 0.014957 0.016117 -0.003241 0.999753
1649856229.342339 -0.011833 -0.013220 0.016508 0.014990 0.016045 -0.003166 0.999754
1649856229.392335 -0.012407 -0.012842 0.016518 0.015011 0.015941 -0.003107 0.999755
1649856229.417334 -0.011785 -0.013573 0.016409 0.015015 0.016025 -0.003219 0.999754
1649856229.442333 -0.011559 -0.013805 0.016357 0.015008 0.016067 -0.003223 0.999753
1649856229.492329 -0.012125 -0.013230 0.016631 0.014959 0.016066 -0.003230 0.999754
1649856229.542326 -0.012713 -0.012371 0.016871 0.014964 0.016090 -0.003196 0.999753
1649856229.592323 -0.013101 -0.011404 0.017520 0.014978 0.016131 -0.003107 0.999753
1649856229.642320 -0.013121 -0.010913 0.017535 0.014849 0.016141 -0.003277 0.999754
1649856229.692317 -0.013302 -0.010151 0.017859 0.014823 0.016274 -0.003184 0.999753
1649856229.742314 -0.013309 -0.010187 0.017497 0.014835 0.016262 -0.003351 0.999752
1649856229.792311 -0.013176 -0.009939 0.018036 0.014812 0.016197 -0.003153 0.999754
1649856229.842308 -0.013228 -0.010141 0.018089 0.014744 0.016252 -0.003406 0.999753
1649856229.867306 -0.012679 -0.010655 0.018280 0.014718 0.016320 -0.003336 0.999753
1649856229.892305 -0.012189 -0.010934 0.018352 0.014765 0.016340 -0.003198 0.999752
1649856229.942302 -0.012986 -0.010234 0.018066 0.014863 0.016123 -0.003373 0.999754
1649856229.992299 -0.013657 -0.009321 0.018035 0.014919 0.016090 -0.003207 0.999754
1649856230.042295 -0.014332 -0.009258 0.017501 0.014853 0.016122 -0.003412 0.999754
1649856230.092292 -0.014708 -0.008670 0.017627 0.014959 0.015993 -0.003400 0.999754
1649856230.117291 -0.013804 -0.009767 0.017484 0.014935 0.015954 -0.003577 0.999755
1649856230.142289 -0.013116 -0.010257 0.017526 0.014918 0.016008 -0.003494 0.999754
1649856230.192286 -0.013418 -0.009723 0.017734 0.014870 0.016074 -0.003383 0.999755
1649856230.242283 -0.013980 -0.009321 0.017822 0.014815 0.016095 -0.003543 0.999754
1649856230.292278 -0.014098 -0.008518 0.018276 0.014885 0.016092 -0.003367 0.999754
1649856230.317277 -0.013226 -0.008999 0.018281 0.014872 0.016107 -0.003473 0.999754
1649856230.342275 -0.012788 -0.009054 0.018364 0.014875 0.016117 -0.003420 0.999754
1649856230.392272 -0.013288 -0.008028 0.018923 0.014917 0.016073 -0.003399 0.999754
1649856230.442269 -0.014025 -0.007634 0.019088 0.014790 0.016066 -0.003397 0.999756
1649856230.492266 -0.014573 -0.006872 0.019665 0.014763 0.016065 -0.003295 0.999757
1649856230.542263 -0.014966 -0.006356 0.020010 0.014764 0.016078 -0.003511 0.999756
1649856230.592259 -0.015107 -0.005582 0.020820 0.014752 0.016074 -0.003429 0.999756
1649856230.642256 -0.015120 -0.005344 0.020924 0.014636 0.016182 -0.003340 0.999756
1649856230.692253 -0.014699 -0.004569 0.021465 0.014638 0.016226 -0.003065 0.999757
1649856230.742250 -0.014808 -0.004474 0.021350 0.014678 0.016059 -0.003254 0.999758
1649856230.792247 -0.014820 -0.004049 0.021419 0.014798 0.015986 -0.003162 0.999758
1649856230.817245 -0.013806 -0.004823 0.021615 0.014705 0.015902 -0.003285 0.999760
1649856230.842244 -0.013095 -0.004914 0.021712 0.014688 0.015776 -0.003230 0.999762
1649856230.892241 -0.013526 -0.004233 0.021779 0.014643 0.015752 -0.003223 0.999764
1649856230.917239 -0.013220 -0.005181 0.021383 0.014580 0.015881 -0.003464 0.999762
1649856230.942238 -0.013126 -0.005777 0.020981 0.014537 0.016072 -0.003508 0.999759
1649856230.967236 -0.012922 -0.006497 0.020751 0.014460 0.016216 -0.003541 0.999758
1649856230.992235 -0.012657 -0.007331 0.020676 0.014469 0.016231 -0.003552 0.999757
1649856231.017233 -0.012458 -0.007580 0.021148 0.014501 0.016108 -0.003544 0.999759
1649856231.042232 -0.012439 -0.007566 0.021662 0.014494 0.016017 -0.003530 0.999760
1649856231.092228 -0.013192 -0.006799 0.022243 0.014509 0.015923 -0.003471 0.999762
1649856231.142225 -0.013778 -0.006478 0.022175 0.014515 0.015923 -0.003596 0.999761
1649856231.192222 -0.013564 -0.005688 0.022646 0.014520 0.015894 -0.003520 0.999762
1649856231.242219 -0.013720 -0.005972 0.022667 0.014434 0.015939 -0.003563 0.999762
1649856231.292216 -0.014201 -0.005590 0.022889 0.014414 0.015977 -0.003419 0.999763
1649856231.342213 -0.014429 -0.005755 0.022446 0.014450 0.016035 -0.003528 0.999761
1649856231.392210 -0.014634 -0.004969 0.022877 0.014467 0.015955 -0.003441 0.999762
1649856231.442207 -0.014738 -0.004762 0.022990 0.014456 0.016002 -0.003604 0.999761
1649856231.467205 -0.014244 -0.005135 0.023196 0.014418 0.016029 -0.003547 0.999761
1649856231.492203 -0.013724 -0.005442 0.023105 0.014373 0.016103 -0.003512 0.999761
1649856231.542201 -0.014758 -0.004913 0.023050 0.014278 0.016191 -0.003633 0.999760
1649856231.592197 -0.015224 -0.003697 0.023186 0.014260 0.016216 -0.003576 0.999760
1649856231.642194 -0.015523 -0.003237 0.022591 0.014249 0.016199 -0.003680 0.999760
1649856231.692191 -0.015675 -0.002519 0.022447 0.014298 0.016003 -0.003519 0.999764
1649856231.742188 -0.015352 -0.002611 0.022174 0.014367 0.015978 -0.003664 0.999762
1649856231.792185 -0.015194 -0.001973 0.022390 0.014451 0.015841 -0.003562 0.999764
1649856231.842182 -0.015135 -0.001295 0.022701 0.014465 0.015923 -0.003707 0.999762
1649856231.892179 -0.015177 -0.000230 0.023288 0.014349 0.016013 -0.003606 0.999762
1649856231.942176 -0.015158 -0.000590 0.023567 0.014320 0.016190 -0.003787 0.999759
1649856231.992172 -0.015002 -0.000491 0.023881 0.014242 0.016181 -0.003574 0.999761
1649856232.042169 -0.015020 -0.001843 0.023339 0.014222 0.016251 -0.003637 0.999760
1649856232.092166 -0.014904 -0.002529 0.023215 0.014259 0.016238 -0.003478 0.999760
1649856232.142163 -0.014832 -0.003488 0.022512 0.014359 0.016171 -0.003534 0.999760
1649856232.167162 -0.013958 -0.004653 0.021954 0.014512 0.016084 -0.003381 0.999760
1649856232.192160 -0.013234 -0.005574 0.021348 0.014646 0.016015 -0.003246 0.999759
1649856232.242157 -0.012922 -0.005444 0.020553 0.014742 0.016025 -0.003410 0.999757
1649856232.292154 -0.012353 -0.004935 0.019851 0.014764 0.015981 -0.003165 0.999758
1649856232.317152 -0.011617 -0.006013 0.019241 0.014692 0.016106 -0.003195 0.999757
1649856232.367149 -0.010733 -0.010861 0.023271 0.013958 0.016358 -0.002911 0.999765
1649856232.417146 -0.010844 -0.012568 0.023580 0.014077 0.016349 -0.003102 0.999762
1649856232.467143 -0.010711 -0.013498 0.023813 0.014168 0.016279 -0.002812 0.999763
1649856232.517140 -0.010900 -0.013669 0.023489 0.014227 0.016307 -0.003098 0.999761
1649856232.567137 -0.010622 -0.013115 0.023466 0.014308 0.016187 -0.002864 0.999763
1649856232.592135 -0.010245 -0.012550 0.023411 0.014367 0.016129 -0.002856 0.999763
1649856232.617134 -0.009901 -0.011854 0.023287 0.014293 0.016076 -0.002912 0.999764
1649856232.642132 -0.009652 -0.011156 0.023164 0.014269 0.016042 -0.002887 0.999765
1649856232.692129 -0.010829 -0.009455 0.022795 0.014258 0.016183 -0.003049 0.999763
1649856232.717127 -0.011294 -0.009223 0.022086 0.014387 0.016331 -0.003265 0.999758
1649856232.742126 -0.011850 -0.009116 0.021318 0.014505 0.016397 -0.003288 0.999755
1649856232.792123 -0.013327 -0.008232 0.020327 0.014633 0.016346 -0.003348 0.999754
1649856232.842120 -0.014508 -0.007010 0.019533 0.014790 0.016230 -0.003605 0.999752
1649856232.892117 -0.015100 -0.005447 0.019129 0.014800 0.016070 -0.003463 0.999755
1649856232.942113 -0.015278 -0.003908 0.018502 0.014808 0.016120 -0.003624 0.999754
1649856232.992110 -0.014811 -0.002183 0.018480 0.014765 0.016097 -0.003425 0.999756
1649856233.042107 -0.014538 -0.001713 0.017923 0.014757 0.016135 -0.003616 0.999754
1649856233.067106 -0.013305 -0.002410 0.017851 0.014737 0.016095 -0.003414 0.999756
1649856233.092104 -0.012190 -0.003263 0.017716 0.014739 0.016025 -0.003267 0.999758
1649856233.117103 -0.011880 -0.003784 0.017945 0.014746 0.015975 -0.003473 0.999758
1649856233.142101 -0.012581 -0.005599 0.018233 0.014745 0.015941 -0.003618 0.999758
1649856233.167099 -0.012932 -0.007050 0.018633 0.014750 0.015908 -0.003655 0.999758
1649856233.192098 -0.013171 -0.008785 0.018811 0.014791 0.015918 -0.003643 0.999757
1649856233.217096 -0.013722 -0.009840 0.019029 0.014686 0.015944 -0.003834 0.999758
1649856233.242095 -0.013600 -0.010376 0.019247 0.014677 0.015979 -0.003723 0.999758
1649856233.292092 -0.014364 -0.010556 0.019405 0.014708 0.016141 -0.003586 0.999755
1649856233.317090 -0.014599 -0.009768 0.019576 0.014662 0.016215 -0.003826 0.999754
1649856233.392085 -0.006025 -0.010967 0.020742 0.013882 0.016057 -0.002741 0.999771
1649856233.417084 -0.005448 -0.010402 0.020568 0.013666 0.015942 -0.002723 0.999776
1649856233.442082 -0.004991 -0.009721 0.020421 0.013462 0.015989 -0.002726 0.999778
1649856233.492079 -0.005702 -0.008243 0.020633 0.013761 0.016123 -0.002981 0.999771
1649856233.517078 -0.007036 -0.008316 0.020902 0.014216 0.016355 -0.003124 0.999760
1649856233.542076 -0.008661 -0.008364 0.021037 0.014372 0.016362 -0.003176 0.999758
1649856233.567075 -0.010376 -0.008625 0.021168 0.014498 0.016368 -0.003176 0.999756
1649856233.592073 -0.012090 -0.009057 0.021230 0.014617 0.016427 -0.003203 0.999753
1649856233.642070 -0.015162 -0.007405 0.021566 0.014656 0.016478 -0.003612 0.999750
1649856233.692067 -0.016703 -0.005996 0.021916 0.014667 0.016388 -0.003729 0.999751
1649856233.717065 -0.015882 -0.005714 0.021302 0.014626 0.016337 -0.003877 0.999752
1649856233.742064 -0.015044 -0.006548 0.020444 0.014695 0.016202 -0.003669 0.999754
1649856233.792061 -0.015746 -0.006867 0.019973 0.014727 0.016107 -0.003636 0.999755
1649856233.842057 -0.016382 -0.006357 0.019193 0.014670 0.016193 -0.004016 0.999753
1649856233.892054 -0.016047 -0.005965 0.019074 0.014659 0.016167 -0.003844 0.999754
1649856233.942051 -0.014786 -0.006214 0.018908 0.014817 0.016163 -0.003794 0.999752
1649856233.992048 -0.013443 -0.005776 0.019233 0.014791 0.016105 -0.003488 0.999755
1649856234.017047 -0.011909 -0.006610 0.019344 0.014783 0.016001 -0.003496 0.999757
1649856234.042045 -0.011585 -0.008603 0.019558 0.014763 0.016018 -0.003531 0.999756
1649856234.092042 -0.012029 -0.009472 0.020141 0.014755 0.016030 -0.003561 0.999756
1649856234.142039 -0.012192 -0.009442 0.020523 0.014697 0.015979 -0.003577 0.999758
1649856234.192036 -0.011858 -0.009009 0.020937 0.014698 0.015912 -0.003462 0.999759
1649856234.217034 -0.010891 -0.009322 0.020692 0.014697 0.015934 -0.003478 0.999759
1649856234.242033 -0.010427 -0.010241 0.020363 0.014718 0.015929 -0.003366 0.999759
1649856234.292030 -0.010982 -0.010251 0.020326 0.014676 0.016021 -0.003342 0.999758
1649856234.342026 -0.011491 -0.009979 0.020134 0.014743 0.015949 -0.003395 0.999758
1649856234.392023 -0.011321 -0.008290 0.020326 0.014794 0.015825 -0.003098 0.999761
1649856234.442020 -0.011308 -0.006614 0.019835 0.014733 0.015788 -0.003265 0.999761
1649856234.467019 -0.010548 -0.005954 0.019837 0.014750 0.015815 -0.003202 0.999761
1649856234.492017 -0.009944 -0.005361 0.019866 0.014761 0.015749 -0.003134 0.999762
1649856234.542014 -0.010357 -0.004088 0.019420 0.014734 0.015856 -0.003201 0.999761
1649856234.592011 -0.011059 -0.003295 0.019373 0.014743 0.015893 -0.003140 0.999760
1649856234.642008 -0.011985 -0.003775 0.018825 0.014731 0.016077 -0.003308 0.999757
1649856234.692005 -0.012656 -0.004065 0.018698 0.014717 0.016100 -0.003162 0.999757
1649856234.717003 -0.012535 -0.005600 0.018120 0.014647 0.016114 -0.003323 0.999757
1649856234.742002 -0.012800 -0.007777 0.017633 0.014698 0.016109 -0.003316 0.999757
1649856234.767000 -0.013034 -0.009336 0.017435 0.014683 0.016059 -0.003365 0.999758
1649856234.791999 -0.013159 -0.010922 0.017463 0.014662 0.016037 -0.003420 0.999758
1649856234.841995 -0.014583 -0.010555 0.017937 0.014668 0.016223 -0.003821 0.999754
1649856234.866994 -0.014540 -0.010473 0.018291 0.014679 0.016229 -0.003763 0.999753
1649856234.916991 -0.015046 -0.010236 0.018530 0.014623 0.016201 -0.003957 0.999754
1649856234.966988 -0.010775 -0.011612 0.022712 0.014014 0.015778 -0.002769 0.999773
1649856235.016984 -0.009931 -0.011727 0.023550 0.014061 0.016011 -0.003017 0.999768
1649856235.066981 -0.009531 -0.011472 0.024173 0.014096 0.016179 -0.002850 0.999766
1649856235.116978 -0.009765 -0.010401 0.024472 0.014009 0.016072 -0.003126 0.999768
1649856235.141977 -0.009666 -0.010005 0.024380 0.014042 0.015973 -0.003117 0.999769
1649856235.191973 -0.010943 -0.008945 0.024448 0.014120 0.016045 -0.003256 0.999766
1649856235.241970 -0.012255 -0.007654 0.023986 0.014152 0.016180 -0.003427 0.999763
1649856235.291967 -0.013067 -0.006502 0.022733 0.014246 0.016289 -0.003422 0.999760
1649856235.366963 -0.014877 -0.004997 0.020985 0.014296 0.016202 -0.003667 0.999760
1649856235.416960 -0.014328 -0.006060 0.019530 0.014491 0.016164 -0.003766 0.999757
1649856235.466956 -0.010861 -0.008476 0.023575 0.013846 0.015797 -0.002882 0.999775
1649856235.516953 -0.011039 -0.007959 0.023849 0.013942 0.015851 -0.003210 0.999772
1649856235.566950 -0.011096 -0.007845 0.024536 0.013922 0.015784 -0.003048 0.999774
1649856235.616947 -0.011400 -0.007533 0.025004 0.013879 0.015711 -0.003359 0.999775
1649856235.666944 -0.011399 -0.007686 0.025392 0.013870 0.015578 -0.003112 0.999778
1649856235.716941 -0.011669 -0.007438 0.025647 0.013970 0.015754 -0.003377 0.999773
1649856235.741939 -0.011328 -0.007487 0.025562 0.014010 0.015803 -0.003278 0.999772
1649856235.766938 -0.011851 -0.007910 0.025292 0.014062 0.015911 -0.003313 0.999769
1649856235.791936 -0.012345 -0.008469 0.024903 0.014119 0.016029 -0.003363 0.999766
1649856235.841933 -0.013633 -0.007997 0.024234 0.014076 0.016041 -0.003550 0.999766
1649856235.891930 -0.014417 -0.007001 0.023302 0.014178 0.016009 -0.003475 0.999765
1649856235.941927 -0.015101 -0.006324 0.022025 0.014338 0.015899 -0.003683 0.999764
1649856235.991924 -0.014989 -0.005195 0.020861 0.014416 0.015847 -0.003571 0.999764
1649856236.016922 -0.013883 -0.005716 0.019968 0.014509 0.015971 -0.003694 0.999760
1649856236.041921 -0.013276 -0.007126 0.019137 0.014579 0.015992 -0.003680 0.999759
1649856236.091918 -0.013586 -0.007755 0.018539 0.014586 0.015983 -0.003688 0.999759
1649856236.141915 -0.014452 -0.006740 0.018244 0.014634 0.016051 -0.003815 0.999757
1649856236.191911 -0.014950 -0.005495 0.018613 0.014608 0.015909 -0.003691 0.999760
1649856236.241908 -0.015427 -0.004435 0.018040 0.014599 0.015602 -0.003868 0.999764
1649856236.291907 -0.015260 -0.004059 0.018198 0.014599 0.015522 -0.003655 0.999766
1649856236.341904 -0.015197 -0.004372 0.018293 0.014702 0.015353 -0.003879 0.999767
1649856236.391901 -0.014433 -0.004540 0.018700 0.014700 0.015310 -0.003733 0.999768
1649856236.416899 -0.013741 -0.006123 0.018327 0.014640 0.015453 -0.003837 0.999766
1649856236.441898 -0.013331 -0.008459 0.017952 0.014670 0.015594 -0.003703 0.999764
1649856236.491895 -0.013856 -0.009794 0.017796 0.014648 0.015635 -0.003645 0.999764
1649856236.516893 -0.013552 -0.011148 0.017948 0.014708 0.015766 -0.003749 0.999761
1649856236.541892 -0.013082 -0.011674 0.018127 0.014729 0.015814 -0.003621 0.999760
1649856236.591889 -0.013595 -0.011534 0.018546 0.014715 0.015695 -0.003429 0.999763
1649856236.616887 -0.013104 -0.011625 0.018815 0.014747 0.015642 -0.003473 0.999763
1649856236.641886 -0.012622 -0.011566 0.019148 0.014769 0.015560 -0.003377 0.999764
1649856236.691882 -0.012995 -0.010626 0.019529 0.014748 0.015724 -0.003386 0.999762
1649856236.741879 -0.013767 -0.008880 0.018831 0.014658 0.015827 -0.003595 0.999761
1649856236.791876 -0.013720 -0.007627 0.018186 0.014681 0.015909 -0.003460 0.999760
1649856236.841873 -0.013612 -0.006887 0.017650 0.014735 0.016026 -0.003583 0.999757
1649856236.866872 -0.012896 -0.006840 0.017479 0.014743 0.016043 -0.003460 0.999757
1649856236.891870 -0.012409 -0.006756 0.017349 0.014733 0.015989 -0.003390 0.999758
1649856236.941867 -0.012575 -0.006547 0.017068 0.014755 0.016020 -0.003521 0.999757
1649856236.966865 -0.012113 -0.007062 0.017158 0.014734 0.016048 -0.003408 0.999757
1649856237.041861 -0.013444 -0.006932 0.016974 0.014782 0.016154 -0.003561 0.999754
1649856237.091857 -0.013801 -0.007185 0.017451 0.014719 0.016098 -0.003375 0.999756
1649856237.141855 -0.014085 -0.007816 0.017521 0.014735 0.016107 -0.003492 0.999756
1649856237.191851 -0.014000 -0.008010 0.018368 0.014778 0.015958 -0.003344 0.999758
1649856237.216850 -0.013298 -0.009205 0.018588 0.014757 0.015892 -0.003526 0.999759
1649856237.241848 -0.012769 -0.010382 0.018835 0.014790 0.015819 -0.003455 0.999760
1649856237.291845 -0.013433 -0.010953 0.019643 0.014785 0.015798 -0.003415 0.999760
1649856237.341842 -0.014194 -0.010983 0.019798 0.014674 0.015857 -0.003646 0.999760
1649856237.391839 -0.014409 -0.010169 0.019899 0.014693 0.015910 -0.003506 0.999759
1649856237.441836 -0.014598 -0.009753 0.019662 0.014657 0.016007 -0.003555 0.999758
1649856237.491832 -0.014070 -0.008885 0.019385 0.014679 0.016048 -0.003393 0.999758
1649856237.516831 -0.013648 -0.009412 0.018969 0.014719 0.016014 -0.003561 0.999757
1649856237.541830 -0.013233 -0.010116 0.018421 0.014787 0.016001 -0.003497 0.999757
1649856237.591826 -0.013913 -0.009914 0.018186 0.014791 0.016017 -0.003481 0.999756
1649856237.616825 -0.013711 -0.010680 0.018064 0.014766 0.016021 -0.003569 0.999756
1649856237.641823 -0.013587 -0.011052 0.018094 0.014780 0.016025 -0.003546 0.999756
1649856237.716819 -0.014954 -0.010396 0.018765 0.014757 0.016128 -0.003706 0.999754
1649856237.766815 -0.012325 -0.009320 0.024040 0.014173 0.015648 -0.003051 0.999772
1649856237.816813 -0.011908 -0.007466 0.025485 0.014084 0.015471 -0.003307 0.999776
1649856237.866809 -0.011540 -0.006134 0.026622 0.014120 0.015461 -0.003158 0.999776
1649856237.916806 -0.011580 -0.004692 0.027291 0.014070 0.015446 -0.003367 0.999776
1649856237.966803 -0.011710 -0.004811 0.027662 0.014045 0.015540 -0.003205 0.999775
1649856237.991802 -0.011520 -0.005202 0.027542 0.014077 0.015590 -0.003219 0.999774
1649856238.041799 -0.011592 -0.003961 0.027781 0.013936 0.015636 -0.003315 0.999775
1649856238.091795 -0.012691 -0.003261 0.027743 0.013926 0.015733 -0.003431 0.999773
1649856238.141792 -0.014158 -0.003536 0.027187 0.013851 0.015820 -0.003756 0.999772
1649856238.191789 -0.015454 -0.004045 0.026215 0.013874 0.015931 -0.003754 0.999770
1649856238.241786 -0.016252 -0.005634 0.024825 0.014005 0.015880 -0.003783 0.999769
1649856238.291783 -0.016287 -0.006699 0.023600 0.014118 0.015725 -0.003625 0.999770
1649856238.341780 -0.016451 -0.007253 0.022756 0.014307 0.015709 -0.003842 0.999767
1649856238.391777 -0.016178 -0.007129 0.022342 0.014312 0.015773 -0.003769 0.999766
1649856238.441773 -0.016706 -0.007200 0.021942 0.014370 0.015689 -0.003984 0.999766
1649856238.491771 -0.016680 -0.006814 0.021898 0.014395 0.015636 -0.003906 0.999766
1649856238.541767 -0.017147 -0.007276 0.021427 0.014430 0.015822 -0.004067 0.999762
1649856238.591764 -0.016584 -0.006910 0.021232 0.014479 0.015888 -0.003904 0.999761
1649856238.641761 -0.016229 -0.006714 0.021044 0.014483 0.015773 -0.003955 0.999763
1649856238.691758 -0.015709 -0.006469 0.021466 0.014504 0.015610 -0.003875 0.999765
1649856238.741755 -0.015823 -0.006072 0.021486 0.014541 0.015529 -0.003952 0.999766
1649856238.791752 -0.015563 -0.005270 0.021790 0.014546 0.015472 -0.003820 0.999767
1649856238.841749 -0.015594 -0.005179 0.022079 0.014579 0.015515 -0.003931 0.999766
1649856238.891746 -0.015410 -0.004747 0.022465 0.014614 0.015475 -0.003832 0.999766
1649856238.916744 -0.014709 -0.005798 0.022270 0.014666 0.015374 -0.003789 0.999767
1649856238.991739 -0.006777 -0.008728 0.022913 0.014638 0.015294 -0.003196 0.999771
1649856239.041736 -0.006349 -0.008248 0.022755 0.014486 0.015381 -0.003042 0.999772
1649856239.091733 -0.006934 -0.006975 0.022993 0.014527 0.015315 -0.002961 0.999773
1649856239.116732 -0.007613 -0.006941 0.023024 0.014451 0.015353 -0.002926 0.999773
1649856239.141730 -0.009501 -0.008557 0.023229 0.014412 0.015517 -0.003075 0.999771
1649856239.191727 -0.012071 -0.009994 0.023517 0.014361 0.015708 -0.003171 0.999768
1649856239.241724 -0.014266 -0.010141 0.023786 0.014310 0.015775 -0.003423 0.999767
1649856239.291721 -0.015848 -0.009847 0.024132 0.014320 0.015635 -0.003514 0.999769
1649856239.341718 -0.017528 -0.009301 0.024475 0.014349 0.015626 -0.003787 0.999768
1649856239.391715 -0.017900 -0.008240 0.024353 0.014435 0.015517 -0.003708 0.999769
1649856239.441711 -0.018272 -0.007399 0.023626 0.014510 0.015338 -0.004063 0.999769
1649856239.491708 -0.017970 -0.006860 0.023457 0.014527 0.015351 -0.003976 0.999769
1649856239.516707 -0.017047 -0.007584 0.023222 0.014502 0.015511 -0.004075 0.999766
1649856239.541705 -0.015400 -0.008426 0.022562 0.014575 0.015473 -0.003899 0.999766
1649856239.591702 -0.015053 -0.008694 0.022405 0.014562 0.015519 -0.003849 0.999766
1649856239.641699 -0.015544 -0.008469 0.022397 0.014499 0.015599 -0.003865 0.999766
1649856239.691696 -0.015553 -0.007898 0.022445 0.014492 0.015574 -0.003792 0.999766
1649856239.741693 -0.015615 -0.008016 0.022287 0.014538 0.015555 -0.003918 0.999766
1649856239.791690 -0.015050 -0.007613 0.022716 0.014514 0.015433 -0.003727 0.999769
1649856239.816688 -0.014523 -0.008388 0.022864 0.014476 0.015416 -0.003846 0.999769
1649856239.841687 -0.013816 -0.009245 0.022976 0.014484 0.015402 -0.003726 0.999770
1649856239.866685 -0.013407 -0.009897 0.023086 0.014498 0.015415 -0.003585 0.999770
1649856239.916682 -0.013587 -0.010205 0.022800 0.014313 0.015531 -0.003568 0.999771
1649856239.966679 -0.011336 -0.009385 0.024666 0.012909 0.014581 -0.003076 0.999806
1649856240.016676 -0.010163 -0.008709 0.025033 0.011516 0.013513 -0.002546 0.999839
1649856240.041674 -0.009316 -0.008440 0.025349 0.011427 0.013397 -0.001429 0.999844
1649856240.066673 -0.009282 -0.008799 0.025444 0.011203 0.013377 -0.000681 0.999848
1649856240.091671 -0.009117 -0.009422 0.025533 0.011054 0.013311 -0.000117 0.999850
1649856240.141668 -0.008272 -0.008876 0.025197 0.009790 0.013311 0.001239 0.999863
1649856240.191665 -0.007238 -0.007525 0.024082 0.009553 0.015603 0.003247 0.999827
1649856240.216663 -0.006025 -0.008589 0.022475 0.010228 0.016617 0.003800 0.999802
1649856240.241662 -0.004015 -0.011194 0.020312 0.009469 0.016916 0.005055 0.999799
1649856240.291660 -0.001222 -0.011413 0.014437 0.016239 0.014983 0.004671 0.999745
1649856240.341656 0.000714 -0.009731 0.005831 0.021146 0.006710 0.000398 0.999754
1649856240.366655 0.001624 -0.009415 -0.000696 0.019747 0.001655 -0.001728 0.999802
1649856240.416652 0.003382 -0.004398 -0.016234 0.023796 -0.006164 -0.005621 0.999682
1649856240.466649 0.001873 0.005493 -0.052918 0.029555 -0.008301 -0.007614 0.999500
1649856240.516646 0.002797 0.021421 -0.081300 0.034776 -0.007434 -0.008302 0.999333
1649856240.566643 0.004865 0.038489 -0.115335 0.037547 -0.011265 -0.009653 0.999185
1649856240.591641 0.005119 0.049654 -0.129752 0.037940 -0.011158 -0.012405 0.999141
1649856240.641638 0.007865 0.076046 -0.162254 0.040281 -0.009484 -0.021662 0.998909
1649856240.691635 0.011818 0.105208 -0.194703 0.041990 -0.003187 -0.028912 0.998695
1649856240.741632 0.017309 0.136950 -0.226604 0.039238 0.005739 -0.032003 0.998701
1649856240.791629 0.023258 0.172222 -0.256876 0.038151 0.016378 -0.033284 0.998583
1649856240.841626 0.029580 0.209224 -0.284493 0.038431 0.027116 -0.038426 0.998154
1649856240.891623 0.033977 0.247205 -0.310185 0.038562 0.037339 -0.049157 0.997348
1649856240.916621 0.037395 0.265369 -0.321714 0.039033 0.042357 -0.056044 0.996765
1649856240.941619 0.038455 0.285630 -0.332175 0.039287 0.047318 -0.063148 0.996107
1649856240.991616 0.037626 0.328098 -0.351851 0.039347 0.055399 -0.079160 0.994543
1649856241.041613 0.036456 0.372135 -0.370673 0.043486 0.060170 -0.097416 0.992471
1649856241.091610 0.034206 0.417233 -0.384276 0.046983 0.061848 -0.114238 0.990413
1649856241.141607 0.031287 0.462057 -0.395959 0.051505 0.061522 -0.135638 0.987504
1649856241.191604 0.027742 0.506692 -0.405539 0.056549 0.060367 -0.157686 0.984019
1649856241.241601 0.021737 0.550171 -0.410859 0.061048 0.062714 -0.177199 0.980276
1649856241.291598 0.014403 0.592394 -0.412783 0.060776 0.068519 -0.194313 0.976654
1649856241.316597 0.010137 0.612635 -0.411882 0.059875 0.071962 -0.203049 0.974683
1649856241.341595 0.005017 0.632018 -0.410580 0.058766 0.075210 -0.211355 0.972738
1649856241.391592 -0.006396 0.669220 -0.407945 0.053397 0.081800 -0.227446 0.968879
1649856241.441589 -0.019146 0.704649 -0.401228 0.047740 0.088780 -0.243208 0.964722
1649856241.491585 -0.031971 0.738914 -0.391989 0.042531 0.095712 -0.259243 0.960116
1649856241.516584 -0.038183 0.755677 -0.386022 0.039942 0.098371 -0.267597 0.957664
1649856241.541583 -0.044009 0.771510 -0.379939 0.037960 0.100424 -0.276765 0.954922
1649856241.591579 -0.056718 0.801432 -0.367140 0.030036 0.101680 -0.291499 0.950677
1649856241.616578 -0.062566 0.816014 -0.360133 0.027249 0.099810 -0.298141 0.948898
1649856241.691573 -0.073489 0.863611 -0.327650 0.023848 0.083684 -0.315745 0.944846
1649856241.741570 -0.079299 0.892391 -0.300190 0.018945 0.064558 -0.329043 0.941915
1649856241.791567 -0.082322 0.913953 -0.273973 0.012891 0.046935 -0.343733 0.937805
1649856241.816566 -0.084007 0.923349 -0.260727 0.006682 0.039638 -0.348930 0.936286
1649856241.841564 -0.088208 0.930922 -0.246369 0.002493 0.031910 -0.350539 0.936001
1649856241.891561 -0.094712 0.943784 -0.224325 0.002074 0.014418 -0.354392 0.934984
1649856241.941558 -0.099431 0.954303 -0.203310 0.004065 -0.003319 -0.357897 0.933746
1649856241.991555 -0.101287 0.961641 -0.182627 0.011068 -0.017425 -0.362378 0.931803
1649856242.041552 -0.102280 0.966245 -0.163575 0.016654 -0.027535 -0.364121 0.930796
1649856242.091549 -0.104203 0.967869 -0.150177 0.014629 -0.032054 -0.355269 0.934100
1649856242.141546 -0.106065 0.970690 -0.142221 0.013182 -0.031936 -0.338132 0.940464
1649856242.191542 -0.107201 0.973731 -0.138687 0.016268 -0.031713 -0.321722 0.946163
1649856242.241539 -0.106814 0.975396 -0.140310 0.022056 -0.030803 -0.314753 0.948417
1649856242.291536 -0.106560 0.976993 -0.143401 0.030046 -0.026367 -0.309932 0.949918
1649856242.341533 -0.106126 0.980868 -0.147907 0.036404 -0.019064 -0.301160 0.952688
1649856242.391530 -0.104454 0.986206 -0.154424 0.048027 -0.012789 -0.291271 0.955349
1649856242.441527 -0.103560 0.989791 -0.160636 0.055705 -0.011673 -0.285165 0.956787
1649856242.491524 -0.100385 0.990906 -0.167072 0.058994 -0.015540 -0.284521 0.956727
1649856242.516522 -0.097211 0.991290 -0.172076 0.060029 -0.018572 -0.286552 0.956002
1649856242.541521 -0.095179 0.992362 -0.175456 0.061617 -0.021896 -0.288079 0.955371
1649856242.566519 -0.093537 0.994233 -0.178905 0.064182 -0.025092 -0.289421 0.954718
1649856242.591518 -0.092521 0.996752 -0.182530 0.067137 -0.027888 -0.290559 0.954091
1649856242.616516 -0.092200 0.998939 -0.186775 0.069239 -0.030215 -0.291261 0.953656
1649856242.641515 -0.092459 1.001171 -0.191227 0.070754 -0.031576 -0.292138 0.953233
1649856242.691512 -0.096012 1.006852 -0.198697 0.075668 -0.031149 -0.295850 0.951723
1649856242.741508 -0.102880 1.012458 -0.207226 0.080390 -0.027699 -0.299523 0.950293
1649856242.791506 -0.110799 1.020343 -0.214199 0.086199 -0.024070 -0.301758 0.949175
1649856242.841502 -0.121828 1.032600 -0.220930 0.094984 -0.020713 -0.306197 0.946991
1649856242.891499 -0.125264 1.051550 -0.216424 0.103339 -0.013958 -0.313369 0.943889
1649856242.941496 -0.141123 1.070821 -0.220867 0.106638 -0.005955 -0.323791 0.940081
1649856242.991493 -0.159127 1.091097 -0.225184 0.108345 0.000399 -0.331063 0.937368
1649856243.016492 -0.169802 1.101030 -0.227556 0.107969 0.002516 -0.336525 0.935461
1649856243.041490 -0.180900 1.111275 -0.231445 0.108576 0.002976 -0.344713 0.932403
1649856243.091487 -0.208903 1.128432 -0.232065 0.108063 0.006946 -0.366882 0.923943
1649856243.141484 -0.241608 1.144316 -0.230224 0.102547 0.013255 -0.392103 0.914092
1649856243.191481 -0.278409 1.159830 -0.225967 0.095144 0.021836 -0.420725 0.901921
1649856243.241478 -0.316831 1.174259 -0.218815 0.089999 0.030219 -0.448655 0.888648
1649856243.291475 -0.356549 1.186059 -0.210269 0.081510 0.036982 -0.472200 0.876935
1649856243.341472 -0.396497 1.195638 -0.199509 0.073135 0.037778 -0.499062 0.862648
1649856243.391469 -0.437793 1.200199 -0.186984 0.062748 0.033702 -0.525724 0.847668
1649856243.441465 -0.477866 1.203161 -0.174552 0.053730 0.025468 -0.548483 0.834045
1649856243.491462 -0.520015 1.201873 -0.161968 0.042450 0.013606 -0.572597 0.818624
1649856243.541459 -0.563991 1.198729 -0.148304 0.035436 -0.000540 -0.599838 0.799336
1649856243.566458 -0.585554 1.196456 -0.142473 0.032728 -0.007865 -0.612029 0.790119
1649856243.616455 -0.619085 1.194672 -0.131285 0.026224 -0.021440 -0.636483 0.770546
1649856243.641453 -0.643665 1.187959 -0.124110 0.021410 -0.025739 -0.646083 0.762533
1649856243.691450 -0.695096 1.179167 -0.112056 0.013233 -0.030784 -0.668345 0.743096
1649856243.741447 -0.748695 1.168113 -0.099556 0.007259 -0.032978 -0.689003 0.723972
1649856243.766445 -0.775879 1.162143 -0.093396 0.005645 -0.032749 -0.697661 0.715657
1649856243.791444 -0.802217 1.155698 -0.087132 0.005379 -0.033300 -0.705493 0.707914
1649856243.841441 -0.851480 1.141229 -0.077678 0.008223 -0.035826 -0.722804 0.690075
1649856243.891438 -0.895612 1.123749 -0.070734 0.012084 -0.040066 -0.738240 0.673238
1649856243.941435 -0.934357 1.102739 -0.066606 0.015149 -0.045535 -0.749803 0.659919
1649856243.991431 -0.964877 1.079478 -0.063296 0.020111 -0.051699 -0.756009 0.652206
1649856244.041429 -0.980390 1.054867 -0.059123 0.026292 -0.054381 -0.762172 0.644551
1649856244.091425 -0.998862 1.024698 -0.057129 0.033603 -0.056070 -0.766690 0.638680
1649856244.116424 -1.006877 1.007650 -0.056798 0.037273 -0.055225 -0.769741 0.634869
1649856244.141422 -1.015975 0.989531 -0.056564 0.039735 -0.052790 -0.772332 0.631774
1649856244.191419 -1.033750 0.951092 -0.055568 0.038162 -0.042485 -0.775109 0.629242
1649856244.241416 -1.050845 0.908222 -0.053216 0.036710 -0.034571 -0.777376 0.627012
1649856244.291413 -1.065038 0.861091 -0.049283 0.036487 -0.030580 -0.778156 0.626264
1649856244.341410 -1.076777 0.809919 -0.044894 0.035973 -0.026095 -0.778278 0.626345
1649856244.391407 -1.086364 0.757059 -0.041084 0.033080 -0.020255 -0.776830 0.628515
1649856244.441404 -1.095280 0.702198 -0.037925 0.031688 -0.013687 -0.776176 0.629571
1649856244.466402 -1.098537 0.674832 -0.034825 0.032950 -0.010688 -0.776666 0.628959
1649856244.491401 -1.100889 0.648557 -0.033642 0.032983 -0.006377 -0.776761 0.628899
1649856244.541398 -1.108365 0.596319 -0.033321 0.030626 0.004033 -0.778128 0.627346
1649856244.591395 -1.113437 0.545591 -0.033806 0.028596 0.013790 -0.778836 0.626424
1649856244.616393 -1.115406 0.520381 -0.033088 0.027876 0.016929 -0.779333 0.625761
1649856244.641392 -1.112359 0.493383 -0.024554 0.026888 0.018837 -0.779998 0.624920
1649856244.666390 -1.112417 0.468332 -0.021760 0.024423 0.018706 -0.779994 0.625030
1649856244.716387 -1.114494 0.415871 -0.016132 0.015132 0.015325 -0.779014 0.626637
1649856244.766384 -1.126877 0.357353 0.000852 0.003891 0.014310 -0.777272 0.628990
1649856244.816381 -1.138162 0.300276 0.015177 -0.003432 0.015250 -0.775745 0.630853
1649856244.841379 -1.145227 0.271436 0.022175 -0.004528 0.016750 -0.775000 0.631723
1649856244.866378 -1.151539 0.242801 0.029587 -0.004324 0.019089 -0.774229 0.632602
1649856244.891376 -1.157264 0.214991 0.033478 -0.002247 0.022012 -0.773077 0.633926
1649856244.941373 -1.168387 0.158202 0.044639 0.002442 0.028426 -0.772040 0.634933
1649856244.966371 -1.171230 0.129943 0.047993 0.004449 0.031705 -0.770912 0.636137
1649856245.016368 -1.174638 0.071719 0.053725 0.009422 0.037322 -0.767063 0.640416
1649856245.066365 -1.163745 0.012547 0.049596 0.013386 0.041483 -0.764293 0.643394
1649856245.116362 -1.165629 -0.046685 0.046494 0.017576 0.042524 -0.761361 0.646694
1649856245.166359 -1.168941 -0.105221 0.043310 0.021151 0.042318 -0.759978 0.648225
1649856245.216356 -1.172616 -0.164097 0.037770 0.022496 0.041546 -0.758203 0.650304
1649856245.266353 -1.175121 -0.222304 0.032365 0.021388 0.036912 -0.756176 0.652976
1649856245.316350 -1.177736 -0.282757 0.028132 0.019189 0.029971 -0.754817 0.654970
1649856245.366347 -1.177116 -0.342613 0.026143 0.017353 0.026737 -0.754232 0.655834
1649856245.391345 -1.177092 -0.373868 0.025593 0.017150 0.027022 -0.753982 0.656115
1649856245.416344 -1.176924 -0.404830 0.024752 0.017466 0.028021 -0.754309 0.655689
1649856245.441342 -1.175853 -0.436607 0.023864 0.018040 0.030378 -0.755144 0.654606
1649856245.466341 -1.175798 -0.469543 0.021775 0.019180 0.033030 -0.756725 0.652617
1649856245.491339 -1.175746 -0.503408 0.019890 0.021020 0.035968 -0.758671 0.650141
1649856245.516337 -1.175669 -0.537519 0.016879 0.023275 0.038971 -0.761201 0.646926
1649856245.591333 -1.178140 -0.640729 0.008464 0.033191 0.049654 -0.772016 0.632791
1649856245.641330 -1.181767 -0.708040 0.002721 0.037992 0.058310 -0.780913 0.620751
1649856245.691327 -1.186774 -0.772780 -0.005129 0.038919 0.060132 -0.790066 0.608823
1649856245.741324 -1.192791 -0.836046 -0.014970 0.034426 0.058697 -0.797683 0.599226
1649856245.791321 -1.198520 -0.895547 -0.023868 0.028220 0.056061 -0.802805 0.592929
1649856245.841318 -1.206124 -0.954641 -0.031325 0.023501 0.055348 -0.806593 0.588041
1649856245.866316 -1.209352 -0.983428 -0.034275 0.021239 0.055598 -0.808277 0.585786
1649856245.891315 -1.213524 -1.012370 -0.035212 0.019768 0.056391 -0.809686 0.583813
1649856245.941311 -1.225558 -1.071745 -0.035118 0.017752 0.059676 -0.813001 0.578924
1649856245.991308 -1.238647 -1.134035 -0.031728 0.018001 0.062850 -0.816151 0.574129
1649856246.016307 -1.245157 -1.165751 -0.029212 0.019089 0.063970 -0.817548 0.571979
1649856246.041305 -1.252183 -1.198267 -0.027058 0.020488 0.064669 -0.818658 0.570261
1649856246.066304 -1.259540 -1.230929 -0.025663 0.021964 0.065199 -0.819437 0.569026
1649856246.091302 -1.266929 -1.263361 -0.024142 0.023313 0.066165 -0.819439 0.568857
1649856246.141299 -1.283798 -1.329078 -0.023718 0.025604 0.068193 -0.819841 0.567939
1649856246.191296 -1.301216 -1.394480 -0.024248 0.026165 0.065584 -0.821536 0.565767
1649856246.241293 -1.320179 -1.460839 -0.026723 0.024033 0.060825 -0.823684 0.563265
1649856246.291290 -1.337845 -1.527694 -0.028054 0.020592 0.054461 -0.824433 0.562957
1649856246.341287 -1.357078 -1.595743 -0.029478 0.015745 0.049169 -0.825399 0.562185
1649856246.391284 -1.375660 -1.665010 -0.026978 0.013612 0.044862 -0.826512 0.560963
1649856246.441281 -1.394562 -1.735246 -0.023122 0.013577 0.042479 -0.828176 0.558691
1649856246.466279 -1.403335 -1.770602 -0.019536 0.014476 0.042882 -0.829026 0.557376
1649856246.491277 -1.412546 -1.804942 -0.017804 0.016082 0.043231 -0.829764 0.556206
1649856246.541275 -1.433886 -1.875096 -0.013711 0.022440 0.044264 -0.833156 0.550807
1649856246.591271 -1.456536 -1.945706 -0.009739 0.029331 0.045808 -0.837724 0.543378
1649856246.641268 -1.480449 -2.015759 -0.006563 0.035690 0.047171 -0.843353 0.534094
1649856246.691265 -1.506976 -2.084683 -0.004788 0.036475 0.049131 -0.848167 0.526183
1649856246.741262 -1.534189 -2.152678 -0.005139 0.036307 0.047086 -0.853472 0.517736
1649856246.791259 -1.563208 -2.219575 -0.007442 0.033921 0.043763 -0.857586 0.511351
1649856246.841256 -1.594678 -2.285714 -0.009605 0.027147 0.041984 -0.861119 0.505939
1649856246.866254 -1.610196 -2.318894 -0.009162 0.023964 0.041065 -0.862773 0.503350
1649856246.891253 -1.624992 -2.351519 -0.008006 0.021484 0.040859 -0.863877 0.501584
1649856246.941250 -1.658176 -2.417993 -0.004239 0.020181 0.042101 -0.866635 0.496753
1649856246.991247 -1.684010 -2.484949 0.003686 0.023034 0.045456 -0.868342 0.493341
1649856247.041244 -1.718098 -2.553495 0.011536 0.026270 0.048178 -0.868510 0.492624
1649856247.091241 -1.751869 -2.620923 0.013634 0.031004 0.047732 -0.866825 0.495352
1649856247.141237 -1.786785 -2.689124 0.014444 0.035224 0.047986 -0.864231 0.499562
1649856247.166236 -1.802006 -2.723320 0.012901 0.037404 0.046482 -0.863155 0.501402
1649856247.191234 -1.817131 -2.757115 0.010732 0.039885 0.044177 -0.861964 0.503464
1649856247.241231 -1.847575 -2.823697 0.004990 0.044494 0.041926 -0.860089 0.506468
1649856247.291228 -1.879686 -2.889242 -0.006243 0.045555 0.039168 -0.858349 0.509536
1649856247.316227 -1.896049 -2.922736 -0.010892 0.044144 0.037251 -0.857092 0.511916
1649856247.366224 -1.933352 -2.990760 -0.016520 0.039971 0.031475 -0.854514 0.516931
1649856247.391222 -1.951555 -3.025186 -0.017349 0.037571 0.028004 -0.853134 0.519583
1649856247.441219 -1.987164 -3.095110 -0.016140 0.034085 0.023236 -0.851117 0.523353
1649856247.466217 -1.999550 -3.131321 -0.013647 0.034228 0.022110 -0.850371 0.524603
1649856247.491216 -2.015335 -3.166054 -0.010789 0.035507 0.022535 -0.850096 0.524946
1649856247.541213 -2.048260 -3.235862 -0.005339 0.040275 0.025788 -0.850988 0.523004
1649856247.566211 -2.062451 -3.270942 -0.002120 0.043152 0.027224 -0.851574 0.521746
1649856247.591210 -2.077360 -3.305419 0.000277 0.045974 0.028599 -0.852550 0.519834
1649856247.616208 -2.092218 -3.340001 0.002239 0.049482 0.030202 -0.853954 0.517109
1649856247.641207 -2.106865 -3.374279 0.003220 0.053311 0.032172 -0.855803 0.513541
1649856247.691204 -2.136057 -3.440350 0.001527 0.057425 0.037557 -0.859334 0.506792
1649856247.741200 -2.167790 -3.507127 -0.001829 0.056587 0.039141 -0.863221 0.500115
1649856247.766199 -2.183948 -3.540432 -0.003898 0.054007 0.038012 -0.865060 0.497302
1649856247.791198 -2.199888 -3.574062 -0.006122 0.049585 0.035846 -0.866321 0.495726
1649856247.841194 -2.232889 -3.641941 -0.008669 0.039410 0.031961 -0.868676 0.492775
1649856247.891191 -2.267349 -3.702243 -0.010538 0.028767 0.031695 -0.870129 0.490961
1649856247.941188 -2.304371 -3.765769 -0.007427 0.022605 0.033363 -0.870540 0.490444
1649856247.966187 -2.323075 -3.797428 -0.005094 0.021605 0.035046 -0.870549 0.490356
1649856247.991185 -2.341244 -3.829335 -0.001999 0.022305 0.036704 -0.870365 0.490531
1649856248.041182 -2.377733 -3.893433 0.004108 0.025159 0.040808 -0.869914 0.490868
1649856248.066180 -2.391506 -3.926233 0.005804 0.027305 0.042667 -0.869360 0.491577
1649856248.091179 -2.405708 -3.959104 0.007675 0.029817 0.045006 -0.868713 0.492364
1649856248.141176 -2.435597 -4.025139 0.008910 0.034594 0.049082 -0.866713 0.495180
1649856248.191173 -2.465289 -4.087604 0.004325 0.033995 0.048370 -0.866239 0.496119
1649856248.241170 -2.496964 -4.151488 0.001854 0.032034 0.047307 -0.865147 0.498253
1649856248.291167 -2.531168 -4.214102 -0.005142 0.028690 0.045214 -0.864066 0.500522
1649856248.316165 -2.548730 -4.245739 -0.006670 0.027663 0.043002 -0.863643 0.501505
1649856248.366162 -2.590576 -4.307806 -0.007003 0.027056 0.037324 -0.862677 0.503650
1649856248.416159 -2.631337 -4.368614 -0.008487 0.028405 0.033387 -0.861797 0.505356
1649856248.441157 -2.652765 -4.398337 -0.008223 0.030361 0.032659 -0.861562 0.505691
1649856248.466156 -2.661423 -4.433894 -0.010407 0.033565 0.031857 -0.861665 0.505363
1649856248.491154 -2.675542 -4.465843 -0.010554 0.037258 0.032165 -0.862448 0.503747
1649856248.541151 -2.706618 -4.530090 -0.010094 0.043539 0.034946 -0.866037 0.496853
1649856248.591148 -2.745684 -4.585019 -0.003386 0.046995 0.038197 -0.870631 0.488196
1649856248.641145 -2.786865 -4.643902 0.001074 0.051100 0.040757 -0.875122 0.479467
1649856248.691142 -2.824549 -4.699895 0.003390 0.050763 0.043832 -0.878824 0.472409
1649856248.741139 -2.865381 -4.756906 0.003903 0.049043 0.042918 -0.883227 0.464396
1649856248.791136 -2.898894 -4.813361 0.002393 0.042914 0.041488 -0.886222 0.459399
1649856248.841133 -2.936712 -4.872036 0.003721 0.036941 0.039105 -0.888211 0.456276
1649856248.891129 -2.972421 -4.927126 0.003595 0.031997 0.038416 -0.888238 0.456655
1649856248.941127 -3.007930 -4.981619 0.007060 0.031210 0.041250 -0.887243 0.458393
1649856248.991123 -3.041612 -5.033286 0.003591 0.035529 0.044489 -0.884064 0.463885
1649856249.016122 -3.057804 -5.059760 0.004154 0.038669 0.046021 -0.881839 0.467703
1649856249.041120 -3.074088 -5.086451 0.005873 0.042214 0.046991 -0.879127 0.472382
1649856249.091117 -3.106251 -5.138800 0.005438 0.049419 0.048399 -0.872318 0.484021
1649856249.116116 -3.121832 -5.165593 0.005711 0.052777 0.051171 -0.868398 0.490389
1649856249.141114 -3.137471 -5.192379 0.005544 0.055766 0.054073 -0.864254 0.497023
1649856249.191111 -3.167618 -5.243411 0.002658 0.059482 0.053517 -0.857170 0.508780
1649856249.241108 -3.197222 -5.295456 0.000574 0.061467 0.050596 -0.850694 0.519598
1649856249.291105 -3.225276 -5.345462 -0.004330 0.061088 0.043965 -0.844266 0.530613
1649856249.316103 -3.239619 -5.371133 -0.005352 0.059709 0.041254 -0.840602 0.536770
1649856249.341102 -3.253779 -5.396823 -0.006042 0.058058 0.038620 -0.836850 0.542973
1649856249.391099 -3.278248 -5.449162 -0.006505 0.055092 0.033903 -0.828415 0.556367
1649856249.441096 -3.301633 -5.501341 -0.006218 0.054774 0.030542 -0.818211 0.571488
1649856249.491093 -3.317936 -5.555016 -0.005387 0.056354 0.028038 -0.805504 0.589238
1649856249.541090 -3.332818 -5.609790 -0.003737 0.059759 0.026794 -0.791460 0.607703
1649856249.591086 -3.345690 -5.663702 -0.001709 0.065141 0.025880 -0.775075 0.627969
1649856249.641083 -3.355986 -5.715644 -0.000204 0.071388 0.026527 -0.755122 0.651145
1649856249.666082 -3.359961 -5.739999 0.000715 0.074433 0.027352 -0.743889 0.663582
1649856249.691080 -3.363082 -5.764504 0.001712 0.076417 0.028126 -0.731502 0.676960
1649856249.741077 -3.366956 -5.812649 0.001178 0.077499 0.027425 -0.705295 0.704131
1649856249.791074 -3.366803 -5.858293 -0.000944 0.077434 0.024913 -0.677480 0.731029
1649856249.841071 -3.364020 -5.900787 -0.002900 0.075067 0.024882 -0.646925 0.758441
1649856249.866070 -3.361052 -5.920542 -0.002739 0.073289 0.025896 -0.630311 0.772441
1649856249.891068 -3.356963 -5.939866 -0.003100 0.071995 0.026900 -0.613696 0.785793
1649856249.941065 -3.348796 -5.976725 -0.001834 0.071002 0.029923 -0.579896 0.811039
1649856249.991062 -3.337853 -6.012586 -0.000652 0.069526 0.034172 -0.543081 0.836099
1649856250.041059 -3.325131 -6.045702 -0.000378 0.067778 0.038743 -0.501493 0.861632
1649856250.091056 -3.307676 -6.074927 -0.001426 0.068351 0.042800 -0.454136 0.887275
1649856250.141052 -3.290802 -6.098939 -0.001820 0.074059 0.048397 -0.402552 0.911112
1649856250.191050 -3.273237 -6.119883 -0.004454 0.078703 0.052962 -0.350087 0.931901
1649856250.241046 -3.254305 -6.137915 -0.007720 0.082291 0.056838 -0.299523 0.948833
1649856250.266045 -3.244360 -6.145864 -0.009966 0.084197 0.057946 -0.275499 0.955852
1649856250.291043 -3.234795 -6.152905 -0.012529 0.085136 0.058287 -0.252868 0.961983
1649856250.341040 -3.215467 -6.166320 -0.017755 0.082900 0.058665 -0.210183 0.972373
1649856250.391037 -3.195771 -6.178246 -0.021337 0.078158 0.059974 -0.168341 0.980793
1649856250.441034 -3.175636 -6.187463 -0.024833 0.075038 0.062358 -0.124873 0.987364
1649856250.466033 -3.165446 -6.190315 -0.026839 0.075328 0.063564 -0.103432 0.989741
1649856250.491031 -3.155151 -6.192554 -0.029147 0.075911 0.065127 -0.081833 0.991615
1649856250.541028 -3.133927 -6.195789 -0.034185 0.078219 0.068752 -0.040475 0.993739
1649856250.591025 -3.112266 -6.198145 -0.039717 0.078055 0.073081 0.000034 0.994267
1649856250.641022 -3.090495 -6.200180 -0.047531 0.073312 0.078241 0.038037 0.993507
1649856250.691019 -3.069649 -6.201640 -0.056807 0.065916 0.083273 0.072800 0.991676
1649856250.741016 -3.049997 -6.199913 -0.067852 0.053444 0.085755 0.107166 0.989093
1649856250.791013 -3.031524 -6.194943 -0.080480 0.044599 0.088410 0.138152 0.985448
1649856250.841009 -3.015235 -6.186922 -0.094134 0.046040 0.094438 0.167547 0.980250
1649856250.866008 -3.006240 -6.182530 -0.102834 0.044349 0.096787 0.182708 0.977386
1649856250.891006 -2.997084 -6.178162 -0.111785 0.041075 0.098120 0.198228 0.974367
1649856250.941003 -2.981009 -6.167794 -0.130660 0.035501 0.100015 0.229018 0.967619
1649856250.991000 -2.965479 -6.155187 -0.149296 0.032106 0.100532 0.262717 0.959084
1649856251.040997 -2.948872 -6.141210 -0.166946 0.030263 0.100658 0.298549 0.948589
1649856251.090994 -2.930629 -6.125096 -0.181818 0.030801 0.099551 0.332513 0.937324
1649856251.140991 -2.911092 -6.107514 -0.196247 0.031747 0.097230 0.363061 0.926135
1649856251.190988 -2.892034 -6.089564 -0.211482 0.035698 0.094848 0.391086 0.914757
1649856251.240985 -2.875442 -6.072371 -0.227505 0.041222 0.094103 0.416735 0.903204
1649856251.290979 -2.861842 -6.056156 -0.244071 0.049602 0.098869 0.439475 0.891418
1649856251.340976 -2.849348 -6.043219 -0.263573 0.054807 0.102432 0.462929 0.878749
1649856251.390973 -2.836557 -6.032173 -0.282936 0.057361 0.108129 0.483198 0.866913
1649856251.440970 -2.822978 -6.025892 -0.303719 0.051959 0.112901 0.500917 0.856525
1649856251.490967 -2.807626 -6.022114 -0.323964 0.038422 0.113207 0.524117 0.843213
1649856251.540964 -2.794376 -6.020532 -0.341301 0.031986 0.116191 0.545839 0.829178
1649856251.565963 -2.785579 -6.020036 -0.349537 0.028726 0.115169 0.553544 0.824318
1649856251.590961 -2.777011 -6.020108 -0.356419 0.024878 0.112484 0.559150 0.821024
1649856251.640958 -2.761150 -6.020485 -0.367656 0.020609 0.106238 0.564582 0.818252
1649856251.690955 -2.746242 -6.021221 -0.376556 0.018879 0.101122 0.567133 0.817177
1649856251.740952 -2.731065 -6.022832 -0.382654 0.020976 0.096269 0.568268 0.816923
1649856251.790949 -2.714549 -6.023993 -0.387586 0.023852 0.090302 0.566680 0.818627
1649856251.840945 -2.697719 -6.025281 -0.391644 0.023288 0.083938 0.565072 0.820430
1649856251.890943 -2.681799 -6.026698 -0.396381 0.024608 0.080381 0.562864 0.822264
1649856251.940939 -2.666341 -6.029197 -0.399848 0.024520 0.078566 0.560973 0.823732
1649856251.990936 -2.650731 -6.031417 -0.402546 0.025669 0.079870 0.557809 0.825718
1649856252.040933 -2.634472 -6.033183 -0.405084 0.024845 0.079782 0.552253 0.829478
1649856252.090930 -2.616358 -6.034339 -0.407553 0.023419 0.078457 0.545042 0.834401
1649856252.140927 -2.598488 -6.035132 -0.409820 0.022585 0.078229 0.536724 0.839820
1649856252.190924 -2.580608 -6.034462 -0.413249 0.022385 0.079241 0.528699 0.844806
1649856252.240921 -2.563331 -6.032618 -0.416926 0.022890 0.081445 0.521962 0.848763
1649856252.265919 -2.554644 -6.031494 -0.419461 0.023575 0.082099 0.517202 0.851590
1649856252.290918 -2.546501 -6.030014 -0.422276 0.026583 0.084613 0.511006 0.854990
1649856252.315916 -2.538370 -6.027943 -0.425433 0.030157 0.087706 0.503824 0.858813
1649856252.340915 -2.524632 -6.033126 -0.428582 0.032367 0.090214 0.498290 0.861697
1649856252.390912 -2.507175 -6.033513 -0.432152 0.037549 0.093973 0.490608 0.865484
1649856252.440909 -2.492864 -6.031037 -0.438096 0.042951 0.098986 0.485378 0.867620
1649856252.490906 -2.480116 -6.025764 -0.443828 0.046153 0.101203 0.482413 0.868853
1649856252.540902 -2.467836 -6.019280 -0.449657 0.053891 0.103047 0.476693 0.871344
1649856252.590899 -2.454638 -6.012803 -0.458538 0.063532 0.103362 0.468138 0.875287
1649856252.615898 -2.447847 -6.010002 -0.463665 0.065929 0.102943 0.464278 0.877213
1649856252.640896 -2.437192 -6.020024 -0.458426 0.067588 0.103444 0.462425 0.878006
1649856252.690893 -2.425904 -6.019841 -0.464577 0.068062 0.105406 0.460909 0.878533
1649856252.715892 -2.421077 -6.020889 -0.465206 0.067645 0.107418 0.462328 0.877575
1649856252.740890 -2.416493 -6.020086 -0.469938 0.066901 0.108240 0.463338 0.876999
1649856252.790887 -2.405309 -6.014235 -0.480344 0.070814 0.113979 0.461146 0.877119
1649856252.840884 -2.391612 -6.007766 -0.489295 0.068676 0.113999 0.459317 0.878246
1649856252.890881 -2.375090 -5.998850 -0.497099 0.063468 0.113118 0.457871 0.879506
1649856252.940878 -2.359034 -5.989538 -0.504043 0.056456 0.112484 0.458022 0.879986
1649856252.990875 -2.343094 -5.980905 -0.512889 0.051755 0.113659 0.457259 0.880521
1649856253.040872 -2.327168 -5.972462 -0.521801 0.046914 0.112708 0.457546 0.880765
1649856253.065870 -2.318808 -5.967599 -0.527478 0.045517 0.112932 0.457497 0.880835
1649856253.090868 -2.310941 -5.962793 -0.532352 0.044951 0.112875 0.457338 0.880955
1649856253.140866 -2.295978 -5.952538 -0.540849 0.046814 0.111938 0.455199 0.882084
1649856253.190862 -2.281928 -5.942500 -0.546393 0.050545 0.108036 0.451096 0.884469
1649856253.240859 -2.267038 -5.933264 -0.553380 0.052006 0.101936 0.446326 0.887523
1649856253.290856 -2.253080 -5.923128 -0.561600 0.050590 0.095406 0.442178 0.890403
1649856253.340853 -2.239899 -5.913312 -0.568417 0.046773 0.091726 0.440621 0.891769
1649856253.390850 -2.227721 -5.902785 -0.576323 0.041632 0.093183 0.436964 0.893670
1649856253.415848 -2.221532 -5.898758 -0.579623 0.037929 0.094105 0.436632 0.893901
1649856253.465845 -2.201144 -5.893460 -0.593666 0.025604 0.092842 0.442290 0.891686
1649856253.490844 -2.193191 -5.888569 -0.601887 0.019350 0.092030 0.445817 0.890171
1649856253.540841 -2.179079 -5.876120 -0.614787 0.012261 0.091814 0.450764 0.887824
1649856253.590838 -2.166648 -5.861877 -0.627733 0.008597 0.087467 0.456988 0.885120
1649856253.615836 -2.161612 -5.853917 -0.634085 0.009965 0.085776 0.460470 0.883465
1649856253.665833 -2.148511 -5.841150 -0.640892 0.016127 0.083163 0.467773 0.879779
1649856253.715830 -2.140445 -5.826808 -0.649945 0.021252 0.078498 0.475296 0.876059
1649856253.765827 -2.133584 -5.814937 -0.658740 0.025366 0.076557 0.481191 0.872898
1649856253.790825 -2.131027 -5.809072 -0.663839 0.027365 0.076282 0.483581 0.871540
1649856253.815824 -2.128880 -5.803319 -0.668918 0.029581 0.076451 0.485389 0.870447
1649856253.840822 -2.126827 -5.797891 -0.673459 0.031844 0.078017 0.486846 0.869414
1649856253.890819 -2.122312 -5.787513 -0.681875 0.036316 0.075469 0.490154 0.867603
1649856253.940816 -2.117564 -5.776406 -0.689864 0.039961 0.071929 0.491381 0.867049
1649856253.990813 -2.112963 -5.764366 -0.697139 0.044917 0.071372 0.489474 0.867931
1649856254.040810 -2.107893 -5.752002 -0.703979 0.047581 0.072409 0.488240 0.868398
1649856254.090807 -2.099522 -5.739730 -0.710102 0.047670 0.073698 0.486714 0.869141
1649856254.140804 -2.085748 -5.730332 -0.715716 0.046304 0.075228 0.483543 0.870852
1649856254.190801 -2.067991 -5.720841 -0.721033 0.042872 0.077680 0.474556 0.875742
1649856254.215799 -2.056549 -5.717183 -0.723406 0.041359 0.079261 0.467499 0.879461
1649856254.290795 -2.014920 -5.707999 -0.725774 0.032125 0.081539 0.439994 0.893714
1649856254.315793 -2.001148 -5.705486 -0.727868 0.028239 0.081628 0.429423 0.898963
1649856254.340791 -1.987217 -5.703880 -0.729286 0.023977 0.082207 0.418828 0.904019
1649856254.390789 -1.957745 -5.702767 -0.733785 0.018865 0.083571 0.393577 0.915291
1649856254.440785 -1.928257 -5.702694 -0.739552 0.014516 0.083586 0.363232 0.927828
1649856254.490782 -1.897037 -5.705720 -0.746243 0.013436 0.081755 0.329903 0.940372
1649856254.515781 -1.880784 -5.708292 -0.749866 0.014244 0.080216 0.312444 0.946436
1649856254.540779 -1.862174 -5.711045 -0.747084 0.014494 0.076876 0.294690 0.952385
1649856254.565778 -1.844507 -5.714423 -0.748650 0.015917 0.072037 0.274947 0.958625
1649856254.640773 -1.796825 -5.729185 -0.757917 0.021206 0.054372 0.215800 0.974692
1649856254.690770 -1.765918 -5.741345 -0.763951 0.025461 0.044530 0.181869 0.981984
1649856254.740767 -1.728422 -5.755792 -0.773341 0.025507 0.038070 0.152969 0.987168
1649856254.790764 -1.696603 -5.773325 -0.783422 0.021553 0.036149 0.122792 0.991540
1649856254.815762 -1.682140 -5.781453 -0.788991 0.018951 0.036116 0.107424 0.993376
1649856254.840761 -1.669144 -5.788993 -0.794194 0.016484 0.037229 0.091287 0.994992
1649856254.890758 -1.645319 -5.804836 -0.805743 0.013932 0.042853 0.058830 0.997251
1649856254.940755 -1.637941 -5.803850 -0.815569 0.012143 0.049082 0.028224 0.998322
1649856254.990752 -1.656977 -5.769751 -0.820314 0.008268 0.055280 -0.000563 0.998437
1649856255.040748 -1.665908 -5.766437 -0.818870 0.000613 0.065675 -0.026399 0.997492
1649856255.090745 -1.677151 -5.760649 -0.819110 -0.003175 0.077482 -0.056977 0.995359
1649856255.115744 -1.680681 -5.765533 -0.820162 -0.008503 0.083889 -0.070166 0.993965
1649856255.140742 -1.683648 -5.768072 -0.820848 -0.015296 0.089741 -0.079858 0.992641
1649856255.190739 -1.693695 -5.771001 -0.824631 -0.020455 0.097191 -0.109349 0.989029
1649856255.240736 -1.694036 -5.773137 -0.829086 -0.018309 0.093058 -0.141362 0.985404
1649856255.265730 -1.694179 -5.774255 -0.831863 -0.018613 0.089243 -0.160350 0.982841
1649856255.290729 -1.695267 -5.775368 -0.835129 -0.019307 0.086293 -0.178427 0.979972
1649856255.340725 -1.696690 -5.779071 -0.843706 -0.019477 0.083834 -0.208155 0.974302
1649856255.390722 -1.704491 -5.772653 -0.853311 -0.013068 0.085781 -0.239336 0.967052
1649856255.440719 -1.709807 -5.769195 -0.860375 -0.008707 0.087600 -0.268766 0.959174
1649856255.490716 -1.718806 -5.764815 -0.867690 -0.010282 0.086203 -0.302827 0.949083
1649856255.540713 -1.729704 -5.760994 -0.870758 -0.007292 0.083644 -0.336697 0.937862
1649856255.590710 -1.746586 -5.755113 -0.875349 -0.003221 0.084201 -0.373458 0.923812
1649856255.640707 -1.764054 -5.750035 -0.877964 -0.001814 0.085891 -0.408117 0.908878
1649856255.690704 -1.791212 -5.745831 -0.879503 -0.002488 0.083438 -0.445652 0.891306
1649856255.740700 -1.819682 -5.744201 -0.883138 -0.001655 0.077437 -0.486515 0.870232
1649856255.790697 -1.850068 -5.744913 -0.887075 -0.004739 0.077243 -0.524105 0.848130
1649856255.815696 -1.864591 -5.748879 -0.889224 -0.006156 0.077832 -0.541842 0.836846
1649856255.840694 -1.843196 -5.777759 -0.906952 -0.007623 0.078259 -0.558484 0.825780
1649856255.865693 -1.853281 -5.783632 -0.912992 -0.007586 0.077810 -0.574190 0.814981
1649856255.890691 -1.864164 -5.789859 -0.918168 -0.009264 0.074612 -0.589173 0.804501
1649856255.940688 -1.888430 -5.804309 -0.925584 -0.007887 0.073851 -0.616694 0.783691
1649856255.990685 -1.910411 -5.825284 -0.934444 -0.005518 0.077779 -0.641081 0.763502
1649856256.040682 -1.933455 -5.846858 -0.940837 -0.006417 0.079667 -0.665269 0.742313
1649856256.065680 -1.943113 -5.858435 -0.945538 -0.008035 0.081282 -0.676695 0.731719
1649856256.090679 -1.951281 -5.873086 -0.950419 -0.008043 0.084653 -0.687908 0.720799
1649856256.140676 -1.973240 -5.898665 -0.957607 -0.010966 0.087021 -0.706856 0.701899
1649856256.190672 -1.988447 -5.928607 -0.964592 -0.013682 0.083795 -0.722268 0.686382
1649856256.215671 -1.995164 -5.940795 -0.968368 -0.013699 0.083622 -0.729875 0.678308
1649856256.240669 -2.023366 -5.948558 -0.981452 -0.013729 0.082848 -0.736213 0.671520
1649856256.290666 -2.059684 -5.972425 -0.997528 -0.015008 0.080177 -0.750935 0.655319
1649856256.340663 -2.086529 -5.995467 -1.012101 -0.014101 0.077866 -0.765495 0.638557
1649856256.390660 -2.108249 -6.023577 -1.031150 -0.014337 0.077438 -0.778180 0.623085
1649856256.440657 -2.127624 -6.052273 -1.048999 -0.013223 0.075284 -0.790927 0.607118
1649856256.490654 -2.139633 -6.086639 -1.069864 -0.012499 0.073243 -0.802514 0.591988
1649856256.515652 -2.145783 -6.102913 -1.081211 -0.014377 0.071315 -0.807543 0.585305
1649856256.540651 -2.153449 -6.118479 -1.091510 -0.016077 0.069431 -0.812695 0.578314
1649856256.590647 -2.167829 -6.153984 -1.106954 -0.017670 0.063271 -0.822896 0.564382
1649856256.640644 -2.183966 -6.191091 -1.122522 -0.019542 0.061433 -0.831779 0.551351
1649856256.665642 -2.189074 -6.209974 -1.128604 -0.020022 0.060716 -0.836163 0.544742
1649856256.690641 -2.195979 -6.228632 -1.138324 -0.016623 0.060960 -0.840827 0.537603
1649856256.765636 -2.220484 -6.287606 -1.164028 -0.013931 0.054863 -0.854664 0.516087
1649856256.815633 -2.231103 -6.329183 -1.182530 -0.012655 0.049638 -0.864789 0.499516
1649856256.865630 -2.246894 -6.366622 -1.201636 -0.009637 0.047383 -0.874476 0.482653
1649856256.915627 -2.260908 -6.403336 -1.221678 -0.007792 0.040311 -0.885849 0.462154
1649856256.990622 -2.291134 -6.451003 -1.245552 -0.003457 0.040136 -0.899826 0.434385
1649856257.040619 -2.310263 -6.482215 -1.261639 -0.005701 0.039765 -0.907004 0.419201
1649856257.065618 -2.319068 -6.496091 -1.268473 -0.006783 0.038822 -0.909642 0.413519
1649856257.090616 -2.330732 -6.511320 -1.276304 -0.007203 0.037954 -0.911986 0.408397
1649856257.115614 -2.342610 -6.527307 -1.285466 -0.007846 0.038016 -0.914245 0.403297
1649856257.190610 -2.386681 -6.576340 -1.306837 -0.007982 0.033979 -0.919735 0.390986
1649856257.240607 -2.417759 -6.609457 -1.319003 -0.009402 0.029481 -0.923845 0.381514
1649856257.290604 -2.450537 -6.641197 -1.325022 -0.010033 0.027268 -0.927114 0.373651
1649856257.340600 -2.480301 -6.671506 -1.335882 -0.005397 0.030465 -0.930243 0.365637
1649856257.365599 -2.494802 -6.685601 -1.340944 -0.002921 0.032902 -0.931535 0.362149
1649856257.390597 -2.510530 -6.700251 -1.346724 -0.000875 0.035683 -0.932478 0.359460
1649856257.440594 -2.544204 -6.732329 -1.360141 0.000519 0.038294 -0.933952 0.355341
1649856257.490591 -2.577814 -6.764801 -1.375004 -0.002803 0.038313 -0.934020 0.355148
1649856257.515589 -2.590076 -6.780982 -1.384158 -0.008312 0.036797 -0.933835 0.355710
1649856257.565586 -2.622013 -6.814296 -1.401086 -0.016411 0.029158 -0.933915 0.355927
1649856257.615583 -2.652066 -6.847198 -1.419634 -0.023044 0.023461 -0.933790 0.356308
1649856257.665580 -2.682129 -6.875084 -1.436908 -0.027672 0.020260 -0.933416 0.357154
1649856257.690579 -2.694709 -6.886693 -1.446686 -0.028536 0.018868 -0.933288 0.357496
1649856257.740575 -2.721556 -6.916160 -1.465262 -0.025084 0.013789 -0.934050 0.355992
1649856257.765574 -2.732715 -6.930115 -1.475205 -0.022086 0.010736 -0.934640 0.354745
1649856257.815571 -2.761322 -6.959628 -1.493288 -0.020602 0.006963 -0.936516 0.349949
1649856257.865568 -2.792080 -6.985185 -1.510906 -0.021543 0.005496 -0.938782 0.343793
1649856257.940563 -2.843204 -7.024507 -1.536959 -0.026431 0.004188 -0.944162 0.328394
1649856257.990560 -2.849446 -7.020982 -1.548876 -0.028250 -0.000804 -0.949274 0.313176
1649856258.040557 -2.887066 -7.037519 -1.566570 -0.028708 -0.003278 -0.955906 0.292248
1649856258.065555 -2.901111 -7.043508 -1.580938 -0.028393 -0.001425 -0.959752 0.279408
1649856258.090554 -2.916804 -7.048383 -1.592223 -0.027155 -0.001017 -0.963484 0.266385
1649856258.140550 -2.949130 -7.054489 -1.610398 -0.025261 0.001229 -0.970553 0.239555
1649856258.190547 -2.979206 -7.062174 -1.628032 -0.027277 0.001638 -0.976953 0.211699
1649856258.240544 -3.010377 -7.070857 -1.642896 -0.028897 0.004110 -0.982299 0.185034
1649856258.290541 -3.043800 -7.077058 -1.662070 -0.033031 0.008306 -0.986557 0.159828
1649856258.315540 -3.052817 -7.086044 -1.671408 -0.035828 0.006565 -0.988433 0.147222
1649856258.340538 -3.065204 -7.093759 -1.681770 -0.037022 0.005371 -0.990096 0.135314
1649856258.390535 -3.093985 -7.101323 -1.697992 -0.034840 0.001538 -0.993054 0.112373
1649856258.440532 -3.130391 -7.103621 -1.712704 -0.034412 -0.001584 -0.995375 0.089673
1649856258.490529 -3.167099 -7.101689 -1.720269 -0.034259 -0.005177 -0.997349 0.063994
1649856258.515527 -3.186052 -7.099607 -1.722727 -0.034018 -0.004816 -0.998054 0.052044
1649856258.540525 -3.205817 -7.097522 -1.725756 -0.034002 -0.003697 -0.998595 0.040483
1649856258.590522 -3.243521 -7.091956 -1.730318 -0.032924 -0.001533 -0.999313 0.016971
1649856258.640519 -3.282142 -7.087227 -1.735184 0.032952 0.000643 0.999447 0.004482
1649856258.690516 -3.319473 -7.081508 -1.739252 0.032550 0.004597 0.999070 0.027916
1649856258.740513 -3.355412 -7.074199 -1.743993 0.032140 0.004040 0.998246 0.049549
1649856258.790510 -3.388058 -7.064982 -1.749117 0.031427 0.004367 0.996981 0.070867
1649856258.815508 -3.403320 -7.060649 -1.752775 0.030695 0.004618 0.996246 0.080815
1649856258.840507 -3.419741 -7.056633 -1.755879 0.030328 0.005280 0.995449 0.090188
1649856258.890504 -3.453218 -7.048424 -1.761898 0.033586 0.009179 0.993427 0.109048
1649856258.940500 -3.485509 -7.038044 -1.770210 0.038121 0.017210 0.991009 0.127090
1649856258.990497 -3.519177 -7.025258 -1.779174 0.038994 0.017649 0.988378 0.145866
1649856259.040494 -3.553123 -7.009728 -1.788742 0.041789 0.020696 0.985315 0.164254
1649856259.090491 -3.588159 -6.993302 -1.797454 0.044645 0.024507 0.981501 0.184561
1649856259.140488 -3.624513 -6.978131 -1.805122 0.046375 0.026762 0.976908 0.206842
1649856259.190485 -3.661860 -6.962713 -1.813209 0.043536 0.028310 0.971726 0.230331
1649856259.240482 -3.703494 -6.946448 -1.820987 0.038379 0.030382 0.966017 0.253803
1649856259.290479 -3.739523 -6.930883 -1.830039 0.033236 0.036331 0.959479 0.277446
1649856259.340476 -3.777836 -6.912217 -1.840144 0.028129 0.040515 0.952550 0.300359
1649856259.365474 -3.794941 -6.900190 -1.845285 0.026607 0.040304 0.949160 0.311068
1649856259.390472 -3.812896 -6.889057 -1.850271 0.027391 0.041883 0.945646 0.321323
1649856259.440469 -3.848692 -6.867345 -1.860315 0.030067 0.044411 0.938609 0.340787
1649856259.490466 -3.873980 -6.844122 -1.866796 0.031898 0.047054 0.931226 0.359982
1649856259.540463 -3.900867 -6.819589 -1.873443 0.032020 0.044023 0.924467 0.377357
1649856259.590460 -3.923700 -6.790827 -1.881181 0.030576 0.036219 0.918017 0.393698
1649856259.615458 -3.934666 -6.777023 -1.882535 0.029666 0.034508 0.914711 0.401539
1649856259.640457 -3.945729 -6.763199 -1.884556 0.028493 0.032879 0.911349 0.409328
1649856259.690454 -3.972421 -6.735205 -1.890836 0.027132 0.036296 0.903274 0.426665
1649856259.715452 -3.985636 -6.721082 -1.893902 0.025863 0.037301 0.898853 0.435894
1649856259.790447 -4.030960 -6.685754 -1.910721 0.017584 0.040868 0.885762 0.462002
1649856259.840444 -4.065077 -6.660709 -1.925689 0.012601 0.041539 0.879277 0.474328
1649856259.890441 -4.101592 -6.635860 -1.946169 0.009928 0.041418 0.874351 0.483421
1649856259.940438 -4.140182 -6.608067 -1.965293 0.013495 0.043800 0.870454 0.490111
1649856259.990435 -4.176276 -6.579820 -1.990257 0.021447 0.050036 0.867893 0.493759
1649856260.040432 -4.215608 -6.552475 -2.014758 0.033515 0.053578 0.866894 0.494470
1649856260.090429 -4.244322 -6.521158 -2.039005 0.044098 0.053432 0.866855 0.493724
1649856260.140425 -4.278271 -6.493862 -2.063156 0.050698 0.049775 0.868963 0.489751
1649856260.190422 -4.307227 -6.466851 -2.091104 0.053853 0.046369 0.871177 0.485799
1649856260.240419 -4.341585 -6.442155 -2.117925 0.054539 0.045558 0.872200 0.483959
1649856260.290416 -4.364599 -6.409637 -2.137171 0.054297 0.047049 0.870534 0.486836
1649856260.340413 -4.400213 -6.382543 -2.157114 0.053324 0.046502 0.867403 0.492550
1649856260.365411 -4.414794 -6.366771 -2.165000 0.052414 0.044477 0.865469 0.496225
1649856260.440407 -4.470083 -6.321536 -2.194672 0.045974 0.035207 0.857886 0.510567
1649856260.490403 -4.499920 -6.286409 -2.210459 0.040277 0.032012 0.850527 0.523410
1649856260.515402 -4.516103 -6.268202 -2.219774 0.038455 0.030885 0.846060 0.530801
1649856260.590397 -4.560815 -6.212109 -2.246541 0.033337 0.027449 0.827502 0.559799
1649856260.640394 -4.586970 -6.174670 -2.261522 0.023053 0.020412 0.815369 0.578123
1649856260.665393 -4.594917 -6.155305 -2.270379 0.016983 0.017584 0.809130 0.587121
1649856260.740388 -4.624717 -6.101452 -2.292105 -0.000459 0.011116 0.787483 0.616235
1649856260.790385 -4.635945 -6.065595 -2.306435 -0.008583 0.007068 0.769977 0.637974
1649856260.840382 -4.647593 -6.028381 -2.315187 -0.012866 0.001769 0.752753 0.658175
1649856260.865380 -4.650358 -6.008193 -2.319513 -0.013499 -0.002064 0.744980 0.666947
1649856260.890378 -4.653414 -5.987843 -2.322815 -0.013540 -0.006722 0.737981 0.674652
1649856260.940375 -4.659917 -5.945791 -2.329829 -0.012934 -0.017451 0.724982 0.688425
1649856260.990372 -4.665289 -5.901513 -2.332964 -0.012164 -0.027300 0.711436 0.702115
1649856261.040369 -4.671056 -5.856441 -2.332483 -0.013737 -0.036114 0.697351 0.715688
1649856261.090366 -4.674554 -5.811642 -2.331487 -0.019099 -0.042024 0.683264 0.728711
1649856261.140363 -4.677164 -5.765586 -2.329241 -0.026140 -0.045073 0.670532 0.740049
1649856261.165361 -4.676206 -5.744132 -2.329967 -0.029331 -0.044913 0.664423 0.745429
1649856261.190360 -4.676312 -5.721027 -2.330062 -0.032851 -0.044539 0.658626 0.750433
1649856261.215358 -4.676670 -5.698094 -2.328876 -0.035027 -0.043416 0.652981 0.755317
1649856261.240357 -4.676399 -5.675132 -2.329722 -0.035200 -0.043856 0.646505 0.760835
1649856261.290354 -4.676416 -5.628612 -2.331524 -0.033076 -0.046115 0.632181 0.772740
1649856261.340350 -4.678013 -5.582079 -2.333213 -0.029156 -0.049312 0.616864 0.784982
1649856261.390347 -4.677487 -5.536591 -2.334297 -0.019615 -0.052787 0.600606 0.797559
1649856261.440344 -4.677678 -5.491922 -2.333868 -0.006268 -0.056445 0.582650 0.810736
1649856261.490341 -4.672299 -5.448167 -2.333149 0.002019 -0.058441 0.562586 0.824668
1649856261.540338 -4.666095 -5.405864 -2.330801 0.004465 -0.057459 0.539579 0.839960
1649856261.590335 -4.655794 -5.363945 -2.329797 0.005204 -0.052020 0.513856 0.856282
1649856261.615333 -4.651094 -5.344935 -2.329725 0.005549 -0.048977 0.499798 0.864738
1649856261.640332 -4.645407 -5.326454 -2.329864 0.004885 -0.046433 0.485720 0.872867
1649856261.690329 -4.635777 -5.292372 -2.331857 0.003739 -0.043251 0.458193 0.887792
1649856261.740325 -4.627226 -5.260392 -2.335097 0.004319 -0.040931 0.432470 0.900709
1649856261.790322 -4.616131 -5.228284 -2.341212 0.004428 -0.038009 0.407635 0.912343
1649856261.840319 -4.603419 -5.196832 -2.347543 0.004045 -0.039053 0.386209 0.921576
1649856261.915314 -4.581046 -5.149862 -2.354556 0.009454 -0.042861 0.363231 0.930665
1649856261.965311 -4.567139 -5.117142 -2.357468 0.015959 -0.040572 0.352174 0.934919
1649856262.015308 -4.547173 -5.081243 -2.360149 0.021588 -0.034393 0.343565 0.938251
1649856262.065305 -4.527596 -5.045250 -2.362912 0.024294 -0.027434 0.338124 0.940388
1649856262.115302 -4.503940 -5.008852 -2.365429 0.024484 -0.020080 0.332478 0.942579
1649856262.140300 -4.492121 -4.990478 -2.366734 0.024286 -0.016258 0.329607 0.943666
1649856262.190297 -4.467675 -4.952702 -2.370462 0.024711 -0.007978 0.322231 0.946305
1649856262.215296 -4.453907 -4.932405 -2.372447 0.024187 -0.004213 0.318136 0.947727
1649856262.240294 -4.439905 -4.911855 -2.375386 0.022508 -0.001256 0.315972 0.948501
1649856262.290291 -4.413337 -4.870730 -2.382625 0.019696 0.001235 0.315510 0.948717
1649856262.315289 -4.399380 -4.850410 -2.386830 0.020738 0.001842 0.316049 0.948514
1649856262.340288 -4.386238 -4.830272 -2.391052 0.022582 0.002191 0.317504 0.947985
1649856262.390285 -4.361190 -4.789986 -2.399473 0.029980 0.003083 0.322311 0.946154
1649856262.415283 -4.347083 -4.769236 -2.403463 0.035540 0.004079 0.325619 0.944824
1649856262.440282 -4.333635 -4.748641 -2.407336 0.041016 0.005132 0.330041 0.943061
1649856262.490278 -4.308262 -4.707186 -2.414134 0.051266 0.010588 0.340710 0.938710
1649856262.540276 -4.283372 -4.663779 -2.418986 0.059725 0.020744 0.352999 0.933485
1649856262.590272 -4.258042 -4.618184 -2.422440 0.066151 0.031897 0.364565 0.928277
1649856262.640269 -4.231758 -4.570813 -2.425093 0.071663 0.040851 0.373805 0.923832
1649856262.665268 -4.217264 -4.546088 -2.426277 0.073920 0.043696 0.378951 0.921424
1649856262.690266 -4.202879 -4.521439 -2.427779 0.076246 0.045850 0.384122 0.918986
1649856262.740263 -4.175658 -4.473423 -2.430200 0.080179 0.048940 0.393855 0.914360
1649856262.790260 -4.148080 -4.425202 -2.433311 0.081862 0.052711 0.403045 0.909986
1649856262.840257 -4.121578 -4.378028 -2.437853 0.082267 0.056215 0.412663 0.905418
1649856262.865255 -4.107701 -4.354301 -2.441122 0.082933 0.057324 0.417551 0.903043
1649856262.890254 -4.093745 -4.330371 -2.444320 0.084536 0.058429 0.422197 0.900661
1649856262.940250 -4.066213 -4.283553 -2.450666 0.087016 0.058710 0.432970 0.895276
1649856262.990247 -4.039495 -4.236661 -2.456594 0.088192 0.054119 0.446088 0.888988
1649856263.040244 -4.013255 -4.187788 -2.462750 0.091933 0.050855 0.457982 0.882732
1649856263.090241 -3.987363 -4.137464 -2.468544 0.093201 0.053261 0.469941 0.876147
1649856263.140238 -3.964053 -4.086686 -2.472709 0.090673 0.060731 0.481842 0.869436
1649856263.165236 -3.951656 -4.060245 -2.474286 0.088256 0.064296 0.488290 0.865823
1649856263.190235 -3.939281 -4.035175 -2.475993 0.085756 0.066953 0.495283 0.861892
1649856263.240232 -3.917638 -3.984804 -2.479846 0.083743 0.072131 0.510898 0.852506
1649856263.290229 -3.896664 -3.934828 -2.485100 0.085804 0.077928 0.526385 0.842309
1649856263.340225 -3.877282 -3.885923 -2.492284 0.087778 0.081494 0.543084 0.831092
1649856263.390222 -3.858649 -3.836267 -2.500982 0.091220 0.088969 0.556364 0.821110
1649856263.440219 -3.842853 -3.787283 -2.510088 0.090453 0.093341 0.569884 0.811380
1649856263.490216 -3.826264 -3.735532 -2.519969 0.086580 0.094399 0.584926 0.800909
1649856263.540213 -3.813212 -3.683463 -2.527962 0.084789 0.097259 0.599479 0.789922
1649856263.565211 -3.806305 -3.656173 -2.531522 0.084064 0.099337 0.606579 0.784300
1649856263.590210 -3.798485 -3.627753 -2.534316 0.083280 0.101813 0.612767 0.779240
1649856263.640207 -3.786383 -3.572579 -2.538397 0.079786 0.107430 0.622807 0.770846
1649856263.690203 -3.771234 -3.515204 -2.542393 0.072950 0.112013 0.630065 0.764951
1649856263.740200 -3.757817 -3.458740 -2.546175 0.064675 0.115774 0.633691 0.762135
1649856263.790197 -3.740636 -3.400828 -2.551413 0.055690 0.118788 0.634593 0.761630
1649856263.840194 -3.723708 -3.344746 -2.557379 0.044150 0.116732 0.635385 0.762043
1649856263.890191 -3.705162 -3.288593 -2.563664 0.035237 0.112986 0.635596 0.762896
1649856263.940188 -3.686796 -3.232489 -2.568252 0.032787 0.110692 0.633292 0.765254
1649856263.990185 -3.667088 -3.175270 -2.572032 0.032743 0.103239 0.632719 0.766770
1649856264.015183 -3.655648 -3.145864 -2.573796 0.033178 0.099051 0.633137 0.766958
1649856264.040182 -3.643826 -3.117755 -2.576086 0.033575 0.095844 0.633763 0.766832
1649856264.065180 -3.632534 -3.089270 -2.577970 0.033291 0.093405 0.634691 0.766377
1649856264.090178 -3.621282 -3.059837 -2.580700 0.031678 0.091496 0.635910 0.765665
1649856264.140175 -3.601148 -2.999721 -2.581581 0.027663 0.090828 0.637604 0.764491
1649856264.165174 -3.591487 -2.968491 -2.581935 0.024973 0.091885 0.638585 0.763638
1649856264.215171 -3.571397 -2.906032 -2.581030 0.019169 0.094524 0.641971 0.760639
1649856264.290166 -3.543867 -2.808126 -2.584268 0.015135 0.098336 0.649901 0.753479
1649856264.340163 -3.529528 -2.743125 -2.589542 0.016569 0.098687 0.655686 0.748373
1649856264.390160 -3.512090 -2.682580 -2.596080 0.020851 0.095723 0.661560 0.743465
1649856264.440157 -3.491312 -2.624137 -2.604855 0.026924 0.095039 0.666022 0.739363
1649856264.490154 -3.471247 -2.566692 -2.613053 0.029733 0.092522 0.671445 0.734655
1649856264.540150 -3.453004 -2.509636 -2.617637 0.031714 0.091777 0.676900 0.729643
1649856264.590147 -3.436941 -2.448204 -2.619867 0.034314 0.093441 0.681901 0.724640
1649856264.640144 -3.422980 -2.386286 -2.619858 0.037674 0.096756 0.684553 0.721530
1649856264.690141 -3.407858 -2.321567 -2.617985 0.038810 0.098299 0.685174 0.720672
1649856264.740138 -3.393509 -2.257293 -2.614434 0.039814 0.100922 0.681938 0.723319
1649856264.790135 -3.379587 -2.194381 -2.611174 0.041526 0.105641 0.678068 0.726182
