# timestamp tx ty tz qx qy qz qw
1646305719.128250 -0.001301 0.000503 -0.000277 -0.000049 -0.000156 0.000106 1.000000
1646305719.203247 -0.001182 0.000428 -0.000574 0.000001 -0.000111 0.000101 1.000000
1646305719.228246 -0.002520 -0.000400 -0.000030 0.000014 -0.000089 0.000136 1.000000
1646305719.253245 -0.002047 -0.000404 -0.000002 -0.000023 -0.000014 0.000149 1.000000
1646305719.278244 -0.001686 -0.000480 -0.000124 -0.000102 -0.000065 -0.000042 1.000000
1646305719.303243 -0.000129 -0.000172 0.000006 -0.000131 -0.000021 -0.000083 1.000000
1646305719.328242 -0.000267 -0.000433 -0.000073 -0.000049 -0.000033 -0.000007 1.000000
1646305719.353241 -0.000133 -0.000462 -0.000090 -0.000097 0.000071 0.000044 1.000000
1646305719.378240 0.004610 0.009780 -0.000129 -0.000508 0.000905 -0.000144 0.999999
1646305719.403239 0.004531 0.010961 -0.000255 -0.000579 0.001007 0.000431 0.999999
1646305719.428238 0.005757 0.010328 0.000515 -0.000199 0.001297 -0.000210 0.999999
1646305719.453237 0.006115 0.010569 0.000070 -0.000502 0.000740 -0.000331 1.000000
1646305719.478236 0.009348 0.005237 0.001449 -0.000281 0.000850 -0.000140 1.000000
1646305719.503235 0.007969 0.003626 0.001747 -0.000205 0.001267 0.000273 0.999999
1646305719.528234 0.012248 0.006510 0.001429 0.000471 0.003801 -0.000076 0.999993
1646305719.553233 0.013178 0.006315 0.001035 0.000022 0.002271 -0.000563 0.999997
1646305719.578232 0.012997 0.006738 0.002079 0.000059 0.002093 0.000019 0.999998
1646305719.603231 0.012932 0.006105 0.001965 0.000219 0.002677 0.000967 0.999996
1646305719.628230 0.012442 0.006706 0.002146 0.000595 0.004287 -0.000187 0.999991
1646305719.653229 0.012531 0.006734 0.002108 0.000331 0.003142 -0.000432 0.999995
1646305719.678228 0.010958 0.007083 0.002518 0.000103 0.002532 -0.000049 0.999997
1646305719.703227 0.010071 0.006995 0.002557 0.000232 0.002836 0.000904 0.999996
1646305719.728226 0.008720 0.007312 0.002633 0.000437 0.002893 -0.000083 0.999996
1646305719.753225 0.008342 0.007563 0.003018 0.000863 0.002916 -0.000210 0.999995
1646305719.778224 0.007403 0.007553 0.003040 0.000047 0.002186 -0.000109 0.999998
1646305719.803223 0.006381 0.007466 0.003087 0.000133 0.002288 0.000776 0.999997
1646305719.828222 0.005445 0.007724 0.002776 0.000464 0.002096 0.000027 0.999998
1646305719.853221 0.005616 0.007999 0.003282 0.000938 0.002707 -0.000116 0.999996
1646305719.878220 0.003951 0.007228 -0.000107 0.000182 0.001835 -0.000268 0.999998
1646305719.903219 0.003313 0.006869 -0.000884 0.000207 0.001934 0.000648 0.999998
1646305719.928218 0.001892 0.009530 -0.001455 0.000392 0.002230 0.000286 0.999997
1646305719.953217 0.002674 0.010406 -0.001478 0.000860 0.002216 0.000064 0.999997
1646305719.978216 0.003811 0.010692 -0.001802 0.000091 0.002036 -0.000218 0.999998
1646305720.003215 0.003727 0.010822 -0.002324 0.000006 0.002027 0.000455 0.999998
1646305720.028214 0.004484 0.011765 -0.003410 0.000322 0.003365 0.000258 0.999994
1646305720.053213 0.005657 0.012246 -0.003679 0.000433 0.002543 -0.000093 0.999997
1646305720.078212 0.007917 0.011380 -0.003640 0.000192 0.002284 -0.000146 0.999997
1646305720.103211 0.008170 0.011077 -0.004152 0.000111 0.002450 0.000786 0.999997
1646305720.128211 0.007393 0.009811 -0.006515 0.000331 0.001969 -0.000028 0.999998
1646305720.153209 0.007696 0.009310 -0.006471 0.000683 0.002137 -0.000246 0.999997
1646305720.178209 0.007697 0.008255 -0.005907 0.000215 0.002010 -0.000127 0.999998
1646305720.203207 0.007291 0.007160 -0.005706 0.000293 0.002232 0.000620 0.999997
1646305720.228207 0.008587 0.009156 -0.007772 0.000215 0.003238 0.000039 0.999995
1646305720.253206 0.009000 0.009056 -0.007768 0.000014 0.002978 -0.000200 0.999996
1646305720.278204 0.007789 0.008140 -0.009103 0.000312 0.002018 -0.000129 0.999998
1646305720.303204 0.007200 0.007482 -0.009141 0.000365 0.002297 0.000581 0.999997
1646305720.328202 0.007182 0.008028 -0.010235 0.000160 0.003294 -0.000002 0.999995
1646305720.353202 0.007680 0.008179 -0.009906 -0.000042 0.002893 -0.000168 0.999996
1646305720.378201 0.007923 0.008257 -0.009470 0.000302 0.002042 -0.000108 0.999998
1646305720.403199 0.007494 0.008010 -0.009342 0.000313 0.002271 0.000613 0.999997
1646305720.428199 0.003626 0.006369 -0.011956 0.000180 0.002235 0.000118 0.999997
1646305720.453198 0.003666 0.006288 -0.010915 0.000552 0.001904 -0.000062 0.999998
1646305720.478197 0.005360 0.006204 -0.008252 0.000284 0.002007 -0.000159 0.999998
1646305720.503196 0.005030 0.005869 -0.007502 0.000371 0.002133 0.000263 0.999998
1646305720.528195 0.004367 0.006561 -0.005520 0.000270 0.002859 0.000029 0.999996
1646305720.553194 0.005213 0.006878 -0.003797 0.000574 0.002503 -0.000108 0.999997
1646305720.578193 0.005685 0.006516 0.000121 0.000132 0.002125 -0.000131 0.999998
1646305720.603192 0.005455 0.006209 0.001957 0.000111 0.002094 0.000325 0.999998
1646305720.628191 0.005206 0.008361 0.003277 0.000435 0.003110 0.000075 0.999995
1646305720.653190 0.006117 0.008906 0.005109 0.000759 0.002870 -0.000169 0.999996
1646305720.678189 0.003929 0.008555 0.006288 0.000007 0.002207 -0.000172 0.999998
1646305720.703188 0.003475 0.008386 0.007606 -0.000178 0.001931 0.000346 0.999998
1646305720.728187 0.003998 0.008815 0.007208 0.000507 0.003105 0.000126 0.999995
1646305720.753186 0.005238 0.009155 0.008076 0.001011 0.002723 -0.000146 0.999996
1646305720.778185 0.007496 0.009225 0.008114 -0.000026 0.002409 -0.000154 0.999997
1646305720.803184 0.007631 0.008978 0.008325 -0.000294 0.002246 0.000527 0.999997
1646305720.828183 0.008559 0.009034 0.007902 0.000520 0.003340 -0.000094 0.999994
1646305720.853182 0.008859 0.008774 0.007566 0.000922 0.003158 -0.000250 0.999995
1646305720.878181 0.009220 0.007857 0.009711 -0.000049 0.002416 -0.000099 0.999997
1646305720.903180 0.009028 0.007051 0.009844 -0.000275 0.002379 0.000542 0.999997
1646305720.928179 0.007206 0.005470 0.008189 0.000547 0.002587 -0.000023 0.999997
1646305720.953178 0.007214 0.005402 0.007256 0.001073 0.002982 -0.000180 0.999995
1646305720.978177 0.007120 0.003375 0.010215 -0.000048 0.002385 -0.000076 0.999997
1646305721.003176 0.006597 0.002584 0.010164 -0.000232 0.002251 0.000200 0.999997
1646305721.028175 0.006404 0.001007 0.006734 0.000542 0.003138 -0.000087 0.999995
1646305721.053178 0.006704 0.001080 0.005890 0.001176 0.002954 -0.000117 0.999995
1646305721.078177 0.005106 0.001940 0.002512 0.000083 0.002209 -0.000099 0.999998
1646305721.103176 0.004624 0.002117 0.001176 0.000101 0.002239 0.000020 0.999997
1646305721.128175 0.005470 0.004477 -0.002863 0.000346 0.003016 -0.000014 0.999995
1646305721.153174 0.006036 0.005518 -0.004317 0.000725 0.002619 -0.000120 0.999996
1646305721.178173 0.007229 0.006672 -0.007370 0.000255 0.002114 -0.000121 0.999998
1646305721.203172 0.007023 0.007468 -0.009363 0.000277 0.002288 0.000178 0.999997
1646305721.228171 0.007338 0.007276 -0.011595 0.000182 0.003168 -0.000103 0.999995
1646305721.253170 0.007575 0.008345 -0.012562 0.000131 0.002685 -0.000197 0.999996
1646305721.278169 0.007819 0.009269 -0.013027 0.000358 0.002026 -0.000130 0.999998
1646305721.303168 0.007464 0.009827 -0.014153 0.000291 0.002230 0.000320 0.999997
1646305721.353166 0.006434 0.009496 -0.014894 0.000111 0.002487 -0.000117 0.999997
1646305721.378165 0.007491 0.009210 -0.014848 0.000382 0.001992 -0.000123 0.999998
1646305721.403164 0.006953 0.009239 -0.015033 0.000486 0.002243 0.000172 0.999997
1646305721.428163 0.006568 0.007849 -0.015427 0.000071 0.002756 0.000021 0.999996
1646305721.453162 0.006441 0.007897 -0.013418 0.000139 0.002472 -0.000157 0.999997
1646305721.478161 0.006959 0.007648 -0.011438 0.000343 0.001996 -0.000130 0.999998
1646305721.503160 0.006358 0.007459 -0.010316 0.000381 0.002146 0.000045 0.999998
1646305721.528160 0.006259 0.007182 -0.008157 0.000208 0.002989 -0.000003 0.999996
1646305721.553159 0.006823 0.007394 -0.005776 0.000260 0.002797 -0.000170 0.999996
1646305721.578158 0.007027 0.007324 -0.003487 0.000201 0.002124 -0.000126 0.999998
1646305721.603157 0.006428 0.007137 -0.001812 0.000227 0.002215 0.000129 0.999998
1646305721.628156 0.005860 0.006958 -0.000478 0.000350 0.002957 0.000052 0.999996
1646305721.653155 0.006650 0.007007 0.001544 0.000659 0.002878 -0.000158 0.999996
1646305721.678154 0.006341 0.006830 0.002662 0.000088 0.002216 -0.000132 0.999998
1646305721.703153 0.005850 0.006817 0.004074 0.000155 0.002250 -0.000090 0.999997
1646305721.728152 0.005640 0.006394 0.004080 0.000449 0.002925 0.000027 0.999996
1646305721.753151 0.006729 0.006394 0.005219 0.000851 0.002934 -0.000177 0.999995
1646305721.778150 0.006472 0.006454 0.004114 0.000061 0.002254 -0.000133 0.999997
1646305721.803149 0.005982 0.006626 0.004622 0.000176 0.002372 0.000003 0.999997
1646305721.828148 0.005646 0.006810 0.004010 0.000445 0.002941 0.000031 0.999996
1646305721.853147 0.006595 0.006856 0.004186 0.000850 0.002914 -0.000183 0.999995
1646305721.878146 0.006795 0.007250 0.001373 0.000094 0.002285 -0.000143 0.999997
1646305721.903145 0.006328 0.007432 0.001032 0.000234 0.002372 0.000018 0.999997
1646305721.928144 0.005708 0.006891 0.000546 0.000376 0.002815 0.000019 0.999996
1646305721.953143 0.006527 0.006879 0.000518 0.000750 0.002735 -0.000160 0.999996
1646305721.978142 0.006695 0.007183 -0.000383 0.000134 0.002200 -0.000127 0.999998
1646305722.003142 0.006221 0.007268 -0.000865 0.000297 0.002253 0.000008 0.999997
1646305722.028141 0.006182 0.007136 -0.001575 0.000347 0.002918 0.000010 0.999996
1646305722.053140 0.006776 0.007280 -0.001244 0.000595 0.002814 -0.000173 0.999996
1646305722.078139 0.006687 0.007367 -0.001439 0.000149 0.002164 -0.000129 0.999998
1646305722.103138 0.005906 0.007366 -0.001784 0.000288 0.002218 -0.000013 0.999997
1646305722.128137 0.005621 0.007000 -0.001450 0.000332 0.002670 0.000042 0.999996
1646305722.153136 0.006365 0.007135 -0.000871 0.000692 0.002712 -0.000155 0.999996
1646305722.178135 0.006219 0.007401 -0.002086 0.000166 0.002160 -0.000151 0.999998
1646305722.203134 0.005481 0.007554 -0.002378 0.000296 0.002222 -0.000045 0.999997
1646305722.228133 0.005108 0.007035 -0.002360 0.000324 0.002814 0.000063 0.999996
1646305722.253132 0.006041 0.006899 -0.001587 0.000640 0.002708 -0.000153 0.999996
1646305722.278131 0.006188 0.007250 -0.001543 0.000159 0.002187 -0.000142 0.999998
1646305722.303130 0.005600 0.007225 -0.001665 0.000318 0.002252 0.000071 0.999997
1646305722.328129 0.005637 0.007037 -0.001617 0.000342 0.002815 0.000007 0.999996
1646305722.353128 0.006580 0.007162 -0.000815 0.000616 0.002767 -0.000170 0.999996
1646305722.378127 0.006665 0.007242 -0.000721 0.000138 0.002201 -0.000133 0.999998
1646305722.403126 0.006256 0.006927 -0.000641 0.000226 0.002321 0.000124 0.999997
1646305722.428125 0.006887 0.005494 -0.000322 0.000359 0.002724 -0.000049 0.999996
1646305722.453125 0.007079 0.005663 0.000358 0.000703 0.002801 -0.000157 0.999996
1646305722.478123 0.006818 0.006026 -0.000848 0.000140 0.002202 -0.000134 0.999998
1646305722.503123 0.006233 0.005694 -0.000828 0.000247 0.002287 0.000075 0.999997
1646305722.528121 0.005912 0.005810 -0.000412 0.000359 0.002782 0.000021 0.999996
1646305722.553121 0.006339 0.006217 0.000253 0.000706 0.002775 -0.000154 0.999996
1646305722.578120 0.006548 0.006921 -0.002270 0.000171 0.002198 -0.000138 0.999998
1646305722.603119 0.005985 0.006749 -0.002387 0.000278 0.002308 0.000077 0.999997
1646305722.628118 0.006074 0.007398 -0.002256 0.000332 0.002846 0.000007 0.999996
1646305722.653117 0.006681 0.007502 -0.001412 0.000597 0.002738 -0.000163 0.999996
1646305722.678116 0.006763 0.007601 -0.001200 0.000150 0.002192 -0.000145 0.999998
1646305722.703115 0.006169 0.007585 -0.001038 0.000248 0.002306 0.000120 0.999997
1646305722.728114 0.006352 0.007370 -0.001071 0.000336 0.002871 -0.000009 0.999996
1646305722.753113 0.006803 0.007365 -0.000385 0.000626 0.002786 -0.000170 0.999996
1646305722.778112 0.006610 0.007241 -0.000205 0.000140 0.002214 -0.000134 0.999998
1646305722.803111 0.006091 0.007020 -0.000087 0.000252 0.002275 0.000105 0.999997
1646305722.828110 0.006214 0.006951 -0.000432 0.000369 0.002840 0.000005 0.999996
1646305722.853109 0.006671 0.006963 0.000173 0.000669 0.002784 -0.000148 0.999996
1646305722.878108 0.006918 0.006636 -0.000234 0.000140 0.002220 -0.000118 0.999998
1646305722.903107 0.006394 0.006430 -0.000119 0.000235 0.002326 0.000088 0.999997
1646305722.928107 0.006364 0.006335 -0.000426 0.000354 0.002860 -0.000022 0.999996
1646305722.953105 0.006724 0.006473 0.000080 0.000640 0.002805 -0.000162 0.999996
1646305722.978105 0.006894 0.006848 -0.000332 0.000127 0.002217 -0.000141 0.999998
1646305723.003103 0.006468 0.006726 -0.000316 0.000251 0.002371 0.000169 0.999997
1646305723.028103 0.006408 0.006768 -0.000804 0.000361 0.002733 0.000016 0.999996
1646305723.053102 0.006747 0.006968 -0.000278 0.000669 0.002781 -0.000154 0.999996
1646305723.078101 0.006666 0.007209 -0.000488 0.000140 0.002201 -0.000128 0.999998
1646305723.103100 0.006484 0.007076 -0.000412 0.000262 0.002344 0.000190 0.999997
1646305723.128099 0.006335 0.007179 -0.000777 0.000354 0.002908 0.000015 0.999996
1646305723.153098 0.006669 0.007261 -0.000200 0.000604 0.002813 -0.000175 0.999996
1646305723.178097 0.006495 0.007548 -0.001804 0.000146 0.002247 -0.000146 0.999997
1646305723.203096 0.006108 0.007298 -0.001944 0.000245 0.002325 0.000096 0.999997
1646305723.228095 0.006108 0.007334 -0.002030 0.000345 0.002848 0.000028 0.999996
1646305723.253094 0.006652 0.007434 -0.001286 0.000631 0.002768 -0.000171 0.999996
1646305723.278093 0.006933 0.007487 -0.001169 0.000142 0.002199 -0.000141 0.999998
1646305723.303092 0.006605 0.007354 -0.001085 0.000265 0.002294 0.000148 0.999997
1646305723.328091 0.006545 0.007207 -0.001278 0.000334 0.002794 -0.000012 0.999996
1646305723.353090 0.006699 0.007208 -0.000600 0.000605 0.002792 -0.000166 0.999996
1646305723.378089 0.006902 0.007332 -0.000714 0.000137 0.002196 -0.000126 0.999998
1646305723.403088 0.006558 0.007076 -0.000632 0.000268 0.002338 0.000127 0.999997
1646305723.428087 0.005882 0.006841 -0.000487 0.000350 0.002825 0.000025 0.999996
1646305723.453087 0.006522 0.006937 0.000152 0.000687 0.002768 -0.000168 0.999996
1646305723.478086 0.006293 0.007228 -0.001011 0.000148 0.002197 -0.000137 0.999998
1646305723.503084 0.005950 0.007064 -0.001031 0.000265 0.002254 0.000105 0.999997
1646305723.528084 0.006270 0.006914 -0.001472 0.000340 0.002845 -0.000007 0.999996
1646305723.553083 0.006778 0.007026 -0.000919 0.000637 0.002767 -0.000164 0.999996
1646305723.578082 0.006645 0.007137 -0.000376 0.000134 0.002195 -0.000126 0.999998
1646305723.603081 0.006317 0.007000 -0.000269 0.000293 0.002230 0.000164 0.999997
1646305723.628080 0.005844 0.007183 0.000197 0.000362 0.002802 0.000055 0.999996
1646305723.653079 0.006039 0.007103 0.002578 0.000749 0.002958 -0.000135 0.999995
1646305723.678078 0.006399 0.006714 0.002770 -0.000167 0.002379 -0.000203 0.999997
1646305723.703077 0.006427 0.005670 0.001580 -0.001602 0.002100 -0.001340 0.999996
1646305723.728076 0.006501 0.003591 -0.002122 -0.000121 0.003281 -0.004722 0.999983
1646305723.753075 0.005852 0.001230 -0.010438 -0.001074 0.006664 -0.007826 0.999947
1646305723.778074 0.005061 -0.000314 -0.023328 -0.003341 0.018303 -0.010586 0.999771
1646305723.803073 0.002685 -0.002866 -0.040242 -0.005867 0.029591 -0.012201 0.999470
1646305723.828072 0.000760 -0.005296 -0.061647 -0.004940 0.043597 -0.014565 0.998931
1646305723.853071 0.000777 -0.006013 -0.085714 -0.004275 0.051807 -0.016388 0.998513
1646305723.878070 0.000718 -0.005913 -0.113884 -0.004698 0.055463 -0.017266 0.998300
1646305723.903069 0.002588 -0.004585 -0.142443 -0.002487 0.053526 -0.016531 0.998426
1646305723.928068 0.006354 -0.001401 -0.174240 0.002698 0.046409 -0.013834 0.998823
1646305723.953068 0.012712 0.004019 -0.206526 0.009016 0.035358 -0.009443 0.999289
1646305723.978066 0.018472 0.012415 -0.240754 0.017981 0.024890 -0.003210 0.999523
1646305724.003066 0.023541 0.021826 -0.276503 0.029818 0.014311 0.005733 0.999436
1646305724.028065 0.028882 0.034158 -0.314719 0.045557 0.005555 0.016311 0.998813
1646305724.053060 0.034897 0.048860 -0.352102 0.063218 -0.001707 0.027947 0.997607
1646305724.078059 0.039714 0.064146 -0.387323 0.081727 -0.005042 0.040531 0.995818
1646305724.103058 0.042616 0.080745 -0.426707 0.098810 -0.006171 0.054712 0.993582
1646305724.128057 0.046327 0.099942 -0.464370 0.114853 -0.002481 0.069021 0.990979
1646305724.153056 0.050158 0.117272 -0.500983 0.130143 0.000389 0.082429 0.988063
1646305724.178056 0.053847 0.134735 -0.534106 0.141918 0.006787 0.094492 0.985335
1646305724.203054 0.056677 0.152452 -0.569892 0.152177 0.013981 0.106794 0.982467
1646305724.228054 0.060932 0.171041 -0.608028 0.160492 0.022578 0.117927 0.979707
1646305724.253053 0.066072 0.188303 -0.639516 0.169126 0.029458 0.127363 0.976887
1646305724.278052 0.070849 0.207076 -0.666298 0.177029 0.036799 0.134155 0.974325
1646305724.303051 0.076268 0.226193 -0.693271 0.184317 0.043587 0.140132 0.971849
1646305724.328050 0.083305 0.246587 -0.717035 0.189746 0.049754 0.143993 0.969942
1646305724.353049 0.090703 0.265227 -0.740230 0.192382 0.053263 0.144780 0.969119
1646305724.378048 0.099083 0.284793 -0.758812 0.191982 0.056234 0.144060 0.969137
1646305724.403047 0.107749 0.305235 -0.776315 0.189543 0.058155 0.144586 0.969426
1646305724.428046 0.117586 0.328695 -0.791104 0.186898 0.059887 0.146519 0.969544
1646305724.453045 0.127533 0.349765 -0.804489 0.185411 0.060050 0.147575 0.969659
1646305724.478044 0.137109 0.372271 -0.814053 0.184451 0.059848 0.148474 0.969717
1646305724.503043 0.146924 0.395891 -0.821809 0.183008 0.059104 0.150783 0.969680
1646305724.528042 0.157074 0.423156 -0.828177 0.180981 0.057843 0.155399 0.969408
1646305724.553041 0.167761 0.448263 -0.832835 0.177784 0.054418 0.160493 0.969368
1646305724.578040 0.177350 0.474809 -0.835824 0.171638 0.050012 0.167195 0.969580
1646305724.603039 0.187846 0.502871 -0.837132 0.162329 0.045206 0.176999 0.969679
1646305724.628038 0.199891 0.532686 -0.835849 0.147970 0.040019 0.190365 0.969672
1646305724.653037 0.211827 0.561939 -0.835096 0.129812 0.034585 0.203385 0.969839
1646305724.678036 0.221667 0.592721 -0.833996 0.108579 0.028158 0.217348 0.969627
1646305724.703036 0.231125 0.626043 -0.831335 0.087021 0.022183 0.232912 0.968342
1646305724.728035 0.241082 0.660483 -0.824480 0.065229 0.015554 0.250307 0.965842
1646305724.753034 0.249322 0.697406 -0.823706 0.042971 0.006493 0.267293 0.962635
1646305724.778033 0.254939 0.736948 -0.824985 0.021711 -0.005796 0.284729 0.958345
1646305724.803032 0.261388 0.777483 -0.826617 0.000554 -0.020331 0.302885 0.952810
1646305724.828031 0.268711 0.819316 -0.829428 -0.018535 -0.035805 0.321094 0.946189
1646305724.853030 0.274790 0.862238 -0.837227 -0.035195 -0.050533 0.338804 0.938839
1646305724.878029 0.278234 0.903503 -0.845586 -0.053729 -0.064465 0.355593 0.930866
1646305724.903028 0.283880 0.943768 -0.855915 -0.076313 -0.078140 0.370642 0.922331
1646305724.928027 0.297901 0.980442 -0.860084 -0.103098 -0.091355 0.382192 0.913758
1646305724.953026 0.304553 1.016351 -0.873060 -0.132309 -0.104178 0.392585 0.904167
1646305724.978025 0.314010 1.052212 -0.884117 -0.162755 -0.117913 0.399931 0.894239
1646305725.003024 0.326034 1.086490 -0.895089 -0.195136 -0.131192 0.403429 0.884283
1646305725.028023 0.347921 1.113609 -0.903119 -0.230275 -0.144237 0.405639 0.872712
1646305725.053022 0.366143 1.144768 -0.912341 -0.266922 -0.152922 0.399457 0.863598
1646305725.078021 0.381941 1.174316 -0.919504 -0.301848 -0.160179 0.394753 0.852878
1646305725.103020 0.400564 1.202607 -0.925722 -0.335147 -0.163660 0.387380 0.843107
1646305725.128019 0.425613 1.230402 -0.937153 -0.366363 -0.161484 0.380337 0.833694
1646305725.153018 0.444804 1.258206 -0.942311 -0.388345 -0.158518 0.366609 0.830457
1646305725.178018 0.468093 1.282598 -0.946567 -0.406975 -0.153877 0.355901 0.827059
1646305725.203017 0.493185 1.305291 -0.950590 -0.421532 -0.149057 0.344792 0.825355
1646305725.228016 0.520877 1.326221 -0.954092 -0.430996 -0.143103 0.333969 0.825971
1646305725.253015 0.543251 1.351253 -0.958554 -0.434053 -0.136714 0.322032 0.830182
1646305725.278014 0.574226 1.368288 -0.958845 -0.434851 -0.129905 0.310157 0.835363
1646305725.303013 0.607771 1.382990 -0.958847 -0.434262 -0.124153 0.296811 0.841371
1646305725.328012 0.641208 1.395687 -0.956950 -0.431909 -0.117866 0.282406 0.848416
1646305725.353011 0.671434 1.408013 -0.955834 -0.424183 -0.110787 0.266744 0.858279
1646305725.378010 0.705837 1.415820 -0.951118 -0.410707 -0.102330 0.251141 0.870504
1646305725.403009 0.741139 1.421371 -0.947886 -0.393820 -0.094133 0.234663 0.883730
1646305725.428008 0.775208 1.424803 -0.945614 -0.373884 -0.085757 0.218075 0.897385
1646305725.453007 0.806823 1.428205 -0.943961 -0.352159 -0.078018 0.202516 0.910431
1646305725.478006 0.842026 1.428620 -0.938666 -0.330962 -0.069347 0.187292 0.922267
1646305725.503005 0.878457 1.427823 -0.934936 -0.310331 -0.059861 0.171752 0.933066
1646305725.528004 0.912393 1.425840 -0.931859 -0.290427 -0.048224 0.155569 0.942934
1646305725.553003 0.949271 1.420564 -0.931013 -0.271004 -0.036177 0.140578 0.951570
1646305725.578002 0.983845 1.417476 -0.926864 -0.252786 -0.023013 0.124177 0.959244
1646305725.603001 1.020093 1.414351 -0.924747 -0.237036 -0.010854 0.108702 0.965339
1646305725.628000 1.056911 1.410072 -0.923812 -0.222433 0.000587 0.096667 0.970144
1646305725.652999 1.092066 1.411285 -0.925525 -0.207594 0.010386 0.086735 0.974307
1646305725.677999 1.126448 1.409523 -0.928417 -0.193815 0.019246 0.078508 0.977702
1646305725.702998 1.161860 1.411237 -0.933226 -0.180529 0.027836 0.070627 0.980636
1646305725.727997 1.197811 1.415086 -0.939920 -0.165545 0.038008 0.064672 0.983345
1646305725.752996 1.233141 1.423543 -0.948539 -0.147866 0.047608 0.061488 0.985946
1646305725.777995 1.267547 1.431305 -0.958837 -0.128028 0.057667 0.061449 0.988184
1646305725.802994 1.303124 1.442022 -0.970458 -0.106668 0.066551 0.062687 0.990082
1646305725.827993 1.336371 1.454869 -0.984386 -0.081588 0.074501 0.066600 0.991644
1646305725.852992 1.373163 1.469809 -0.995882 -0.054776 0.079840 0.071911 0.992700
1646305725.877991 1.406401 1.485144 -1.008844 -0.029682 0.084479 0.078165 0.992911
1646305725.902990 1.439514 1.501210 -1.021202 -0.004681 0.088278 0.085426 0.992415
1646305725.927989 1.471917 1.519589 -1.031176 0.018347 0.091308 0.093369 0.991266
1646305725.952988 1.505213 1.538310 -1.038253 0.042049 0.095542 0.101638 0.989330
1646305725.977987 1.536298 1.557365 -1.047000 0.065455 0.100155 0.109551 0.986754
1646305726.002986 1.567097 1.578385 -1.053811 0.088975 0.106555 0.117551 0.983316
1646305726.027985 1.597979 1.601067 -1.056522 0.110136 0.113346 0.127583 0.979155
1646305726.052984 1.627196 1.624114 -1.057635 0.129451 0.119642 0.137133 0.974743
1646305726.077983 1.656437 1.646984 -1.058121 0.145567 0.125898 0.144980 0.970536
1646305726.102982 1.685090 1.669653 -1.057368 0.159342 0.132396 0.151841 0.966450
1646305726.127981 1.714149 1.693717 -1.057053 0.168276 0.137824 0.160208 0.962819
1646305726.152980 1.741296 1.716423 -1.054724 0.172779 0.141225 0.167192 0.960338
1646305726.177979 1.768733 1.741377 -1.050903 0.171990 0.143830 0.172274 0.959194
1646305726.202979 1.797086 1.765088 -1.046959 0.168359 0.144175 0.177184 0.958892
1646305726.227978 1.827578 1.789382 -1.041902 0.163101 0.143477 0.183657 0.958688
1646305726.252977 1.855034 1.814739 -1.036663 0.155785 0.138859 0.189858 0.959376
1646305726.277976 1.883664 1.839287 -1.031657 0.145623 0.131582 0.195444 0.960875
1646305726.302975 1.912333 1.865382 -1.026694 0.133623 0.119684 0.202438 0.962725
1646305726.327974 1.940207 1.891754 -1.018691 0.120459 0.104798 0.211978 0.964143
1646305726.352973 1.967695 1.917699 -1.012094 0.107851 0.086593 0.221531 0.965295
1646305726.377972 1.994539 1.942147 -1.007539 0.095415 0.067981 0.231073 0.965857
1646305726.402971 2.020546 1.969571 -1.002203 0.085275 0.051507 0.241381 0.965303
1646305726.427970 2.046337 1.998601 -0.996865 0.076757 0.038983 0.251635 0.963986
1646305726.452969 2.073231 2.027757 -0.990901 0.066903 0.029431 0.261097 0.962541
1646305726.477968 2.099160 2.054684 -0.986165 0.054984 0.022609 0.270781 0.960803
1646305726.502967 2.124782 2.083933 -0.980950 0.042639 0.019464 0.281135 0.958523
1646305726.527966 2.149156 2.114140 -0.976882 0.030877 0.019988 0.291599 0.955833
1646305726.552965 2.174199 2.144718 -0.972789 0.018604 0.021302 0.302096 0.952858
1646305726.577964 2.198975 2.174407 -0.969570 0.006471 0.023057 0.313162 0.949398
1646305726.602963 2.223298 2.204418 -0.965972 -0.004282 0.025172 0.323467 0.945895
1646305726.627962 2.246467 2.235254 -0.964733 -0.013634 0.026988 0.333245 0.942355
1646305726.652961 2.271887 2.265984 -0.963008 -0.022949 0.026189 0.342523 0.938864
1646305726.677961 2.297451 2.293678 -0.962146 -0.032967 0.022149 0.352085 0.935125
1646305726.702960 2.323513 2.323073 -0.961655 -0.041797 0.015653 0.362638 0.930861
1646305726.727959 2.349977 2.352746 -0.963372 -0.047641 0.007586 0.373394 0.926418
1646305726.752958 2.375965 2.383106 -0.965312 -0.051709 -0.000729 0.383745 0.921990
1646305726.777957 2.401471 2.411023 -0.967710 -0.055979 -0.008106 0.392665 0.917941
1646305726.802956 2.426393 2.439177 -0.970438 -0.060030 -0.013467 0.398901 0.914928
1646305726.827955 2.449316 2.465989 -0.973463 -0.064247 -0.016858 0.402045 0.913208
1646305726.852954 2.474259 2.492565 -0.977907 -0.070560 -0.019650 0.403986 0.911828
1646305726.877953 2.498996 2.516305 -0.981440 -0.078901 -0.023113 0.404459 0.910853
1646305726.902952 2.524526 2.540820 -0.984667 -0.087222 -0.026128 0.403655 0.910370
1646305726.927951 2.548410 2.564559 -0.985150 -0.093534 -0.027566 0.401214 0.910779
1646305726.952950 2.574405 2.588715 -0.987753 -0.099328 -0.027331 0.398898 0.911190
1646305726.977949 2.602328 2.610590 -0.988471 -0.105164 -0.026642 0.396090 0.911780
1646305727.002948 2.630809 2.634294 -0.987945 -0.111304 -0.024651 0.392341 0.912728
1646305727.027947 2.655116 2.654487 -0.986984 -0.117590 -0.022238 0.386682 0.914415
1646305727.052946 2.683911 2.677222 -0.985505 -0.122164 -0.018901 0.380354 0.916542
1646305727.077945 2.713419 2.698965 -0.982988 -0.125378 -0.014668 0.372191 0.919532
1646305727.102944 2.743411 2.721181 -0.980583 -0.127696 -0.011552 0.362849 0.922985
1646305727.127944 2.772840 2.743240 -0.977857 -0.129854 -0.009716 0.352199 0.926822
1646305727.152942 2.804321 2.765480 -0.976619 -0.131281 -0.008570 0.341780 0.930526
1646305727.177942 2.836484 2.785998 -0.974789 -0.132514 -0.008809 0.329747 0.934681
1646305727.202941 2.870226 2.805986 -0.973387 -0.133919 -0.010901 0.315739 0.939285
1646305727.227940 2.898995 2.819508 -0.972161 -0.134355 -0.013860 0.299087 0.944618
1646305727.252939 2.931922 2.837225 -0.971874 -0.133063 -0.017932 0.282977 0.949682
1646305727.277938 2.964127 2.852979 -0.971075 -0.130748 -0.021953 0.266423 0.954695
1646305727.302937 2.996816 2.867681 -0.970303 -0.127349 -0.026385 0.249345 0.959642
1646305727.327936 3.027421 2.882577 -0.968409 -0.121785 -0.030902 0.231639 0.964654
1646305727.352935 3.060338 2.898042 -0.968477 -0.115454 -0.034911 0.215188 0.969095
1646305727.377934 3.091534 2.911003 -0.966905 -0.108721 -0.038221 0.200467 0.972899
1646305727.402933 3.122356 2.924473 -0.964839 -0.102264 -0.040159 0.186103 0.976368
1646305727.427932 3.149605 2.939240 -0.961109 -0.096219 -0.041548 0.172061 0.979495
1646305727.452931 3.180642 2.953308 -0.959139 -0.091246 -0.041849 0.159469 0.982086
1646305727.477930 3.210907 2.964858 -0.955727 -0.086968 -0.042485 0.148351 0.984187
1646305727.502929 3.240215 2.976843 -0.951878 -0.083558 -0.041746 0.138434 0.985957
1646305727.527928 3.259789 2.985877 -0.948645 -0.079181 -0.038979 0.130393 0.987527
1646305727.552927 3.290557 2.997553 -0.945162 -0.073161 -0.036413 0.124212 0.988885
1646305727.577926 3.318681 3.008310 -0.941234 -0.066306 -0.033961 0.119583 0.990025
1646305727.602926 3.346486 3.018292 -0.937488 -0.060576 -0.032170 0.117043 0.990756
1646305727.627924 3.367211 3.026946 -0.934032 -0.055062 -0.031135 0.116183 0.991212
1646305727.652924 3.398057 3.036235 -0.931315 -0.048553 -0.031179 0.115395 0.991642
1646305727.677923 3.424405 3.045746 -0.928592 -0.041314 -0.031189 0.114324 0.992094
1646305727.702922 3.451699 3.054319 -0.925799 -0.034012 -0.032617 0.112914 0.992487
1646305727.727921 3.469971 3.061847 -0.924425 -0.026779 -0.034204 0.112157 0.992741
1646305727.752920 3.502411 3.069417 -0.922024 -0.019260 -0.036917 0.110155 0.993042
1646305727.777919 3.528055 3.076831 -0.919677 -0.011906 -0.040126 0.107879 0.993283
1646305727.802918 3.554900 3.082855 -0.917740 -0.005576 -0.044194 0.107142 0.993245
1646305727.827917 3.574620 3.087919 -0.916373 -0.000698 -0.046786 0.108380 0.993008
1646305727.852916 3.605781 3.093439 -0.914084 0.004243 -0.048335 0.108880 0.992870
1646305727.877915 3.631016 3.098495 -0.912289 0.007564 -0.048512 0.109468 0.992777
1646305727.902914 3.657474 3.102687 -0.910707 0.008327 -0.048193 0.109224 0.992813
1646305727.927913 3.677164 3.106767 -0.909995 0.006696 -0.045931 0.110045 0.992842
1646305727.952912 3.709672 3.109025 -0.907065 0.004123 -0.043708 0.108902 0.993083
1646305727.977911 3.736915 3.110761 -0.904873 0.000859 -0.041605 0.106745 0.993415
1646305728.002910 3.765139 3.112042 -0.902659 -0.002113 -0.040229 0.104149 0.993745
1646305728.027909 3.793985 3.118634 -0.900576 -0.003613 -0.038864 0.101861 0.994033
1646305728.052900 3.827215 3.120771 -0.898257 -0.003456 -0.038422 0.098044 0.994434
1646305728.077899 3.857502 3.122583 -0.896917 -0.002862 -0.038818 0.094602 0.994754
1646305728.102898 3.888312 3.124057 -0.896265 -0.000762 -0.039551 0.090240 0.995134
1646305728.127897 3.905937 3.118647 -0.896543 0.003538 -0.039876 0.085049 0.995572
1646305728.152896 3.941918 3.118615 -0.896434 0.008437 -0.040042 0.077654 0.996140
1646305728.177895 3.971998 3.118594 -0.897682 0.012358 -0.040077 0.070399 0.996637
1646305728.177895 3.971998 3.118594 -0.897682 0.012358 -0.040077 0.070399 0.996637
1646305728.227893 4.041791 3.109854 -0.908485 0.017072 -0.038351 0.057510 0.997462
1646305728.252892 4.073517 3.108153 -0.912098 0.020606 -0.037959 0.050369 0.997796
1646305728.252892 4.073517 3.108153 -0.912098 0.020606 -0.037959 0.050369 0.997796
1646305728.327889 4.158479 3.113474 -0.922310 0.027185 -0.033690 0.034010 0.998483
1646305728.327889 4.158479 3.113474 -0.922310 0.027185 -0.033690 0.034010 0.998483
1646305728.427885 4.283440 3.131830 -0.916054 0.027087 -0.014867 0.024609 0.999220
1646305728.427885 4.283440 3.131830 -0.916054 0.027087 -0.014867 0.024609 0.999220
1646305728.527881 4.404967 3.155280 -0.902100 0.025214 -0.008183 0.045169 0.998628
1646305728.527881 4.404967 3.155280 -0.902100 0.025214 -0.008183 0.045169 0.998628
1646305728.627877 4.533402 3.182587 -0.905945 0.020093 -0.020188 0.091529 0.995395
1646305728.627877 4.533402 3.182587 -0.905945 0.020093 -0.020188 0.091529 0.995395
1646305728.752872 4.674615 3.234776 -0.939189 -0.025676 -0.022458 0.153495 0.987560
1646305728.752872 4.674615 3.234776 -0.939189 -0.025676 -0.022458 0.153495 0.987560
1646305728.827869 4.759394 3.266696 -0.955117 -0.080169 -0.013070 0.187365 0.978926
1646305728.852868 4.787948 3.277640 -0.960449 -0.099110 -0.009596 0.197098 0.975314
1646305728.852868 4.787948 3.277640 -0.960449 -0.099110 -0.009596 0.197098 0.975314
1646305728.927865 4.876884 3.301637 -0.970795 -0.147628 0.006091 0.210697 0.966321
1646305728.952864 4.907275 3.308055 -0.973710 -0.161724 0.011686 0.209763 0.964214
1646305728.952864 4.907275 3.308055 -0.973710 -0.161724 0.011686 0.209763 0.964214
1646305729.027861 5.005277 3.319796 -0.981600 -0.196423 0.023721 0.187405 0.962151
1646305729.052860 5.039147 3.319637 -0.983126 -0.206316 0.026162 0.175982 0.962174
1646305729.052860 5.039147 3.319637 -0.983126 -0.206316 0.026162 0.175982 0.962174
1646305729.127857 5.146304 3.316766 -0.988463 -0.224842 0.025668 0.130802 0.965235
1646305729.152856 5.182087 3.311520 -0.989019 -0.228032 0.022270 0.114490 0.966642
1646305729.152856 5.182087 3.311520 -0.989019 -0.228032 0.022270 0.114490 0.966642
1646305729.227853 5.291810 3.292585 -0.988284 -0.242961 0.003528 0.067351 0.967689
1646305729.252852 5.327508 3.282031 -0.986442 -0.249190 -0.001949 0.051099 0.967104
1646305729.252852 5.327508 3.282031 -0.986442 -0.249190 -0.001949 0.051099 0.967104
1646305729.327849 5.432720 3.246599 -0.974661 -0.270231 0.001321 -0.002018 0.962793
1646305729.352848 5.466512 3.234431 -0.969140 -0.275920 0.005985 -0.019389 0.960966
1646305729.352848 5.466512 3.234431 -0.969140 -0.275920 0.005985 -0.019389 0.960966
1646305729.427845 5.567979 3.199707 -0.947462 -0.287205 0.017464 -0.054141 0.956178
1646305729.452844 5.601587 3.188270 -0.941471 -0.289997 0.019719 -0.060330 0.954921
1646305729.452844 5.601587 3.188270 -0.941471 -0.289997 0.019719 -0.060330 0.954921
1646305729.527841 5.710476 3.159117 -0.930272 -0.286984 0.005022 -0.062266 0.955896
1646305729.552840 5.748588 3.150768 -0.929363 -0.282192 -0.004579 -0.059144 0.957522
1646305729.552840 5.748588 3.150768 -0.929363 -0.282192 -0.004579 -0.059144 0.957522
1646305729.627837 5.884183 3.131108 -0.937913 -0.255252 -0.008276 -0.062147 0.964840
1646305729.652836 5.922379 3.124870 -0.942878 -0.244856 -0.007487 -0.062884 0.967489
1646305729.652836 5.922379 3.124870 -0.942878 -0.244856 -0.007487 -0.062884 0.967489
1646305729.727834 6.018715 3.121121 -0.954027 -0.211999 -0.002090 -0.046057 0.976182
1646305729.752832 6.051848 3.119971 -0.957497 -0.199875 0.002758 -0.038237 0.979071
1646305729.752832 6.051848 3.119971 -0.957497 -0.199875 0.002758 -0.038237 0.979071
1646305729.827829 6.135896 3.110385 -0.959825 -0.152568 0.026234 -0.006046 0.987926
1646305729.852829 6.165986 3.109719 -0.958402 -0.135699 0.036416 0.005427 0.990066
1646305729.852829 6.165986 3.109719 -0.958402 -0.135699 0.036416 0.005427 0.990066
1646305729.927825 6.266433 3.097050 -0.947690 -0.096136 0.051380 0.032359 0.993514
1646305729.952825 6.299088 3.092446 -0.943093 -0.085119 0.052280 0.041245 0.994143
1646305729.952825 6.299088 3.092446 -0.943093 -0.085119 0.052280 0.041245 0.994143
1646305730.027822 6.407976 3.057815 -0.939177 -0.047075 0.041266 0.050738 0.996748
1646305730.052820 6.443730 3.046311 -0.938568 -0.036834 0.036970 0.048120 0.997477
1646305730.052820 6.443730 3.046311 -0.938568 -0.036834 0.036970 0.048120 0.997477
1646305730.127818 6.549641 3.005346 -0.948716 -0.029319 0.018784 0.029972 0.998944
1646305730.152817 6.580724 2.988349 -0.952629 -0.029280 0.013869 0.021220 0.999250
1646305730.202815 6.641306 2.953411 -0.960150 -0.032256 0.007895 0.001279 0.999448
1646305730.227814 6.672302 2.951774 -0.961379 -0.035667 0.009215 -0.008950 0.999281
1646305730.252813 6.699349 2.939160 -0.962574 -0.039565 0.012980 -0.020005 0.998932
1646305730.277812 6.728784 2.926398 -0.962218 -0.043540 0.018802 -0.032097 0.998359
1646305730.302811 6.759495 2.911273 -0.961555 -0.048085 0.024856 -0.044854 0.997526
1646305730.327810 6.790498 2.902011 -0.956088 -0.052062 0.029387 -0.059013 0.996465
1646305730.352809 6.821383 2.885428 -0.953355 -0.054346 0.031344 -0.072682 0.995380
1646305730.377808 6.851330 2.866983 -0.950142 -0.055322 0.032965 -0.086447 0.994173
1646305730.402807 6.880805 2.847251 -0.948220 -0.054972 0.033345 -0.101808 0.992724
1646305730.427806 6.909341 2.823626 -0.945392 -0.054211 0.034149 -0.119259 0.990794
1646305730.452805 6.938680 2.796733 -0.945054 -0.054886 0.035031 -0.138156 0.988268
1646305730.477804 6.963487 2.765740 -0.945371 -0.056757 0.036516 -0.157906 0.985145
1646305730.502803 6.986304 2.734298 -0.946510 -0.056457 0.039109 -0.179432 0.981370
1646305730.527802 7.005451 2.697655 -0.949157 -0.054025 0.042652 -0.205203 0.976296
1646305730.552801 7.025676 2.661659 -0.950404 -0.047542 0.043124 -0.234485 0.969998
1646305730.577800 7.039449 2.625130 -0.952641 -0.040541 0.041320 -0.268132 0.961641
1646305730.602799 7.049235 2.587901 -0.955702 -0.035168 0.037385 -0.304964 0.950980
1646305730.652797 7.052329 2.510961 -0.962548 -0.032512 0.029527 -0.387998 0.920613
1646305730.677796 7.048339 2.473674 -0.964927 -0.029846 0.028128 -0.432417 0.900740
1646305730.702795 7.039911 2.438056 -0.966954 -0.026248 0.029070 -0.476617 0.878238
1646305730.727794 7.025994 2.405419 -0.967901 -0.021545 0.031994 -0.520932 0.852726
1646305730.752793 7.011344 2.374100 -0.969628 -0.015928 0.035879 -0.563634 0.825091
1646305730.802791 6.972291 2.324799 -0.968677 -0.004812 0.041345 -0.646182 0.762048
1646305730.827790 6.949122 2.307138 -0.967572 -0.001274 0.040980 -0.685249 0.727154
1646305730.852789 6.925236 2.295534 -0.963651 0.001783 0.039051 -0.722325 0.690448
1646305730.877788 6.902100 2.286327 -0.962174 0.004104 0.036064 -0.757456 0.651877
1646305730.902787 6.877473 2.283226 -0.959819 0.006006 0.031782 -0.790024 0.612222
1646305730.927786 6.853656 2.282637 -0.957410 0.007437 0.026380 -0.821138 0.570072
1646305730.952785 6.829931 2.294100 -0.954430 0.008649 0.021689 -0.850372 0.525664
1646305730.977784 6.807442 2.307781 -0.953383 0.008981 0.019820 -0.877552 0.478988
1646305731.002783 6.786290 2.325961 -0.950745 0.008412 0.020674 -0.903031 0.428995
1646305731.027782 6.768282 2.341848 -0.950103 0.005271 0.024661 -0.925309 0.378374
1646305731.052781 6.752130 2.371265 -0.948022 0.000819 0.028471 -0.944428 0.327481
1646305731.077780 6.739090 2.406208 -0.947954 -0.003379 0.031629 -0.959773 0.278968
1646305731.102779 6.729098 2.440812 -0.948260 -0.004669 0.032300 -0.972247 0.231668
1646305731.152777 6.717996 2.514604 -0.946672 0.002971 0.023029 -0.990307 0.136939
1646305731.177776 6.719143 2.559621 -0.947448 0.009068 0.016092 -0.996083 0.086475
1646305731.202775 6.723560 2.605009 -0.948567 0.014846 0.012357 -0.999269 0.033004
1646305731.252773 6.750778 2.702179 -0.947637 -0.023586 -0.013491 0.996212 0.082608
1646305731.277772 6.771388 2.755333 -0.948143 -0.025887 -0.016266 0.989603 0.140540
1646305731.302771 6.794867 2.806697 -0.949187 -0.026510 -0.018125 0.979821 0.197278
1646305731.327770 6.824681 2.860041 -0.949615 -0.027672 -0.017124 0.966828 0.253348
1646305731.352769 6.859975 2.906533 -0.949196 -0.027492 -0.014601 0.950809 0.308210
1646305731.377768 6.899536 2.951432 -0.948645 -0.028509 -0.009924 0.931774 0.361781
1646305731.402767 6.943467 2.992822 -0.950585 -0.030073 -0.004547 0.909764 0.414009
1646305731.427766 6.994549 3.034799 -0.953629 -0.033756 0.001492 0.885007 0.464350
1646305731.452765 7.047328 3.065210 -0.954100 -0.037925 0.004713 0.858742 0.510982
1646305731.477764 7.101407 3.089728 -0.954156 -0.041814 0.008319 0.830684 0.555110
1646305731.502763 7.156597 3.112502 -0.955052 -0.044063 0.011453 0.800713 0.597316
1646305731.527762 7.216016 3.128503 -0.957983 -0.044065 0.014089 0.769752 0.636665
1646305731.552761 7.271884 3.140323 -0.957513 -0.042991 0.016237 0.737592 0.673681
1646305731.577760 7.326525 3.147019 -0.954980 -0.040489 0.017846 0.704243 0.708578
1646305731.602759 7.378728 3.152456 -0.951754 -0.037735 0.019972 0.669080 0.741963
1646305731.627758 7.431890 3.150149 -0.949511 -0.034184 0.021448 0.633046 0.773061
1646305731.652757 7.482291 3.150596 -0.946082 -0.030283 0.021663 0.597127 0.801282
1646305731.677756 7.531202 3.146344 -0.941292 -0.025687 0.021359 0.561474 0.826820
1646305731.702755 7.577761 3.141421 -0.935638 -0.020642 0.020764 0.526268 0.849815
1646305731.727754 7.622533 3.135089 -0.931096 -0.016736 0.019643 0.493467 0.869382
1646305731.752753 7.665213 3.129098 -0.924312 -0.014520 0.017257 0.462338 0.886417
1646305731.777752 7.705570 3.121224 -0.917570 -0.014186 0.014002 0.433087 0.901132
1646305731.802751 7.745132 3.115041 -0.909837 -0.014656 0.011566 0.406089 0.913643
1646305731.827750 7.782892 3.115445 -0.905555 -0.015865 0.010230 0.382190 0.923891
1646305731.852749 7.819029 3.113209 -0.899016 -0.016827 0.008952 0.359788 0.932839
1646305731.877748 7.853409 3.111301 -0.893383 -0.016874 0.008541 0.338923 0.940624
1646305731.902747 7.888110 3.112519 -0.888903 -0.016383 0.009573 0.319412 0.947426
1646305731.927746 7.921014 3.119182 -0.889951 -0.015238 0.013349 0.301533 0.953240
1646305731.952745 7.954150 3.124453 -0.887713 -0.012309 0.018740 0.283653 0.958665
1646305731.977744 7.986257 3.129622 -0.887099 -0.008093 0.025447 0.267262 0.963254
1646305732.002743 8.018590 3.135932 -0.889604 -0.004662 0.030720 0.251926 0.967248
1646305732.027742 8.050622 3.144622 -0.892673 -0.003839 0.034289 0.238943 0.970420
1646305732.052737 8.081730 3.151475 -0.897754 -0.002890 0.036338 0.228111 0.972953
1646305732.077736 8.111547 3.157646 -0.905018 -0.001041 0.041140 0.220900 0.974428
1646305732.102735 8.140575 3.165337 -0.913857 0.001540 0.048247 0.215745 0.975256
1646305732.127734 8.169316 3.175768 -0.924726 0.003260 0.058759 0.211831 0.975533
1646305732.152733 8.196413 3.183601 -0.934144 0.004143 0.069612 0.207237 0.975802
1646305732.177732 8.222100 3.189082 -0.943309 0.004766 0.081503 0.202348 0.975905
1646305732.202731 8.246963 3.195223 -0.951936 0.005192 0.093100 0.197079 0.975943
1646305732.227730 8.271255 3.199602 -0.959654 0.003232 0.104746 0.192877 0.975611
1646305732.252729 8.294541 3.205127 -0.965047 0.000743 0.115089 0.188913 0.975226
1646305732.277728 8.317880 3.207798 -0.968856 -0.001815 0.124688 0.186208 0.974565
1646305732.302727 8.340445 3.212649 -0.970159 -0.005685 0.133206 0.184549 0.973738
1646305732.327726 8.362124 3.218839 -0.971283 -0.010387 0.140697 0.185041 0.972552
1646305732.352725 8.384803 3.224612 -0.967815 -0.015142 0.145920 0.186405 0.971458
1646305732.377724 8.407512 3.229486 -0.961425 -0.020209 0.148769 0.189472 0.970340
1646305732.402723 8.429919 3.235766 -0.951448 -0.026109 0.150408 0.193185 0.969214
1646305732.427722 8.454195 3.244725 -0.938989 -0.032738 0.149534 0.199309 0.967907
1646305732.452721 8.476812 3.253075 -0.924863 -0.039394 0.147136 0.206218 0.966578
1646305732.502719 8.519358 3.269374 -0.890093 -0.046762 0.138478 0.221588 0.964124
1646305732.527718 8.539658 3.276197 -0.870982 -0.048436 0.132646 0.227384 0.963512
1646305732.552717 8.558671 3.285308 -0.850902 -0.048544 0.126444 0.231906 0.963263
1646305732.577716 8.577054 3.295084 -0.829189 -0.046413 0.120967 0.234981 0.963326
1646305732.602715 8.594078 3.304196 -0.806576 -0.044632 0.115071 0.237360 0.963549
1646305732.627714 8.608671 3.310217 -0.783954 -0.044745 0.108120 0.240113 0.963667
1646305732.652713 8.623900 3.318477 -0.760069 -0.044005 0.101206 0.241461 0.964115
1646305732.677712 8.639146 3.327729 -0.736286 -0.041204 0.094377 0.241957 0.964807
1646305732.702711 8.651469 3.334328 -0.712826 -0.037813 0.088303 0.243883 0.965036
1646305732.727710 8.662008 3.340184 -0.688510 -0.033330 0.082568 0.244593 0.965529
1646305732.727710 8.662008 3.340184 -0.688510 -0.033330 0.082568 0.244593 0.965529
1646305732.777709 8.691555 3.369895 -0.637002 -0.023604 0.073662 0.245251 0.966369
1646305732.802707 8.701027 3.378205 -0.614104 -0.020189 0.070697 0.245384 0.966634
1646305732.827706 8.709477 3.380634 -0.594431 -0.019125 0.069858 0.245701 0.966636
1646305732.827706 8.709477 3.380634 -0.594431 -0.019125 0.069858 0.245701 0.966636
1646305732.877704 8.724478 3.391463 -0.541401 -0.018094 0.074394 0.241786 0.967304
1646305732.902704 8.729440 3.395976 -0.520156 -0.017766 0.077324 0.238397 0.967922
1646305732.927703 8.734400 3.396663 -0.500228 -0.021854 0.082199 0.238018 0.967529
1646305732.927703 8.734400 3.396663 -0.500228 -0.021854 0.082199 0.238018 0.967529
1646305732.977700 8.743815 3.405038 -0.448122 -0.031945 0.094184 0.232705 0.967449
1646305733.002700 8.746151 3.407815 -0.422855 -0.035457 0.100040 0.228964 0.967631
1646305733.027699 8.751025 3.409142 -0.398175 -0.038061 0.103979 0.227496 0.967463
1646305733.027699 8.751025 3.409142 -0.398175 -0.038061 0.103979 0.227496 0.967463
1646305733.077697 8.760386 3.417756 -0.342361 -0.038938 0.106925 0.223255 0.968095
1646305733.102695 8.761131 3.421356 -0.316400 -0.037881 0.105860 0.220837 0.968808
1646305733.127695 8.766624 3.424800 -0.292168 -0.037463 0.103245 0.220480 0.969188
1646305733.127695 8.766624 3.424800 -0.292168 -0.037463 0.103245 0.220480 0.969188
1646305733.177693 8.776232 3.432515 -0.236786 -0.036302 0.098878 0.217402 0.970382
1646305733.202692 8.781839 3.437911 -0.216887 -0.033050 0.097359 0.215296 0.971121
1646305733.227691 8.785777 3.441936 -0.198103 -0.029715 0.096187 0.214843 0.971446
1646305733.227691 8.785777 3.441936 -0.198103 -0.029715 0.096187 0.214843 0.971446
1646305733.277689 8.794175 3.450459 -0.154291 -0.024223 0.092416 0.209351 0.973162
1646305733.302688 8.798131 3.455661 -0.140895 -0.021045 0.090250 0.204332 0.974505
1646305733.327687 8.803180 3.460112 -0.127179 -0.017634 0.087284 0.198852 0.975976
1646305733.327687 8.803180 3.460112 -0.127179 -0.017634 0.087284 0.198852 0.975976
1646305733.377685 8.809321 3.469384 -0.095192 -0.006895 0.081291 0.186620 0.979039
1646305733.402683 8.813179 3.474696 -0.088060 -0.002484 0.079840 0.181627 0.980118
1646305733.427683 8.816196 3.478032 -0.078428 0.000388 0.077079 0.177385 0.981118
1646305733.427683 8.816196 3.478032 -0.078428 0.000388 0.077079 0.177385 0.981118
1646305733.477681 8.824379 3.485814 -0.058394 0.003512 0.064670 0.170395 0.983245
1646305733.502680 8.828153 3.489226 -0.053442 0.003234 0.061739 0.168035 0.983840
1646305733.527679 8.832630 3.490152 -0.047474 0.003145 0.055848 0.166239 0.984498
1646305733.527679 8.832630 3.490152 -0.047474 0.003145 0.055848 0.166239 0.984498
1646305733.577677 8.839992 3.497694 -0.034585 0.002520 0.043109 0.163433 0.985609
1646305733.602676 8.838673 3.499317 -0.031378 0.000624 0.041993 0.162050 0.985888
1646305733.627675 8.841373 3.497477 -0.028365 -0.000232 0.038962 0.160210 0.986314
1646305733.627675 8.841373 3.497477 -0.028365 -0.000232 0.038962 0.160210 0.986314
1646305733.677673 8.848327 3.503676 -0.020856 -0.000472 0.030790 0.153185 0.987718
1646305733.702672 8.847794 3.504300 -0.018832 -0.000886 0.029788 0.150989 0.988086
1646305733.727671 8.850940 3.501236 -0.017344 0.000345 0.027060 0.148964 0.988472
1646305733.727671 8.850940 3.501236 -0.017344 0.000345 0.027060 0.148964 0.988472
1646305733.777669 8.854176 3.505503 -0.012725 0.003576 0.021661 0.146888 0.988909
1646305733.802668 8.850683 3.506298 -0.011740 0.004388 0.021371 0.146690 0.988942
1646305733.827667 8.851768 3.503837 -0.010607 0.005954 0.021046 0.146902 0.988909
1646305733.827667 8.851768 3.503837 -0.010607 0.005954 0.021046 0.146902 0.988909
1646305733.877665 8.854319 3.505547 -0.005652 0.006215 0.021400 0.147410 0.988824
1646305733.902664 8.850971 3.505817 -0.004489 0.006120 0.021183 0.147696 0.988787
1646305733.927663 8.852387 3.503070 -0.003225 0.006243 0.021200 0.147997 0.988741
1646305733.927663 8.852387 3.503070 -0.003225 0.006243 0.021200 0.147997 0.988741
1646305733.977661 8.853883 3.505846 0.000675 0.005754 0.018306 0.147549 0.988869
1646305734.002660 8.851838 3.506617 0.002399 0.005197 0.017205 0.146972 0.988977
1646305734.027659 8.853784 3.504774 0.004231 0.005474 0.015368 0.146139 0.989129
1646305734.027659 8.853784 3.504774 0.004231 0.005474 0.015368 0.146139 0.989129
1646305734.077657 8.855320 3.506035 0.008898 0.006164 0.008938 0.143496 0.989591
1646305734.102656 8.853542 3.505894 0.010002 0.005301 0.008414 0.142604 0.989730
1646305734.127655 8.854661 3.503480 0.010749 0.004758 0.006996 0.141888 0.989847
1646305734.127655 8.854661 3.503480 0.010749 0.004758 0.006996 0.141888 0.989847
1646305734.177653 8.858198 3.502643 0.014941 0.003987 0.004813 0.141863 0.989867
1646305734.202652 8.857057 3.502935 0.016050 0.003760 0.004574 0.142302 0.989806
1646305734.227651 8.858137 3.502524 0.016868 0.003533 0.004001 0.143483 0.989638
1646305734.227651 8.858137 3.502524 0.016868 0.003533 0.004001 0.143483 0.989638
1646305734.277649 8.860509 3.503793 0.019767 0.005004 0.003376 0.147150 0.989096
1646305734.302648 8.858879 3.504829 0.020460 0.005932 0.003200 0.148867 0.988834
1646305734.327647 8.859653 3.504138 0.021244 0.006176 0.002969 0.150630 0.988566
1646305734.327647 8.859653 3.504138 0.021244 0.006176 0.002969 0.150630 0.988566
1646305734.377645 8.861953 3.506998 0.023800 0.007364 0.003658 0.153290 0.988147
1646305734.402644 8.860789 3.508061 0.024132 0.007301 0.003688 0.154296 0.987991
1646305734.427643 8.862013 3.507281 0.024983 0.006661 0.003417 0.155087 0.987872
1646305734.427643 8.862013 3.507281 0.024983 0.006661 0.003417 0.155087 0.987872
1646305734.477641 8.864998 3.509143 0.026611 0.006652 0.001645 0.155508 0.987811
1646305734.502640 8.864189 3.509738 0.026732 0.006624 0.001236 0.155572 0.987802
1646305734.527639 8.864561 3.509411 0.027324 0.006575 0.000131 0.155489 0.987816
1646305734.527639 8.864561 3.509411 0.027324 0.006575 0.000131 0.155489 0.987816
1646305734.577637 8.868293 3.512010 0.028437 0.007967 -0.001302 0.155045 0.987874
1646305734.602636 8.865952 3.512572 0.028399 0.008288 -0.001399 0.155026 0.987875
1646305734.627635 8.865418 3.511669 0.028444 0.008152 -0.001481 0.155068 0.987869
1646305734.627635 8.865418 3.511669 0.028444 0.008152 -0.001481 0.155068 0.987869
1646305734.677633 8.867673 3.514642 0.029074 0.008535 -0.000528 0.154883 0.987896
1646305734.702632 8.864379 3.515042 0.029259 0.008704 -0.000732 0.155021 0.987873
1646305734.727631 8.863509 3.513572 0.029968 0.008410 -0.001042 0.155083 0.987865
1646305734.727631 8.863509 3.513572 0.029968 0.008410 -0.001042 0.155083 0.987865
1646305734.777629 8.864395 3.515599 0.032201 0.009125 -0.001789 0.154593 0.987934
1646305734.802628 8.861209 3.515944 0.032595 0.009207 -0.002147 0.154532 0.987943
1646305734.827627 8.860325 3.514870 0.033373 0.009143 -0.003019 0.154312 0.987975
1646305734.827627 8.860325 3.514870 0.033373 0.009143 -0.003019 0.154312 0.987975
1646305734.877625 8.860885 3.516254 0.036357 0.010436 -0.005000 0.153463 0.988087
1646305734.902624 8.858715 3.517057 0.036502 0.010657 -0.005080 0.153614 0.988060
1646305734.927623 8.858875 3.515676 0.036926 0.010794 -0.005413 0.153529 0.988070
1646305734.927623 8.858875 3.515676 0.036926 0.010794 -0.005413 0.153529 0.988070
1646305734.977621 8.859880 3.516710 0.038195 0.010653 -0.005344 0.153319 0.988105
1646305735.002620 8.858167 3.517391 0.037975 0.010678 -0.005351 0.153636 0.988055
1646305735.027619 8.859318 3.515450 0.038022 0.010498 -0.005060 0.153555 0.988071
1646305735.027619 8.859318 3.515450 0.038022 0.010498 -0.005060 0.153555 0.988071
1646305735.077617 8.861899 3.515571 0.038804 0.010166 -0.004266 0.153233 0.988129
1646305735.102616 8.860588 3.515864 0.038623 0.010469 -0.004428 0.153341 0.988108
1646305735.127615 8.861119 3.515096 0.039060 0.010420 -0.004214 0.153247 0.988124
1646305735.127615 8.861119 3.515096 0.039060 0.010420 -0.004214 0.153247 0.988124
1646305735.177613 8.863326 3.515689 0.039240 0.010209 -0.002872 0.152922 0.988181
1646305735.202612 8.861273 3.515604 0.039009 0.010397 -0.003150 0.153094 0.988152
1646305735.227611 8.860860 3.514464 0.039566 0.010267 -0.003480 0.153210 0.988134
1646305735.227611 8.860860 3.514464 0.039566 0.010267 -0.003480 0.153210 0.988134
1646305735.277609 8.862854 3.515992 0.040529 0.010516 -0.005092 0.153478 0.988083
1646305735.302608 8.861880 3.516812 0.040687 0.010498 -0.005377 0.153743 0.988040
1646305735.327607 8.862273 3.516204 0.041133 0.010440 -0.006066 0.153667 0.988049
1646305735.327607 8.862273 3.516204 0.041133 0.010440 -0.006066 0.153667 0.988049
1646305735.377605 8.863154 3.517693 0.042213 0.010864 -0.006658 0.153490 0.988068
1646305735.402604 8.861286 3.518336 0.042147 0.010712 -0.006556 0.153501 0.988069
1646305735.427603 8.861731 3.517330 0.042465 0.009811 -0.006445 0.153180 0.988129
1646305735.427603 8.861731 3.517330 0.042465 0.009811 -0.006445 0.153180 0.988129
1646305735.477601 8.863958 3.518214 0.043575 0.009868 -0.005233 0.152956 0.988170
1646305735.502600 8.861433 3.518346 0.043527 0.009844 -0.004966 0.153301 0.988118
1646305735.527599 8.861495 3.516610 0.044126 0.009011 -0.004320 0.153723 0.988063
1646305735.527599 8.861495 3.516610 0.044126 0.009011 -0.004320 0.153723 0.988063
1646305735.577597 8.862644 3.516939 0.045023 0.008559 -0.001821 0.153945 0.988041
1646305735.602596 8.861337 3.517205 0.045184 0.008401 -0.001629 0.154095 0.988019
1646305735.627595 8.861218 3.515352 0.045270 0.007661 -0.001036 0.154055 0.988032
1646305735.627595 8.861218 3.515352 0.045270 0.007661 -0.001036 0.154055 0.988032
1646305735.677593 8.862480 3.515764 0.045578 0.007265 -0.000457 0.153559 0.988113
1646305735.702592 8.861279 3.515872 0.045423 0.006917 -0.000196 0.153695 0.988094
1646305735.727591 8.861590 3.514622 0.045344 0.006035 0.000028 0.153743 0.988092
1646305735.727591 8.861590 3.514622 0.045344 0.006035 0.000028 0.153743 0.988092
1646305735.777589 8.862666 3.515138 0.044850 0.004997 0.001045 0.153692 0.988106
1646305735.802588 8.861453 3.515451 0.044941 0.004259 0.001138 0.153517 0.988136
1646305735.827587 8.862134 3.513680 0.045045 0.002724 0.001198 0.153070 0.988211
1646305735.827587 8.862134 3.513680 0.045045 0.002724 0.001198 0.153070 0.988211
1646305735.877585 8.861526 3.511809 0.046368 -0.001511 0.002929 0.151891 0.988392
1646305735.902584 8.859626 3.511029 0.046755 -0.002953 0.002743 0.151748 0.988411
1646305735.927583 8.859655 3.509433 0.046124 -0.003036 0.003485 0.151474 0.988450
1646305735.927583 8.859655 3.509433 0.046124 -0.003036 0.003485 0.151474 0.988450
1646305735.977582 8.859873 3.510613 0.046552 -0.002716 0.003333 0.151169 0.988499
1646305736.002580 8.858474 3.511147 0.046630 -0.002733 0.003385 0.151546 0.988441
1646305736.027580 8.858491 3.509770 0.046204 -0.003051 0.003562 0.151772 0.988404
1646305736.027580 8.858491 3.509770 0.046204 -0.003051 0.003562 0.151772 0.988404
1646305736.077569 8.859048 3.511071 0.046149 -0.002674 0.003584 0.151920 0.988383
1646305736.102568 8.857605 3.511674 0.046194 -0.002706 0.003600 0.152263 0.988330
1646305736.127567 8.857772 3.511129 0.046009 -0.003097 0.003623 0.152768 0.988251
1646305736.127567 8.857772 3.511129 0.046009 -0.003097 0.003623 0.152768 0.988251
1646305736.177565 8.858336 3.512441 0.046117 -0.002756 0.003636 0.153145 0.988193
1646305736.202564 8.857024 3.512982 0.046185 -0.002806 0.003631 0.153496 0.988139
1646305736.227563 8.857752 3.511870 0.045868 -0.003123 0.003661 0.153497 0.988137
1646305736.227563 8.857752 3.511870 0.045868 -0.003123 0.003661 0.153497 0.988137
1646305736.277561 8.858948 3.513162 0.046215 -0.002694 0.003589 0.153345 0.988163
1646305736.302560 8.857739 3.513748 0.046248 -0.002719 0.003637 0.153516 0.988136
1646305736.327559 8.858292 3.512294 0.046037 -0.003116 0.003611 0.153488 0.988139
1646305736.327559 8.858292 3.512294 0.046037 -0.003116 0.003611 0.153488 0.988139
1646305736.377557 8.859765 3.513546 0.046275 -0.002652 0.003540 0.153496 0.988139
1646305736.402556 8.858221 3.513969 0.046257 -0.002704 0.003639 0.153639 0.988117
1646305736.427555 8.858762 3.512653 0.046019 -0.003094 0.003535 0.153620 0.988119
1646305736.427555 8.858762 3.512653 0.046019 -0.003094 0.003535 0.153620 0.988119
1646305736.477553 8.860235 3.513513 0.046291 -0.002670 0.003518 0.153532 0.988134
1646305736.502553 8.858645 3.513777 0.046277 -0.002735 0.003606 0.153632 0.988118
1646305736.527551 8.858977 3.512707 0.045940 -0.003114 0.003588 0.153594 0.988123
1646305736.527551 8.858977 3.512707 0.045940 -0.003114 0.003588 0.153594 0.988123
1646305736.577549 8.860575 3.513168 0.046335 -0.002667 0.003490 0.153441 0.988148
1646305736.602548 8.859048 3.513333 0.046329 -0.002730 0.003611 0.153643 0.988116
1646305736.627548 8.859190 3.512814 0.046017 -0.003105 0.003566 0.153728 0.988102
1646305736.627548 8.859190 3.512814 0.046017 -0.003105 0.003566 0.153728 0.988102
1646305736.677546 8.859897 3.513878 0.046102 -0.002629 0.003505 0.153580 0.988127
1646305736.702544 8.858295 3.514193 0.046114 -0.002696 0.003621 0.153778 0.988095
1646305736.727544 8.858477 3.513632 0.045891 -0.003138 0.003562 0.153900 0.988075
1646305736.727544 8.858477 3.513632 0.045891 -0.003138 0.003562 0.153900 0.988075
1646305736.777542 8.860082 3.514462 0.046369 -0.002700 0.003397 0.153886 0.988079
1646305736.802541 8.858366 3.514632 0.046351 -0.002779 0.003587 0.154158 0.988036
1646305736.827539 8.858675 3.513651 0.046132 -0.003165 0.003577 0.154160 0.988034
1646305736.827539 8.858675 3.513651 0.046132 -0.003165 0.003577 0.154160 0.988034
1646305736.877538 8.859712 3.514774 0.046450 -0.002606 0.003369 0.154023 0.988058
1646305736.902537 8.858055 3.515068 0.046438 -0.002723 0.003580 0.154188 0.988031
1646305736.927536 8.858132 3.513912 0.046196 -0.003145 0.003541 0.154203 0.988028
1646305736.927536 8.858132 3.513912 0.046196 -0.003145 0.003541 0.154203 0.988028
1646305736.977534 8.859043 3.515044 0.046542 -0.002667 0.003474 0.154880 0.987924
1646305737.002533 8.857224 3.515652 0.046535 -0.002663 0.003643 0.155445 0.987834
1646305737.027532 8.856835 3.514403 0.046127 -0.003004 0.003744 0.156221 0.987710
1646305737.027532 8.856835 3.514403 0.046127 -0.003004 0.003744 0.156221 0.987710
1646305737.077530 8.857722 3.515385 0.046661 -0.002597 0.003488 0.156287 0.987702
1646305737.102529 8.856266 3.515710 0.046614 -0.002671 0.003703 0.156413 0.987681
1646305737.127528 8.856708 3.514627 0.046219 -0.003052 0.003690 0.156375 0.987686
1646305737.127528 8.856708 3.514627 0.046219 -0.003052 0.003690 0.156375 0.987686
1646305737.177526 8.858342 3.515859 0.046183 -0.002668 0.003609 0.156340 0.987693
1646305737.202525 8.856695 3.516133 0.046103 -0.002683 0.003750 0.156374 0.987687
1646305737.227524 8.856946 3.514952 0.045801 -0.003075 0.003697 0.156307 0.987697
1646305737.227524 8.856946 3.514952 0.045801 -0.003075 0.003697 0.156307 0.987697
1646305737.277522 8.858665 3.516005 0.046002 -0.002730 0.003667 0.156283 0.987702
1646305737.302521 8.856815 3.516222 0.045993 -0.002717 0.003743 0.156294 0.987700
1646305737.352519 8.856850 3.514545 0.045755 -0.003045 0.003711 0.156284 0.987701
1646305737.377518 8.856970 3.513819 0.046287 -0.002801 0.003891 0.156159 0.987720
1646305737.402517 8.857986 3.513248 0.046544 -0.002799 0.003683 0.156137 0.987725
1646305737.427516 8.858305 3.512834 0.046260 -0.003061 0.003748 0.156168 0.987719
1646305737.427516 8.858305 3.512834 0.046260 -0.003061 0.003748 0.156168 0.987719
1646305737.477514 8.859749 3.515367 0.046296 -0.002742 0.003665 0.156127 0.987726
1646305737.502513 8.857759 3.515628 0.046269 -0.002734 0.003734 0.156128 0.987726
1646305737.527512 8.857735 3.514523 0.046077 -0.003062 0.003700 0.156177 0.987717
1646305737.527512 8.857735 3.514523 0.046077 -0.003062 0.003700 0.156177 0.987717
1646305737.577510 8.858913 3.516967 0.046496 -0.002700 0.003574 0.156187 0.987717
1646305737.602509 8.856772 3.517401 0.046445 -0.002750 0.003713 0.156188 0.987717
1646305737.627508 8.857214 3.515824 0.046175 -0.003092 0.003664 0.156032 0.987740
1646305737.627508 8.857214 3.515824 0.046175 -0.003092 0.003664 0.156032 0.987740
1646305737.677506 8.859622 3.516425 0.046507 -0.002713 0.003495 0.155554 0.987818
1646305737.702505 8.857836 3.516570 0.046459 -0.002760 0.003670 0.155717 0.987791
1646305737.727504 8.858167 3.514973 0.046188 -0.003097 0.003644 0.155703 0.987792
1646305737.727504 8.858167 3.514973 0.046188 -0.003097 0.003644 0.155703 0.987792
1646305737.777502 8.859867 3.515303 0.046766 -0.002601 0.003495 0.155524 0.987822
1646305737.802501 8.858230 3.515348 0.046729 -0.002686 0.003702 0.155642 0.987803
1646305737.827500 8.858158 3.514163 0.046500 -0.003073 0.003650 0.155650 0.987801
1646305737.827500 8.858158 3.514163 0.046500 -0.003073 0.003650 0.155650 0.987801
1646305737.877498 8.860200 3.515236 0.046704 -0.002592 0.003483 0.155491 0.987828
1646305737.902497 8.858373 3.515208 0.046644 -0.002656 0.003750 0.155652 0.987801
1646305737.927496 8.858459 3.514565 0.046459 -0.003068 0.003681 0.155702 0.987792
1646305737.927496 8.858459 3.514565 0.046459 -0.003068 0.003681 0.155702 0.987792
1646305737.977494 8.860346 3.515466 0.046586 -0.002711 0.003586 0.155523 0.987822
1646305738.002493 8.858385 3.515440 0.046522 -0.002705 0.003771 0.155659 0.987800
1646305738.027492 8.858135 3.514606 0.046381 -0.003044 0.003758 0.155691 0.987794
1646305738.027492 8.858135 3.514606 0.046381 -0.003044 0.003758 0.155691 0.987794
1646305738.077490 8.859682 3.515081 0.046957 -0.002733 0.003639 0.155535 0.987820
1646305738.102489 8.857864 3.515096 0.046928 -0.002751 0.003794 0.155656 0.987800
1646305738.127488 8.857934 3.514336 0.046848 -0.003014 0.003758 0.155684 0.987795
1646305738.127488 8.857934 3.514336 0.046848 -0.003014 0.003758 0.155684 0.987795
1646305738.177486 8.860240 3.514892 0.047389 -0.002672 0.003539 0.155537 0.987820
1646305738.202485 8.858577 3.514863 0.047317 -0.002653 0.003745 0.155657 0.987801
1646305738.227484 8.858256 3.514275 0.047072 -0.003004 0.003791 0.155662 0.987799
1646305738.227484 8.858256 3.514275 0.047072 -0.003004 0.003791 0.155662 0.987799
1646305738.277483 8.860493 3.514332 0.047209 -0.002689 0.003593 0.155659 0.987801
1646305738.302482 8.859002 3.514347 0.047160 -0.002713 0.003763 0.155650 0.987801
1646305738.327481 8.858841 3.514148 0.047017 -0.003011 0.003736 0.155624 0.987805
1646305738.327481 8.858841 3.514148 0.047017 -0.003011 0.003736 0.155624 0.987805
1646305738.377479 8.861371 3.517018 0.047139 -0.002719 0.003695 0.155671 0.987798
1646305738.402478 8.859621 3.517274 0.047050 -0.002692 0.003745 0.155711 0.987792
1646305738.427477 8.859340 3.515853 0.046694 -0.003033 0.003774 0.155635 0.987803
1646305738.427477 8.859340 3.515853 0.046694 -0.003033 0.003774 0.155635 0.987803
1646305738.477475 8.862050 3.516138 0.046794 -0.002694 0.003633 0.155613 0.987808
1646305738.502474 8.860820 3.516039 0.046688 -0.002690 0.003830 0.155731 0.987788
1646305738.527473 8.860260 3.514909 0.046410 -0.003032 0.003796 0.155619 0.987805
1646305738.527473 8.860260 3.514909 0.046410 -0.003032 0.003796 0.155619 0.987805
1646305738.577471 8.862352 3.515598 0.046620 -0.002676 0.003671 0.155608 0.987808
1646305738.602470 8.861202 3.515475 0.046546 -0.002634 0.003847 0.155690 0.987795
1646305738.627469 8.860561 3.514421 0.046343 -0.003033 0.003756 0.155612 0.987806
1646305738.627469 8.860561 3.514421 0.046343 -0.003033 0.003756 0.155612 0.987806
1646305738.677467 8.861601 3.515372 0.046646 -0.002771 0.003777 0.155641 0.987803
1646305738.702466 8.860583 3.515465 0.046573 -0.002685 0.003858 0.155670 0.987798
1646305738.727465 8.859272 3.514586 0.046117 -0.003033 0.003812 0.155465 0.987829
1646305738.727465 8.859272 3.514586 0.046117 -0.003033 0.003812 0.155465 0.987829
1646305738.777463 8.861430 3.514787 0.046648 -0.002735 0.003703 0.155563 0.987815
1646305738.802462 8.861597 3.514978 0.046710 -0.002799 0.003961 0.155684 0.987795
1646305738.827461 8.859998 3.514210 0.046539 -0.003009 0.003783 0.155503 0.987824
1646305738.827461 8.859998 3.514210 0.046539 -0.003009 0.003783 0.155503 0.987824
1646305738.877459 8.861530 3.515194 0.046847 -0.002752 0.003720 0.155631 0.987804
1646305738.902458 8.861254 3.515471 0.046837 -0.002793 0.003926 0.155688 0.987795
1646305738.927457 8.859685 3.514486 0.046527 -0.003018 0.003750 0.155526 0.987820
1646305738.927457 8.859685 3.514486 0.046527 -0.003018 0.003750 0.155526 0.987820
1646305738.977455 8.861188 3.515129 0.046748 -0.002792 0.003730 0.155650 0.987801
1646305739.002454 8.860451 3.515262 0.046679 -0.002799 0.003935 0.155655 0.987800
1646305739.027453 8.859306 3.514403 0.046409 -0.003022 0.003814 0.155517 0.987821
1646305739.027453 8.859306 3.514403 0.046409 -0.003022 0.003814 0.155517 0.987821
1646305739.077449 8.860991 3.514692 0.046829 -0.002692 0.003689 0.155606 0.987809
1646305739.102448 8.863411 3.514221 0.047512 -0.002712 0.003923 0.155606 0.987808
1646305739.152446 8.862269 3.513793 0.047248 -0.002951 0.003782 0.155468 0.987829
1646305739.177445 8.862171 3.513138 0.047540 -0.002680 0.003597 0.155594 0.987811
1646305739.202444 8.861519 3.511987 0.047817 -0.002792 0.003718 0.155545 0.987818
1646305739.227443 8.860330 3.512411 0.047181 -0.002987 0.003816 0.155504 0.987823
1646305739.227443 8.860330 3.512411 0.047181 -0.002987 0.003816 0.155504 0.987823
1646305739.277441 8.860902 3.513307 0.046989 -0.002678 0.003648 0.155617 0.987807
1646305739.302440 8.858461 3.512628 0.046600 -0.002748 0.003858 0.155550 0.987817
1646305739.327439 8.857466 3.513111 0.046328 -0.003009 0.003781 0.155541 0.987818
1646305739.327439 8.857466 3.513111 0.046328 -0.003009 0.003781 0.155541 0.987818
1646305739.377437 8.859546 3.514206 0.046594 -0.002713 0.003678 0.155598 0.987810
1646305739.402436 8.857904 3.513736 0.046475 -0.002749 0.003867 0.155580 0.987812
1646305739.452434 8.857084 3.514124 0.046096 -0.003039 0.003761 0.155543 0.987817
1646305739.477433 8.857093 3.514072 0.046553 -0.002690 0.003629 0.155525 0.987822
1646305739.502432 8.858636 3.513242 0.047163 -0.002783 0.003735 0.155560 0.987816
1646305739.527431 8.858283 3.513458 0.046805 -0.003011 0.003805 0.155539 0.987818
1646305739.527431 8.858283 3.513458 0.046805 -0.003011 0.003805 0.155539 0.987818
1646305739.577429 8.860683 3.514419 0.046766 -0.002756 0.003700 0.155610 0.987808
1646305739.602428 8.859650 3.513750 0.046642 -0.002764 0.003876 0.155543 0.987818
1646305739.627427 8.859184 3.513730 0.046453 -0.003016 0.003774 0.155534 0.987819
1646305739.627427 8.859184 3.513730 0.046453 -0.003016 0.003774 0.155534 0.987819
1646305739.677425 8.861373 3.514975 0.046711 -0.002725 0.003704 0.155642 0.987803
1646305739.702424 8.860365 3.514659 0.046606 -0.002698 0.003902 0.155545 0.987817
1646305739.727423 8.859872 3.514370 0.046402 -0.003008 0.003796 0.155491 0.987825
1646305739.727423 8.859872 3.514370 0.046402 -0.003008 0.003796 0.155491 0.987825
1646305739.777421 8.861014 3.515374 0.046526 -0.002714 0.003697 0.155656 0.987801
1646305739.802420 8.860477 3.514947 0.046529 -0.002665 0.003948 0.155559 0.987815
1646305739.827419 8.859882 3.514490 0.046337 -0.002996 0.003781 0.155490 0.987826
1646305739.827419 8.859882 3.514490 0.046337 -0.002996 0.003781 0.155490 0.987826
1646305739.877417 8.861030 3.514966 0.046569 -0.002711 0.003699 0.155627 0.987805
1646305739.902416 8.860058 3.514648 0.046610 -0.002670 0.003935 0.155563 0.987815
1646305739.952414 8.859000 3.514372 0.046377 -0.003001 0.003829 0.155520 0.987821
1646305739.977413 8.858808 3.513880 0.046794 -0.002713 0.003689 0.155573 0.987814
1646305740.002412 8.859014 3.513186 0.047384 -0.002794 0.003737 0.155565 0.987815
1646305740.027411 8.858309 3.513333 0.046986 -0.002991 0.003747 0.155528 0.987820
1646305740.027411 8.858309 3.513333 0.046986 -0.002991 0.003747 0.155528 0.987820
1646305740.077410 8.860023 3.513931 0.046960 -0.002715 0.003676 0.155607 0.987808
1646305740.102408 8.859134 3.513686 0.046918 -0.002660 0.003919 0.155538 0.987819
1646305740.127407 8.858836 3.513621 0.046685 -0.003002 0.003796 0.155526 0.987820
1646305740.127407 8.858836 3.513621 0.046685 -0.003002 0.003796 0.155526 0.987820
1646305740.177406 8.860215 3.513995 0.046578 -0.002691 0.003679 0.155649 0.987802
1646305740.202404 8.858876 3.513833 0.046457 -0.002702 0.003905 0.155552 0.987816
1646305740.227403 8.858431 3.513845 0.046253 -0.003024 0.003777 0.155534 0.987819
1646305740.227403 8.858431 3.513845 0.046253 -0.003024 0.003777 0.155534 0.987819
1646305740.277401 8.859478 3.514163 0.046595 -0.002698 0.003695 0.155616 0.987807
1646305740.302401 8.858463 3.513289 0.046448 -0.002719 0.003897 0.155569 0.987814
1646305740.327399 8.858231 3.513487 0.046321 -0.003008 0.003776 0.155546 0.987817
1646305740.327399 8.858231 3.513487 0.046321 -0.003008 0.003776 0.155546 0.987817
1646305740.377398 8.859265 3.514483 0.046682 -0.002745 0.003710 0.155636 0.987804
1646305740.402396 8.858873 3.514894 0.046454 -0.002716 0.003886 0.155704 0.987792
1646305740.427396 8.858578 3.514537 0.046257 -0.003029 0.003780 0.155552 0.987816
1646305740.427396 8.858578 3.514537 0.046257 -0.003029 0.003780 0.155552 0.987816
1646305740.477394 8.859669 3.514610 0.046766 -0.002725 0.003681 0.155625 0.987806
1646305740.502393 8.859171 3.514762 0.046703 -0.002668 0.003902 0.155671 0.987798
1646305740.527392 8.858841 3.514466 0.046534 -0.003014 0.003810 0.155520 0.987821
1646305740.527392 8.858841 3.514466 0.046534 -0.003014 0.003810 0.155520 0.987821
1646305740.577390 8.860128 3.514602 0.046578 -0.002708 0.003696 0.155590 0.987811
1646305740.602389 8.860004 3.514741 0.046514 -0.002659 0.003925 0.155671 0.987798
1646305740.627388 8.859627 3.514501 0.046344 -0.003008 0.003804 0.155509 0.987823
1646305740.627388 8.859627 3.514501 0.046344 -0.003008 0.003804 0.155509 0.987823
1646305740.677386 8.860830 3.515007 0.046732 -0.002718 0.003674 0.155639 0.987803
1646305740.702385 8.860681 3.515421 0.046609 -0.002671 0.003890 0.155656 0.987800
1646305740.727384 8.860169 3.514786 0.046401 -0.003015 0.003813 0.155490 0.987825
1646305740.727384 8.860169 3.514786 0.046401 -0.003015 0.003813 0.155490 0.987825
1646305740.777382 8.862099 3.515012 0.046855 -0.002733 0.003706 0.155661 0.987800
1646305740.802381 8.862776 3.515025 0.046899 -0.002683 0.003884 0.155693 0.987794
1646305740.827380 8.862049 3.514541 0.046686 -0.003008 0.003823 0.155462 0.987830
1646305740.827380 8.862049 3.514541 0.046686 -0.003008 0.003823 0.155462 0.987830
1646305740.877378 8.861975 3.515723 0.046841 -0.002722 0.003687 0.155693 0.987795
1646305740.902377 8.859597 3.515872 0.046100 -0.002750 0.003849 0.155709 0.987792
1646305740.927376 8.858889 3.515113 0.045875 -0.003034 0.003789 0.155515 0.987822
1646305740.927376 8.858889 3.515113 0.045875 -0.003034 0.003789 0.155515 0.987822
1646305740.977374 8.860564 3.515610 0.046522 -0.002744 0.003724 0.155631 0.987804
1646305741.002373 8.859388 3.515663 0.046207 -0.002761 0.003820 0.155696 0.987794
1646305741.027372 8.858715 3.514725 0.046021 -0.003029 0.003797 0.155544 0.987817
1646305741.027372 8.858715 3.514725 0.046021 -0.003029 0.003797 0.155544 0.987817
1646305741.077370 8.861046 3.515751 0.046646 -0.002722 0.003697 0.155634 0.987804
1646305741.102369 8.859563 3.515853 0.046263 -0.002767 0.003824 0.155723 0.987789
1646305741.127368 8.859068 3.515159 0.046113 -0.003009 0.003755 0.155525 0.987820
1646305741.127368 8.859068 3.515159 0.046113 -0.003009 0.003755 0.155525 0.987820
1646305741.177366 8.861103 3.516459 0.046541 -0.002728 0.003712 0.155651 0.987801
1646305741.202365 8.859736 3.516602 0.046163 -0.002774 0.003819 0.155705 0.987792
1646305741.227364 8.853739 3.541959 0.034516 -0.012945 0.001675 0.154078 0.987972
1646305741.227364 8.853739 3.541959 0.034516 -0.012945 0.001675 0.154078 0.987972
1646305741.277362 8.860427 3.478330 0.074518 0.027105 0.002706 0.161381 0.986516
1646305741.302361 8.859903 3.466365 0.080747 0.034803 -0.000400 0.162634 0.986072
1646305741.327360 8.858209 3.450562 0.087877 0.041383 -0.002495 0.161714 0.985966
1646305741.327360 8.858209 3.450562 0.087877 0.041383 -0.002495 0.161714 0.985966
1646305741.377358 8.845722 3.463106 0.100024 0.054862 -0.004382 0.166209 0.984553
1646305741.402357 8.843431 3.451951 0.107555 0.062514 -0.007879 0.168884 0.983620
1646305741.427356 8.841718 3.440009 0.115550 0.067830 -0.009479 0.170271 0.983014
1646305741.427356 8.841718 3.440009 0.115550 0.067830 -0.009479 0.170271 0.983014
1646305741.477354 8.829736 3.463770 0.137315 0.080272 -0.010811 0.172039 0.981755
1646305741.502353 8.825295 3.455716 0.146706 0.087541 -0.013768 0.172264 0.981057
1646305741.527352 8.822695 3.445802 0.157846 0.093275 -0.017318 0.172372 0.980453
1646305741.527352 8.822695 3.445802 0.157846 0.093275 -0.017318 0.172372 0.980453
1646305741.577350 8.814491 3.467031 0.183566 0.103541 -0.019939 0.172738 0.979308
1646305741.602349 8.810373 3.462576 0.193214 0.108890 -0.020730 0.174117 0.978467
1646305741.627348 8.858990 2.834805 0.400421 0.327836 -0.045015 0.200817 0.922046
1646305741.627348 8.858990 2.834805 0.400421 0.327836 -0.045015 0.200817 0.922046
1646305741.677346 8.907105 2.424851 0.474525 0.501229 -0.123215 0.241048 0.821878
1646305741.702345 8.943822 2.195220 0.495777 0.577888 -0.159574 0.256515 0.758143
1646305741.727345 8.991652 1.953522 0.506263 0.648191 -0.194291 0.269036 0.685361
1646305741.727345 8.991652 1.953522 0.506263 0.648191 -0.194291 0.269036 0.685361
1646305741.777342 9.127473 1.443844 0.492924 0.766910 -0.257282 0.284915 0.514275
1646305741.802341 9.212012 1.191776 0.467858 0.809871 -0.282350 0.288660 0.425514
1646305741.827340 9.309612 0.945673 0.438447 0.846315 -0.305246 0.288082 0.327999
1646305741.827340 9.309612 0.945673 0.438447 0.846315 -0.305246 0.288082 0.327999
1646305741.877338 9.652303 0.462641 0.379537 0.890948 -0.341689 0.277578 0.111405
1646305741.902338 9.800239 0.252129 0.362326 -0.896982 0.352840 -0.266302 -0.003154
1646305741.927337 9.965772 0.053957 0.352994 -0.891932 0.360701 -0.252051 0.104028
1646305741.927337 9.965772 0.053957 0.352994 -0.891932 0.360701 -0.252051 0.104028
1646305741.977334 10.266982 -0.295297 0.388579 -0.855835 0.356109 -0.211562 0.309796
1646305742.002334 10.455182 -0.457043 0.440927 -0.821530 0.351964 -0.189341 0.406643
1646305742.027333 10.650499 -0.611546 0.523836 -0.777844 0.343970 -0.164845 0.499469
1646305742.027333 10.650499 -0.611546 0.523836 -0.777844 0.343970 -0.164845 0.499469
1646305742.077331 11.062390 -0.920196 0.785258 -0.664386 0.318195 -0.112198 0.666899
1646305742.102330 11.272508 -1.080582 0.966679 -0.596680 0.298985 -0.083296 0.740029
1646305742.127329 11.485662 -1.252287 1.181710 -0.522339 0.276617 -0.053528 0.804848
1646305742.127329 11.485662 -1.252287 1.181710 -0.522339 0.276617 -0.053528 0.804848
1646305742.177327 11.939095 -1.655546 1.731903 -0.327453 0.205934 0.017179 0.921993
1646305742.202326 12.156334 -1.892666 2.042974 -0.234670 0.173203 0.049177 0.955255
1646305742.227325 12.374285 -2.158581 2.376596 -0.139064 0.138423 0.080619 0.977241
1646305742.227325 12.374285 -2.158581 2.376596 -0.139064 0.138423 0.080619 0.977241
1646305742.277323 12.817707 -2.819143 3.111535 0.058235 0.069557 0.141396 0.985788
1646305742.302322 13.042160 -3.180738 3.484601 0.154554 0.031404 0.168171 0.973060
1646305742.327321 13.267090 -3.574735 3.855483 0.248733 -0.006880 0.192972 0.949129
1646305742.327321 13.267090 -3.574735 3.855483 0.248733 -0.006880 0.192972 0.949129
1646305742.377319 13.773133 -4.478503 4.638896 0.437064 -0.086165 0.235886 0.863660
1646305742.402318 14.020093 -4.949376 4.993237 0.518655 -0.123001 0.253430 0.807243
1646305742.427317 14.273972 -5.433979 5.342546 0.596038 -0.157938 0.266995 0.740614
1646305742.427317 14.273972 -5.433979 5.342546 0.596038 -0.157938 0.266995 0.740614
1646305742.477315 14.855767 -6.471825 6.037167 0.731457 -0.224608 0.284304 0.577662
1646305742.502314 15.151611 -6.978582 6.348022 0.784025 -0.253847 0.288247 0.487627
1646305742.527313 15.462416 -7.484200 6.645239 0.826365 -0.280407 0.288230 0.394229
1646305742.527313 15.462416 -7.484200 6.645239 0.826365 -0.280407 0.288230 0.394229
1646305742.577311 16.149917 -8.501987 7.257464 0.885107 -0.323525 0.279809 0.183368
1646305742.602310 16.504852 -8.975965 7.555167 -0.897660 0.338499 -0.271092 -0.078319
1646305742.627309 16.869253 -9.435625 7.860173 -0.900104 0.349593 -0.258510 0.027749
1646305742.627309 16.869253 -9.435625 7.860173 -0.900104 0.349593 -0.258510 0.027749
1646305742.677307 17.662571 -10.336527 8.541176 -0.873275 0.359468 -0.222620 0.242101
1646305742.702306 18.063849 -10.755024 8.903888 -0.844465 0.358211 -0.201752 0.343307
1646305742.727305 18.471418 -11.166507 9.290400 -0.806163 0.352076 -0.178432 0.440801
1646305742.727305 18.471418 -11.166507 9.290400 -0.806163 0.352076 -0.178432 0.440801
1646305742.777303 19.324718 -11.992066 10.190491 -0.699914 0.329659 -0.123538 0.621436
1646305742.802302 19.751643 -12.398976 10.678718 -0.635361 0.312636 -0.095236 0.699647
1646305742.827301 20.184802 -12.817119 11.197623 -0.563078 0.291667 -0.065679 0.770429
1646305742.827301 20.184802 -12.817119 11.197623 -0.563078 0.291667 -0.065679 0.770429
1646305742.877299 21.072690 -13.720170 12.365437 -0.386919 0.224242 0.004096 0.894423
1646305742.902298 21.509577 -14.195109 12.987745 -0.294324 0.193142 0.037080 0.935251
1646305742.927297 21.954811 -14.701678 13.631744 -0.194619 0.156679 0.071224 0.965661
1646305742.927297 21.954811 -14.701678 13.631744 -0.194619 0.156679 0.071224 0.965661
1646305742.977295 22.829117 -15.815229 15.024208 0.003531 0.086703 0.131814 0.987469
1646305743.002294 23.266993 -16.413153 15.721651 0.100963 0.051174 0.158619 0.980830
1646305743.027293 23.709626 -17.043912 16.423949 0.199738 0.012614 0.184449 0.962250
1646305743.027293 23.709626 -17.043912 16.423949 0.199738 0.012614 0.184449 0.962250
1646305743.077284 24.628305 -18.417956 17.841507 0.390818 -0.065850 0.231450 0.888457
1646305743.102283 25.091677 -19.132920 18.529467 0.478447 -0.104121 0.250465 0.835174
1646305743.127282 25.561938 -19.865954 19.209169 0.559832 -0.140491 0.265693 0.772177
1646305743.127282 25.561938 -19.865954 19.209169 0.559832 -0.140491 0.265693 0.772177
1646305743.177280 26.552453 -21.391746 20.541329 0.702940 -0.208332 0.287671 0.616212
1646305743.202279 27.055639 -22.153888 21.180275 0.760290 -0.238265 0.292392 0.528863
1646305743.227278 27.573579 -22.915481 21.810132 0.809660 -0.265607 0.293393 0.433386
1646305743.227278 27.573579 -22.915481 21.810132 0.809660 -0.265607 0.293393 0.433386
1646305743.277276 28.664482 -24.431346 23.058380 0.876701 -0.309771 0.288236 0.228816
1646305743.302275 29.233538 -25.175017 23.659953 0.893755 -0.327714 0.278800 0.126792
1646305743.327274 29.812310 -25.897084 24.285034 -0.901295 0.340546 -0.267111 -0.018646
1646305743.327274 29.812310 -25.897084 24.285034 -0.901295 0.340546 -0.267111 -0.018646
1646305743.377272 30.991678 -27.298526 25.581123 -0.877823 0.359046 -0.245355 0.200783
1646305743.402271 31.608097 -27.979724 26.255679 -0.852887 0.357856 -0.225058 0.306385
1646305743.427270 32.234007 -28.650486 26.956131 -0.817558 0.352309 -0.201969 0.408271
1646305743.427270 32.234007 -28.650486 26.956131 -0.817558 0.352309 -0.201969 0.408271
1646305743.477268 33.559096 -30.034947 28.536147 -0.710558 0.325307 -0.144095 0.607058
1646305743.502267 34.202739 -30.698220 29.337707 -0.646132 0.306910 -0.114313 0.689386
1646305743.527266 34.849307 -31.369287 30.174356 -0.573854 0.284805 -0.083118 0.763327
1646305743.527266 34.849307 -31.369287 30.174356 -0.573854 0.284805 -0.083118 0.763327
1646305743.577264 36.294413 -32.803052 32.095728 -0.399723 0.222320 -0.010448 0.889205
1646305743.602263 36.948023 -33.530025 33.038094 -0.306981 0.190217 0.023707 0.932211
1646305743.627262 37.601417 -34.284357 34.006994 -0.210392 0.155744 0.057491 0.963418
1646305743.627262 37.601417 -34.284357 34.006994 -0.210392 0.155744 0.057491 0.963418
1646305743.677260 38.968367 -35.957453 36.088416 -0.001740 0.077372 0.125689 0.989046
1646305743.702259 39.627991 -36.811578 37.106928 0.099632 0.037391 0.156612 0.981910
1646305743.727258 40.290271 -37.698380 38.130729 0.199467 -0.002655 0.185309 0.962220
1646305743.727258 40.290271 -37.698380 38.130729 0.199467 -0.002655 0.185309 0.962220
1646305743.777256 41.684616 -39.637265 40.248487 0.396097 -0.082126 0.236272 0.883481
1646305743.802255 42.368522 -40.610132 41.258131 0.483179 -0.119044 0.256697 0.828537
1646305743.827254 43.062883 -41.602123 42.257963 0.564917 -0.155505 0.273314 0.762880
1646305743.827254 43.062883 -41.602123 42.257963 0.564917 -0.155505 0.273314 0.762880
1646305743.877252 44.535998 -43.693303 44.284314 0.710650 -0.223892 0.297028 0.597179
1646305743.902251 45.269536 -44.714935 45.243308 0.768754 -0.251673 0.301583 0.504703
1646305743.927249 46.016029 -45.731579 46.196544 0.816607 -0.277032 0.303469 0.405355
1646305743.927249 46.016029 -45.731579 46.196544 0.816607 -0.277032 0.303469 0.405355
1646305743.977247 47.605275 -47.802360 48.139859 0.881123 -0.318983 0.294787 0.187009
1646305744.002246 48.399969 -48.789298 49.085172 -0.895497 0.333305 -0.284818 -0.076621
1646305744.027246 49.208796 -49.761512 50.038596 -0.898515 0.343374 -0.271215 0.034739
1646305744.027246 49.208796 -49.761512 50.038596 -0.898515 0.343374 -0.271215 0.034739
1646305744.077243 50.909772 -51.709789 52.042614 -0.869119 0.351240 -0.232301 0.259421
1646305744.102242 51.754109 -52.639758 53.053856 -0.837871 0.347907 -0.209045 0.365011
1646305744.127241 52.607000 -53.560873 54.093367 -0.796041 0.340208 -0.183138 0.465873
1646305744.127241 52.607000 -53.560873 54.093367 -0.796041 0.340208 -0.183138 0.465873
1646305744.177239 54.361958 -55.427610 56.328606 -0.679881 0.311062 -0.123382 0.652518
1646305744.202238 55.230454 -56.348918 57.472213 -0.609475 0.290781 -0.091548 0.731851
1646305744.227237 56.103181 -57.281939 58.650787 -0.531052 0.266312 -0.058260 0.802289
1646305744.227237 56.103181 -57.281939 58.650787 -0.531052 0.266312 -0.058260 0.802289
1646305744.277235 57.855757 -59.286006 61.054134 -0.355694 0.225466 -0.006090 0.906978
1646305744.302234 58.731149 -60.285576 62.326270 -0.258995 0.190282 0.026990 0.946565
1646305744.327233 59.609339 -61.315471 63.622867 -0.158490 0.152021 0.059962 0.973743
1646305744.327233 59.609339 -61.315471 63.622867 -0.158490 0.152021 0.059962 0.973743
1646305744.377231 61.386446 -63.503579 66.308237 0.049897 0.069932 0.123371 0.988635
1646305744.402230 62.265038 -64.633498 67.648219 0.152102 0.028232 0.152165 0.976173
1646305744.427229 63.146758 -65.796287 68.991757 0.253174 -0.014568 0.178540 0.950691
1646305744.427229 63.146758 -65.796287 68.991757 0.253174 -0.014568 0.178540 0.950691
1646305744.477227 64.941448 -68.234439 71.693564 0.445180 -0.098981 0.224771 0.861101
1646305744.502226 65.836305 -69.469680 72.988300 0.534146 -0.139423 0.242872 0.797661
1646305744.527225 66.749882 -70.731707 74.295776 0.614385 -0.178801 0.258585 0.723668
1646305744.527225 66.749882 -70.731707 74.295776 0.614385 -0.178801 0.258585 0.723668
1646305744.577223 68.624035 -73.298112 76.889195 0.748754 -0.249682 0.278869 0.547045
1646305744.602222 69.576878 -74.576576 78.159961 0.800756 -0.280405 0.282985 0.447305
1646305744.627221 70.538208 -75.848488 79.423204 0.841589 -0.306706 0.283310 0.342630
1646305744.627221 70.538208 -75.848488 79.423204 0.841589 -0.306706 0.283310 0.342630
1646305744.677219 72.527332 -78.371605 81.946340 0.889231 -0.347293 0.273119 0.118582
1646305744.702218 73.543411 -79.609849 83.211709 -0.895040 0.360606 -0.262401 -0.003592
1646305744.752216 75.618800 -82.041349 85.784428 -0.870367 0.372468 -0.230494 0.224949
1646305744.777215 76.675392 -83.236943 87.103038 -0.840224 0.370843 -0.209723 0.335432
1646305744.802214 77.762001 -84.414167 88.484619 -0.798098 0.363282 -0.184847 0.443731
1646305744.852211 79.922726 -86.771676 91.279549 -0.683033 0.335280 -0.130455 0.635637
1646305744.877211 81.016744 -87.954150 92.732906 -0.611286 0.314218 -0.099268 0.719543
1646305744.902210 82.125987 -89.149333 94.220636 -0.530148 0.288635 -0.066583 0.794481
1646305744.927208 83.221284 -90.358793 95.745037 -0.442432 0.259654 -0.033987 0.857717
1646305744.927208 83.221284 -90.358793 95.745037 -0.442432 0.259654 -0.033987 0.857717
1646305744.977206 85.468485 -92.966055 98.981391 -0.241170 0.188325 0.034758 0.951400
1646305745.002205 86.563200 -94.256839 100.593362 -0.139143 0.149938 0.067242 0.976543
1646305745.027205 87.659362 -95.580751 102.223783 -0.035130 0.109421 0.098890 0.988440
1646305745.027205 87.659362 -95.580751 102.223783 -0.035130 0.109421 0.098890 0.988440
1646305745.077202 89.925388 -98.434072 105.645488 0.177118 0.025850 0.153902 0.971738
1646305745.102201 91.002060 -99.855172 107.307128 0.274178 -0.016856 0.176078 0.945272
1646305745.127200 92.107931 -101.310150 108.958199 0.370660 -0.060300 0.199701 0.905039
1646305745.127200 92.107931 -101.310150 108.958199 0.370660 -0.060300 0.199701 0.905039
1646305745.177198 94.414998 -104.392849 112.340190 0.552872 -0.146806 0.239731 0.784416
1646305745.202197 95.549014 -105.917497 113.955963 0.631300 -0.185961 0.253389 0.708994
1646305745.227196 96.692408 -107.447609 115.562053 0.700230 -0.222537 0.264570 0.624625
1646305745.227196 96.692408 -107.447609 115.562053 0.700230 -0.222537 0.264570 0.624625
1646305745.277194 99.091022 -110.606069 118.825311 0.811856 -0.288448 0.276032 0.426022
1646305745.302193 100.285867 -112.133025 120.413349 0.849671 -0.315220 0.272686 0.323014
1646305745.327192 101.492855 -113.649361 121.984396 0.876664 -0.341709 0.261046 0.215755
1646305745.327192 101.492855 -113.649361 121.984396 0.876664 -0.341709 0.261046 0.215755
1646305745.377190 104.012551 -116.706017 125.223690 -0.900894 0.373734 -0.219820 0.019787
1646305745.402189 105.260858 -118.169627 126.826219 -0.893771 0.379854 -0.199436 0.130801
1646305745.427188 106.519507 -119.616467 128.450874 -0.875602 0.379568 -0.180929 0.237729
1646305745.427188 106.519507 -119.616467 128.450874 -0.875602 0.379568 -0.180929 0.237729
1646305745.477186 109.116504 -122.531828 131.855403 -0.807878 0.365426 -0.144602 0.439190
1646305745.502185 110.399718 -123.949639 133.572499 -0.760867 0.354146 -0.125514 0.529064
1646305745.527184 111.689017 -125.367233 135.324742 -0.705511 0.339999 -0.103591 0.613126
1646305745.552183 112.983931 -126.789672 137.112634 -0.641959 0.322077 -0.078514 0.691368
1646305745.577182 114.282854 -128.222196 138.936046 -0.570502 0.299755 -0.050736 0.762955
1646305745.602181 115.598303 -129.695373 140.784927 -0.491178 0.274467 -0.023918 0.826341
1646305745.627180 116.903603 -131.162182 142.675110 -0.405989 0.243691 0.006921 0.880761
1646305745.652179 118.210829 -132.655931 144.588183 -0.313471 0.208922 0.038630 0.925524
1646305745.677178 119.520000 -134.172472 146.533597 -0.215373 0.171495 0.069526 0.958838
1646305745.702177 120.831087 -135.719454 148.500125 -0.112694 0.132557 0.099356 0.979723
1646305745.727176 122.143190 -137.297381 150.484836 -0.007290 0.094000 0.126342 0.987496
1646305745.752175 123.457551 -138.914218 152.483002 0.098018 0.056524 0.149352 0.982289
1646305745.777174 124.775022 -140.559019 154.486778 0.201104 0.020456 0.168604 0.964734
1646305745.802173 126.096544 -142.236089 156.492326 0.300054 -0.013943 0.184516 0.935803
1646305745.827172 127.424347 -143.939935 158.496722 0.393805 -0.047608 0.197953 0.896362
1646305745.852170 128.756601 -145.668202 160.493876 0.478811 -0.078524 0.206907 0.849567
1646305745.877169 130.096845 -147.423237 162.480987 0.562197 -0.110132 0.214333 0.791117
1646305745.902169 131.442247 -149.195386 164.456403 0.639853 -0.140103 0.219200 0.723126
1646305745.927167 132.799830 -150.980407 166.419196 0.710301 -0.168130 0.221118 0.646771
1646305745.952166 134.166901 -152.771933 168.369186 0.772573 -0.193936 0.220863 0.562796
1646305745.977165 135.544635 -154.566159 170.307074 0.825870 -0.217846 0.219025 0.471709
1646305746.002164 136.933411 -156.357473 172.235163 0.869551 -0.239718 0.215183 0.374316
1646305746.027163 138.334169 -158.141698 174.156452 0.902895 -0.259011 0.208758 0.272238
1646305746.052162 139.730293 -159.912154 176.074444 0.926070 -0.273533 0.198615 0.167708
1646305746.077161 141.154530 -161.671884 177.995208 0.938441 -0.284962 0.185592 0.060669
1646305746.102160 142.590728 -163.416454 179.923513 -0.940261 0.291680 -0.169243 0.046782
1646305746.127159 144.038235 -165.145637 181.864886 -0.931438 0.293693 -0.150135 0.153712
1646305746.152158 145.496084 -166.860391 183.824527 -0.911841 0.291139 -0.128890 0.259175
1646305746.152158 145.496084 -166.860391 183.824527 -0.911841 0.291139 -0.128890 0.259175
1646305746.202156 148.562160 -170.398896 187.990156 -0.836284 0.271993 -0.080280 0.469259
1646305746.227155 150.043483 -172.086796 190.035639 -0.784190 0.255608 -0.055588 0.562690
1646305746.252154 151.530262 -173.773588 192.115443 -0.722743 0.234525 -0.030381 0.649397
1646305746.252154 151.530262 -173.773588 192.115443 -0.722743 0.234525 -0.030381 0.649397
1646305746.302152 154.629074 -177.303571 196.549152 -0.570572 0.178760 0.023060 0.801224
1646305746.327151 156.125292 -179.026256 198.738019 -0.486960 0.147650 0.048443 0.859490
1646305746.352150 157.623025 -180.771772 200.958769 -0.396624 0.114979 0.073043 0.907818
1646305746.377149 159.122858 -182.541508 203.208143 -0.299764 0.081309 0.097278 0.945551
1646305746.402148 160.624823 -184.340618 205.482144 -0.197277 0.046787 0.120432 0.971797
1646305746.427147 162.129596 -186.171732 207.775848 -0.090261 0.011373 0.142372 0.985624
1646305746.452146 163.633445 -188.032128 210.080238 0.018005 -0.023894 0.162080 0.986324
1646305746.477145 165.159624 -189.945898 212.402079 0.128682 -0.061061 0.182745 0.972788
1646305746.502144 166.680438 -191.878980 214.721476 0.235203 -0.097585 0.201250 0.945862
1646305746.527143 168.209464 -193.842938 217.038557 0.337155 -0.133217 0.218096 0.906098
1646305746.552142 169.626146 -195.866722 219.283112 0.429904 -0.167386 0.231663 0.856444
1646305746.577141 171.170943 -197.882455 221.574271 0.518342 -0.199656 0.244176 0.794882
1646305746.602140 172.728519 -199.915737 223.853520 0.599417 -0.229873 0.253993 0.723426
1646305746.627139 174.300190 -201.960963 226.120037 0.672577 -0.257641 0.261080 0.642728
1646305746.652138 175.887175 -204.012646 228.374181 0.736772 -0.282658 0.265233 0.554006
1646305746.677137 177.490217 -206.065067 230.617617 0.791013 -0.304631 0.266357 0.458859
1646305746.702136 179.109731 -208.113449 232.853141 0.834770 -0.323550 0.264646 0.358381
1646305746.727135 180.743441 -210.142039 235.091329 0.868362 -0.341378 0.257097 0.251617
1646305746.752134 182.394861 -212.169412 237.323732 0.890182 -0.353303 0.249507 0.143173
1646305746.777133 184.062099 -214.182631 239.562094 -0.900856 0.360811 -0.239114 -0.033135
1646305746.802131 185.743908 -216.180744 241.811722 -0.900057 0.364312 -0.226674 0.076112
1646305746.827131 187.438767 -218.163821 244.077859 -0.888034 0.364041 -0.212696 0.183385
1646305746.852129 189.135586 -220.130161 246.357617 -0.864756 0.360862 -0.197167 0.288271
1646305746.877128 190.848969 -222.082709 248.667466 -0.830735 0.354197 -0.180222 0.389800
1646305746.902128 192.573820 -224.033130 251.010516 -0.786444 0.343522 -0.160871 0.487463
1646305746.927126 194.305575 -225.980132 253.386221 -0.731844 0.328410 -0.138895 0.580740
1646305746.952125 196.043072 -227.928359 255.796912 -0.667731 0.308162 -0.114284 0.667915
1646305746.977124 197.784514 -229.883456 258.243400 -0.595477 0.283023 -0.087348 0.746776
1646305747.002123 199.528317 -231.850214 260.725473 -0.516279 0.254048 -0.058849 0.815753
1646305747.027122 201.273449 -233.833755 263.241731 -0.431027 0.222051 -0.029866 0.874081
1646305747.052124 203.018731 -235.839323 265.789146 -0.340873 0.187931 -0.000883 0.921133
1646305747.077123 204.778949 -237.879724 268.377020 -0.244586 0.153762 0.027764 0.956955
1646305747.102122 206.525172 -239.939783 270.977324 -0.146481 0.116734 0.055976 0.980705
1646305747.127121 208.271799 -242.031044 273.596538 -0.045687 0.078238 0.083638 0.992369
1646305747.152120 209.992902 -244.134633 276.224303 0.055865 0.037947 0.108552 0.991794
1646305747.177119 211.744727 -246.293804 278.866879 0.157815 -0.004440 0.133806 0.978351
1646305747.202118 213.497891 -248.480991 281.510277 0.258064 -0.047459 0.157654 0.951996
1646305747.227117 215.255440 -250.698350 284.150307 0.354862 -0.090513 0.179396 0.913070
1646305747.252116 217.030390 -252.929698 286.794426 0.447996 -0.132834 0.199951 0.861205
1646305747.277115 218.808070 -255.195133 289.418409 0.533135 -0.172710 0.217961 0.799019
1646305747.302114 220.592253 -257.475638 292.029852 0.610911 -0.210149 0.233564 0.726687
1646305747.327113 222.388772 -259.767059 294.627829 0.680882 -0.245143 0.245385 0.645051
1646305747.352112 224.198638 -262.064507 297.213333 0.742777 -0.277505 0.252564 0.554513
1646305747.377111 226.024094 -264.360921 299.787985 0.795348 -0.306603 0.255436 0.456255
1646305747.402110 227.866041 -266.653148 302.354522 0.837461 -0.331392 0.255738 0.351335
1646305747.427109 229.726446 -268.931486 304.918867 0.868394 -0.350780 0.254540 0.240944
1646305747.452108 231.601939 -271.202460 307.481875 0.887073 -0.366336 0.250112 0.127841
