# timestamp tx ty tz qx qy qz qw
1646305719.153249 -0.001295 0.000536 -0.000266 -0.000043 -0.000194 0.000151 1.000000
1646305719.203247 -0.001262 0.000517 -0.000422 0.000000 -0.000169 0.000150 1.000000
1646305719.253245 -0.002326 -0.000158 -0.000023 -0.000030 -0.000035 0.000215 1.000000
1646305719.353241 -0.052983 0.030117 0.138464 -0.004739 0.004007 0.002622 0.999977
1646305719.428238 -0.113276 0.003246 0.123310 -0.011539 -0.001639 0.007334 0.999905
1646305719.503235 -0.217783 -0.142578 0.162052 -0.017744 0.014465 0.016276 0.999605
1646305719.603231 -0.275517 -0.320465 0.292352 -0.010491 0.025414 0.022107 0.999377
1646305719.703227 -0.332808 -0.684544 0.351075 -0.010762 0.036811 0.029327 0.998834
1646305719.728226 -0.347941 -0.751273 0.369444 -0.010827 0.036778 0.030999 0.998784
1646305719.853221 -0.424942 -1.084236 0.461814 -0.008287 0.040768 0.038279 0.998401
1646305719.978216 -0.499222 -1.204188 0.070453 0.041064 0.030643 0.044778 0.997682
1646305720.053213 -0.451119 -1.468226 0.010018 0.046253 0.021907 0.044226 0.997710
1646305720.153209 -0.325385 -1.797700 0.125311 0.071216 0.011698 0.035544 0.996759
1646305720.253206 -0.284926 -2.061933 0.146543 0.074404 0.014225 0.036187 0.996470
1646305720.328202 -0.256536 -2.253969 0.162820 0.076987 0.016121 0.036383 0.996238
1646305720.428199 -0.225198 -2.487926 0.176556 0.078935 0.016523 0.037601 0.996033
1646305720.503196 -0.198123 -2.653944 0.190036 0.079994 0.018888 0.037243 0.995920
1646305720.628191 -0.162688 -2.905817 0.200585 0.082810 0.020629 0.037987 0.995627
1646305720.753186 -0.128805 -3.125873 0.209401 0.084814 0.022412 0.037966 0.995421
1646305720.853182 -0.104137 -3.283241 0.215502 0.086250 0.023807 0.037645 0.995277
1646305720.978177 -0.077498 -3.451579 0.223655 0.088034 0.024743 0.037946 0.995087
1646305721.053178 -0.065029 -3.539247 0.228674 0.088687 0.025498 0.038079 0.995005
1646305721.203172 -0.046401 -3.674132 0.237223 0.090633 0.026215 0.038382 0.994799
1646305721.278169 -0.039074 -3.710879 0.236488 0.090754 0.026658 0.038213 0.994783
1646305721.328167 -0.036858 -3.733839 0.236459 0.090276 0.026750 0.038141 0.994827
1646305721.378165 -0.033913 -3.743609 0.235026 0.091111 0.026945 0.038223 0.994742
1646305721.428163 -0.034177 -3.750414 0.235147 0.090408 0.026865 0.038165 0.994811
1646305721.478161 -0.033111 -3.748057 0.233930 0.091200 0.026965 0.038242 0.994733
1646305721.603157 -0.037505 -3.731973 0.233641 0.091695 0.027007 0.038467 0.994677
1646305721.678154 -0.039720 -3.715173 0.232213 0.091112 0.026801 0.038269 0.994744
1646305721.753151 -0.042522 -3.697422 0.232818 0.090482 0.026584 0.038185 0.994811
1646305721.803149 -0.045420 -3.682567 0.234163 0.091197 0.026676 0.038386 0.994735
1646305721.853147 -0.046559 -3.668389 0.234144 0.090272 0.026450 0.038134 0.994835
1646305721.903145 -0.050044 -3.651246 0.235760 0.090897 0.026511 0.038320 0.994770
1646305721.953143 -0.052008 -3.631316 0.235173 0.089979 0.026267 0.038129 0.994867
1646305722.003142 -0.055941 -3.611855 0.235898 0.090476 0.026177 0.038240 0.994820
1646305722.053140 -0.058735 -3.588210 0.235139 0.089635 0.026009 0.038154 0.994904
1646305722.153136 -0.068029 -3.524189 0.245033 0.089463 0.025903 0.038141 0.994922
1646305722.203134 -0.075020 -3.490569 0.246708 0.088326 0.025128 0.037693 0.995061
1646305722.253132 -0.079445 -3.450696 0.241843 0.088624 0.025466 0.038025 0.995013
1646305722.303130 -0.086497 -3.409662 0.239881 0.087946 0.024875 0.037877 0.995094
1646305722.353128 -0.091635 -3.363470 0.233350 0.087774 0.024740 0.037836 0.995114
1646305722.403126 -0.099637 -3.312616 0.229280 0.087458 0.024561 0.037970 0.995141
1646305722.503123 -0.116173 -3.202749 0.214932 0.087472 0.023977 0.037936 0.995156
1646305722.603119 -0.136355 -3.070671 0.200266 0.086219 0.022962 0.037738 0.995296
1646305722.678116 -0.152872 -2.959700 0.189349 0.084523 0.021803 0.037470 0.995478
1646305722.728114 -0.165475 -2.877604 0.186579 0.082443 0.020605 0.037415 0.995680
1646305722.778112 -0.177636 -2.793453 0.180822 0.082480 0.021063 0.037354 0.995670
1646305722.828110 -0.191183 -2.704224 0.178254 0.080818 0.020125 0.037129 0.995834
1646305722.878108 -0.206556 -2.614274 0.175357 0.081177 0.019727 0.037380 0.995803
1646305722.953105 -0.230360 -2.461235 0.172206 0.079505 0.018080 0.037040 0.995982
1646305723.003103 -0.247745 -2.351378 0.169541 0.078522 0.017562 0.037040 0.996069
1646305723.053102 -0.265334 -2.233251 0.166067 0.077858 0.016493 0.036816 0.996148
1646305723.103100 -0.283978 -2.114719 0.161803 0.077106 0.016576 0.036926 0.996201
1646305723.153098 -0.300973 -1.985866 0.159535 0.075408 0.014800 0.036389 0.996379
1646305723.203096 -0.319701 -1.861010 0.154582 0.074082 0.016063 0.036468 0.996456
1646305723.303092 -0.361446 -1.593827 0.140321 0.072999 0.013019 0.036608 0.996575
1646305723.403088 -0.402394 -1.325025 0.144116 0.074102 0.012510 0.036681 0.996497
1646305723.453087 -0.422861 -1.183274 0.148873 0.074121 0.011589 0.036405 0.996517
1646305723.503084 -0.444908 -1.034434 0.147316 0.073772 0.012165 0.037289 0.996503
1646305723.603081 -0.489626 -0.727215 0.153922 0.075091 0.012748 0.037147 0.996403
1646305723.653079 -0.512977 -0.572286 0.163676 0.074977 0.012874 0.037029 0.996414
1646305723.753075 -0.561333 -0.249650 0.160787 0.071541 0.018455 0.029832 0.996821
1646305723.853071 -0.618829 0.088950 0.103472 0.067660 0.062205 0.024461 0.995467
1646305723.903069 -0.643930 0.271517 0.060392 0.071338 0.064203 0.024855 0.995073
1646305723.953068 -0.663614 0.467986 0.020107 0.081512 0.046570 0.030393 0.995120
1646305724.078059 -0.716395 1.006779 -0.093340 0.154872 0.004206 0.077074 0.984914
1646305724.153056 -0.752461 1.354497 -0.165372 0.202854 0.007642 0.118041 0.972038
1646305724.253053 -0.804345 1.832555 -0.234181 0.240578 0.034417 0.164333 0.955998
1646305724.328050 -0.837643 2.209151 -0.257076 0.259759 0.053384 0.181840 0.946895
1646305724.453045 -0.884411 2.855626 -0.250497 0.255825 0.064500 0.186810 0.946306
1646305724.503043 -0.901077 3.123224 -0.230709 0.254223 0.063067 0.190117 0.946176
1646305724.578040 -0.924728 3.532781 -0.185696 0.242998 0.052286 0.206510 0.946347
1646305724.678036 -0.957199 4.105973 -0.101889 0.181837 0.024628 0.255354 0.949275
1646305724.753034 -0.989415 4.555324 -0.026655 0.115953 -0.003896 0.303167 0.945849
1646305724.803032 -1.017688 4.868492 0.017977 0.074473 -0.034679 0.337207 0.937839
1646305724.853030 -1.047329 5.179767 0.060120 0.039512 -0.068734 0.370265 0.925537
1646305724.903028 -1.078813 5.504470 0.090529 0.000018 -0.100625 0.399759 0.911080
1646305725.003024 -1.123329 6.145970 0.137538 -0.120272 -0.160287 0.427789 0.881385
1646305725.053022 -1.136982 6.463585 0.162325 -0.193658 -0.185908 0.421766 0.866053
1646305725.153018 -1.147219 7.096142 0.228045 -0.316952 -0.194961 0.389456 0.842529
1646305725.253015 -1.129668 7.718106 0.305010 -0.364669 -0.172427 0.348575 0.846038
1646305725.353011 -1.081190 8.310806 0.394776 -0.353161 -0.142029 0.297110 0.875688
1646305725.453007 -1.019768 8.874904 0.488609 -0.279494 -0.101419 0.238524 0.924502
1646305725.503005 -0.989936 9.155153 0.536601 -0.237110 -0.079390 0.210375 0.945102
1646305725.603001 -0.938486 9.733585 0.631573 -0.164343 -0.020864 0.150004 0.974708
1646305725.702998 -0.890819 10.324628 0.712093 -0.107458 0.024723 0.112924 0.987466
1646305725.802994 -0.842881 10.944205 0.766276 -0.034340 0.066880 0.106776 0.991437
1646305725.902990 -0.802948 11.624551 0.816486 0.066578 0.091127 0.130653 0.984984
1646305725.952988 -0.784888 11.968356 0.842979 0.112987 0.098239 0.147052 0.977731
1646305726.002986 -0.772918 12.326193 0.879023 0.158578 0.109982 0.163495 0.967484
1646305726.052984 -0.763625 12.691039 0.928556 0.198588 0.122901 0.182838 0.955002
1646305726.102982 -0.756974 13.059232 0.981918 0.227698 0.135492 0.198168 0.943676
1646305726.152980 -0.752922 13.429131 1.040107 0.240245 0.143821 0.213447 0.935969
1646305726.252977 -0.741091 14.186399 1.170459 0.223821 0.139235 0.235650 0.935407
1646305726.302975 -0.736456 14.574788 1.237309 0.204485 0.118752 0.247747 0.939524
1646305726.352973 -0.738269 14.956206 1.302939 0.178483 0.082544 0.264541 0.944112
1646305726.402971 -0.740772 15.351602 1.370269 0.159086 0.045715 0.281875 0.945065
1646305726.452969 -0.746606 15.749054 1.434838 0.140159 0.020359 0.300110 0.943332
1646305726.502967 -0.752116 16.155392 1.501933 0.116502 0.008942 0.319007 0.940522
1646305726.552965 -0.759813 16.558552 1.568409 0.091630 0.007131 0.340315 0.935809
1646305726.602963 -0.769222 16.972319 1.633522 0.068136 0.008848 0.361657 0.929776
1646305726.652961 -0.781209 17.392724 1.698590 0.049159 0.007330 0.380865 0.923294
1646305726.752958 -0.801514 18.249737 1.823865 0.020649 -0.023580 0.419528 0.907201
1646305726.802956 -0.812898 18.679329 1.880517 0.013629 -0.037589 0.433358 0.900334
1646305726.902952 -0.836565 19.541358 1.995352 -0.013034 -0.051867 0.437309 0.897720
1646305726.977949 -0.853023 20.199460 2.086930 -0.032022 -0.053227 0.429444 0.900955
1646305727.077945 -0.867147 21.076250 2.220688 -0.052234 -0.040520 0.407074 0.911000
1646305727.202941 -0.884567 22.240196 2.407953 -0.059511 -0.031126 0.352062 0.933564
1646305727.252939 -0.889367 22.702922 2.483023 -0.057825 -0.036514 0.319596 0.945083
1646305727.352935 -0.897426 23.610937 2.623481 -0.038612 -0.046843 0.251789 0.965876
1646305727.452931 -0.911985 24.521601 2.769196 -0.013320 -0.048897 0.196035 0.979287
1646305727.552927 -0.931412 25.434332 2.921620 0.004726 -0.040183 0.161129 0.986104
1646305727.627924 -0.946470 26.098074 3.030975 0.022492 -0.033328 0.153593 0.987316
1646305727.752920 -0.986467 27.241632 3.212406 0.058336 -0.036753 0.147085 0.986718
1646305727.827917 -1.014792 27.930197 3.320507 0.077493 -0.046725 0.144660 0.985335
1646305727.952912 -1.073054 29.087959 3.499316 0.082215 -0.042807 0.145896 0.984948
1646305728.002910 -1.092573 29.552818 3.571182 0.076068 -0.039091 0.142848 0.986043
1646305728.052900 -1.102964 30.030215 3.649777 0.074356 -0.037331 0.135701 0.987250
1646305728.102898 -1.117532 30.502686 3.721133 0.077585 -0.037530 0.128230 0.987992
1646305728.202894 -1.151431 31.456041 3.857730 0.093088 -0.034497 0.102236 0.989794
1646305728.252892 -1.165708 31.912117 3.920657 0.098339 -0.032355 0.090405 0.990510
1646305728.302890 -1.181872 32.394124 3.986011 0.105631 -0.029526 0.077814 0.990916
1646305728.402886 -1.209186 33.353157 4.122654 0.102884 -0.012198 0.064393 0.992532
1646305728.477883 -1.233991 34.094212 4.237213 0.103337 0.000257 0.070656 0.992134
1646305728.527881 -1.251020 34.596947 4.313216 0.100871 -0.000604 0.084505 0.991304
1646305728.577879 -1.268333 35.107854 4.392248 0.099265 -0.004835 0.105998 0.989387
1646305728.627877 -1.288041 35.628132 4.465918 0.097610 -0.016267 0.131254 0.986398
1646305728.677875 -1.313187 36.148729 4.534670 0.088300 -0.025399 0.155449 0.983562
1646305728.752872 -1.357504 36.943504 4.631673 0.053278 -0.026700 0.192889 0.979409
1646305728.802870 -1.386790 37.480094 4.696383 0.018626 -0.024829 0.217632 0.975537
1646305728.852868 -1.417837 38.033065 4.772210 -0.021025 -0.021142 0.238565 0.970669
1646305728.952864 -1.479728 39.120422 4.921928 -0.085551 -0.004077 0.255355 0.963046
1646305729.052860 -1.508814 40.200680 5.080922 -0.130952 0.012121 0.222428 0.966038
1646305729.152856 -1.533868 41.270418 5.243821 -0.152270 0.012670 0.160311 0.975168
1646305729.252852 -1.553068 42.335570 5.423507 -0.170352 -0.007412 0.093332 0.980925
1646305729.352848 -1.585543 43.391941 5.618276 -0.197029 0.002638 0.023843 0.980104
1646305729.427845 -1.614008 44.193135 5.767385 -0.210386 0.020766 -0.013326 0.977307
1646305729.502842 -1.647761 45.002466 5.914170 -0.212987 0.019940 -0.022382 0.976595
1646305729.602839 -1.687310 46.110684 6.101548 -0.187357 -0.008643 -0.014413 0.982148
1646305729.652836 -1.713834 46.680802 6.194488 -0.164726 -0.006672 -0.013798 0.986220
1646305729.752832 -1.773636 47.832258 6.368674 -0.118866 0.004557 0.007592 0.992871
