# time(s), pre_rot_eig1, pre_rot_eig2, pre_rot_eig3, pre_trans_eig1, pre_trans_eig2, pre_trans_eig3, post_rot_eig1, post_rot_eig2, post_rot_eig3, post_trans_eig1, post_trans_eig2, post_trans_eig3, cam_used[0], cam_used[1], cam_used[2], cam_used[3], level0_avg_total_rows
1646305719.153248787, 0.000000771, 0.000009350, 0.000011207, 0.000011763, 0.000017233, 0.000032720, 0.000000771, 0.000009350, 0.000011207, 0.000011763, 0.000017233, 0.000032720, 1, 1, 1, 0, 0.000000000
1646305719.203246832, 0.000000790, 0.000003424, 0.000005845, 0.000010598, 0.000012292, 0.000016657, 0.000000596, 0.000002850, 0.000003297, 0.000007764, 0.000009612, 0.000014789, 0, 1, 1, 0, 22.000000000
1646305719.253244877, 0.000000407, 0.000001540, 0.000001827, 0.000007281, 0.000010250, 0.000015776, 0.000000257, 0.000001225, 0.000001525, 0.000003009, 0.000003942, 0.000007234, 0, 1, 1, 0, 37.000000000
1646305719.303242922, 0.000000445, 0.000000614, 0.000001608, 0.000004081, 0.000004957, 0.000006699, 0.000000394, 0.000000586, 0.000001337, 0.000001670, 0.000002349, 0.000004215, 0, 1, 1, 0, 57.000000000
1646305719.353240728, 0.000000156, 0.000000595, 0.000000842, 0.000002492, 0.000003942, 0.000004227, 0.000000130, 0.000000512, 0.000000758, 0.000001286, 0.000001597, 0.000003556, 0, 1, 1, 0, 64.000000000
1646305719.453237057, 0.000000066, 0.000000093, 0.000000423, 0.000001503, 0.000001950, 0.000002509, 0.000000062, 0.000000091, 0.000000398, 0.000001000, 0.000001363, 0.000001835, 1, 1, 1, 0, 66.000000000
1646305719.553233147, 0.000000043, 0.000000044, 0.000000158, 0.000001066, 0.000001379, 0.000001772, 0.000000042, 0.000000043, 0.000000153, 0.000000763, 0.000001067, 0.000001331, 0, 1, 1, 0, 65.000000000
1646305719.653228998, 0.000000019, 0.000000025, 0.000000097, 0.000000785, 0.000001085, 0.000001334, 0.000000019, 0.000000025, 0.000000095, 0.000000635, 0.000000849, 0.000001053, 0, 1, 1, 0, 65.000000000
1646305719.753225327, 0.000000014, 0.000000019, 0.000000068, 0.000000674, 0.000000964, 0.000001216, 0.000000014, 0.000000019, 0.000000067, 0.000000634, 0.000000939, 0.000001143, 1, 1, 0, 1, 9.000000000
1646305719.803223133, 0.000000036, 0.000000040, 0.000000225, 0.000000965, 0.000001253, 0.000001392, 0.000000036, 0.000000039, 0.000000214, 0.000000926, 0.000001227, 0.000001364, 0, 1, 1, 0, 30.000000000
1646305719.853221178, 0.000000019, 0.000000036, 0.000000086, 0.000000893, 0.000001301, 0.000001446, 0.000000019, 0.000000036, 0.000000085, 0.000000878, 0.000001270, 0.000001404, 0, 1, 1, 0, 33.000000000
1646305719.978216410, 0.000000008, 0.000000011, 0.000000051, 0.000000577, 0.000000923, 0.000001173, 0.000000007, 0.000000010, 0.000000048, 0.000000069, 0.000000179, 0.000000726, 1, 1, 1, 0, 41.000000000
1646305720.028214455, 0.000000085, 0.000000158, 0.000000747, 0.000000381, 0.000000505, 0.000000989, 0.000000081, 0.000000156, 0.000000695, 0.000000376, 0.000000497, 0.000000984, 0, 1, 1, 0, 29.000000000
1646305720.078212500, 0.000000046, 0.000000077, 0.000000173, 0.000000952, 0.000001100, 0.000001634, 0.000000045, 0.000000073, 0.000000162, 0.000000924, 0.000001060, 0.000001588, 0, 1, 1, 0, 32.000000000
1646305720.128210545, 0.000000066, 0.000000087, 0.000000561, 0.000001142, 0.000001470, 0.000002276, 0.000000066, 0.000000084, 0.000000520, 0.000001117, 0.000001389, 0.000002125, 0, 1, 1, 0, 42.000000000
1646305720.178208590, 0.000000027, 0.000000032, 0.000000083, 0.000001016, 0.000001325, 0.000002908, 0.000000027, 0.000000032, 0.000000082, 0.000000978, 0.000001270, 0.000002622, 0, 1, 1, 0, 44.000000000
1646305720.228206635, 0.000000026, 0.000000061, 0.000000304, 0.000000969, 0.000001304, 0.000002487, 0.000000026, 0.000000058, 0.000000291, 0.000000944, 0.000001218, 0.000002239, 0, 1, 1, 0, 45.000000000
1646305720.303203583, 0.000000012, 0.000000015, 0.000000041, 0.000000686, 0.000001004, 0.000002592, 0.000000012, 0.000000015, 0.000000041, 0.000000667, 0.000000961, 0.000002232, 0, 1, 1, 0, 49.000000000
1646305720.403199434, 0.000000006, 0.000000010, 0.000000028, 0.000000519, 0.000000664, 0.000001926, 0.000000006, 0.000000010, 0.000000028, 0.000000507, 0.000000640, 0.000001774, 1, 1, 1, 0, 58.000000000
1646305720.478196859, 0.000000006, 0.000000010, 0.000000025, 0.000000516, 0.000000604, 0.000001851, 0.000000006, 0.000000010, 0.000000025, 0.000000514, 0.000000602, 0.000001817, 0, 1, 1, 0, 47.000000000
1646305720.528194666, 0.000000017, 0.000000046, 0.000000157, 0.000000702, 0.000000868, 0.000001991, 0.000000017, 0.000000044, 0.000000145, 0.000000695, 0.000000832, 0.000001858, 0, 1, 1, 0, 48.000000000
1646305720.578192711, 0.000000008, 0.000000011, 0.000000026, 0.000000627, 0.000000827, 0.000002355, 0.000000008, 0.000000011, 0.000000026, 0.000000618, 0.000000812, 0.000002167, 0, 1, 1, 0, 54.000000000
1646305720.678188801, 0.000000004, 0.000000009, 0.000000016, 0.000000475, 0.000000540, 0.000001951, 0.000000004, 0.000000008, 0.000000016, 0.000000355, 0.000000521, 0.000001005, 1, 1, 1, 1, 86.000000000
1646305720.778184891, 0.000000004, 0.000000009, 0.000000014, 0.000000429, 0.000000465, 0.000001512, 0.000000004, 0.000000008, 0.000000014, 0.000000427, 0.000000464, 0.000001483, 0, 1, 1, 1, 78.000000000
1646305720.903179884, 0.000000003, 0.000000007, 0.000000011, 0.000000415, 0.000000461, 0.000001888, 0.000000003, 0.000000007, 0.000000011, 0.000000413, 0.000000459, 0.000001821, 1, 1, 1, 1, 92.000000000
1646305720.978177071, 0.000000003, 0.000000007, 0.000000011, 0.000000372, 0.000000465, 0.000001753, 0.000000003, 0.000000007, 0.000000011, 0.000000370, 0.000000463, 0.000001710, 0, 1, 1, 0, 56.000000000
1646305721.028175116, 0.000000009, 0.000000035, 0.000000077, 0.000000618, 0.000000649, 0.000001823, 0.000000009, 0.000000035, 0.000000077, 0.000000618, 0.000000649, 0.000001821, 0, 1, 1, 0, 50.000000000
1646305721.078176737, 0.000000004, 0.000000007, 0.000000012, 0.000000555, 0.000000587, 0.000002284, 0.000000004, 0.000000007, 0.000000012, 0.000000555, 0.000000587, 0.000002284, 0, 1, 1, 0, 47.000000000
1646305721.203171968, 0.000000002, 0.000000006, 0.000000010, 0.000000385, 0.000000456, 0.000001905, 0.000000002, 0.000000006, 0.000000010, 0.000000385, 0.000000456, 0.000001905, 0, 1, 1, 1, 65.000000000
1646305721.253170013, 0.000000007, 0.000000012, 0.000000021, 0.000000529, 0.000000611, 0.000001856, 0.000000007, 0.000000012, 0.000000021, 0.000000529, 0.000000611, 0.000001856, 0, 1, 1, 0, 48.000000000
1646305721.303168058, 0.000000004, 0.000000012, 0.000000022, 0.000000750, 0.000000844, 0.000002076, 0.000000004, 0.000000012, 0.000000022, 0.000000750, 0.000000844, 0.000002075, 0, 1, 1, 0, 48.000000000
1646305721.353166103, 0.000000006, 0.000000012, 0.000000023, 0.000000711, 0.000000814, 0.000001989, 0.000000006, 0.000000012, 0.000000023, 0.000000710, 0.000000814, 0.000001988, 0, 1, 1, 0, 47.000000000
1646305721.403164148, 0.000000004, 0.000000012, 0.000000021, 0.000000811, 0.000000928, 0.000002207, 0.000000004, 0.000000012, 0.000000021, 0.000000811, 0.000000928, 0.000002206, 0, 1, 1, 0, 49.000000000
1646305721.453162432, 0.000000006, 0.000000012, 0.000000023, 0.000000713, 0.000000824, 0.000002029, 0.000000006, 0.000000012, 0.000000023, 0.000000713, 0.000000824, 0.000002028, 0, 1, 1, 0, 46.000000000
1646305721.553158522, 0.000000002, 0.000000005, 0.000000009, 0.000000357, 0.000000437, 0.000001752, 0.000000002, 0.000000005, 0.000000009, 0.000000357, 0.000000437, 0.000001752, 0, 1, 1, 1, 68.000000000
1646305721.653154850, 0.000000002, 0.000000004, 0.000000008, 0.000000330, 0.000000404, 0.000001703, 0.000000002, 0.000000004, 0.000000008, 0.000000330, 0.000000404, 0.000001703, 0, 1, 1, 1, 74.000000000
1646305721.753150940, 0.000000002, 0.000000004, 0.000000008, 0.000000327, 0.000000409, 0.000001729, 0.000000002, 0.000000004, 0.000000008, 0.000000327, 0.000000409, 0.000001729, 0, 1, 1, 1, 73.000000000
1646305721.828148127, 0.000000002, 0.000000007, 0.000000014, 0.000000379, 0.000000523, 0.000001700, 0.000000002, 0.000000007, 0.000000014, 0.000000379, 0.000000523, 0.000001700, 0, 1, 1, 1, 74.000000000
1646305721.903145313, 0.000000003, 0.000000005, 0.000000009, 0.000000478, 0.000000492, 0.000002410, 0.000000003, 0.000000005, 0.000000009, 0.000000478, 0.000000492, 0.000002410, 0, 1, 1, 0, 55.000000000
1646305721.953143358, 0.000000005, 0.000000010, 0.000000020, 0.000000580, 0.000000642, 0.000002078, 0.000000005, 0.000000010, 0.000000020, 0.000000580, 0.000000642, 0.000002078, 0, 1, 1, 0, 52.000000000
1646305722.003141642, 0.000000003, 0.000000010, 0.000000018, 0.000000753, 0.000000883, 0.000002495, 0.000000003, 0.000000010, 0.000000018, 0.000000753, 0.000000883, 0.000002495, 0, 1, 1, 0, 52.000000000
1646305722.053139687, 0.000000005, 0.000000011, 0.000000023, 0.000000688, 0.000000827, 0.000002120, 0.000000005, 0.000000011, 0.000000023, 0.000000688, 0.000000827, 0.000002119, 0, 1, 1, 0, 54.000000000
1646305722.103137732, 0.000000003, 0.000000010, 0.000000019, 0.000000797, 0.000000969, 0.000002538, 0.000000003, 0.000000010, 0.000000019, 0.000000797, 0.000000969, 0.000002538, 0, 1, 1, 0, 52.000000000
1646305722.153135777, 0.000000005, 0.000000010, 0.000000022, 0.000000690, 0.000000827, 0.000002130, 0.000000005, 0.000000010, 0.000000022, 0.000000690, 0.000000827, 0.000002130, 0, 1, 1, 0, 51.000000000
1646305722.203133821, 0.000000004, 0.000000011, 0.000000019, 0.000000802, 0.000000972, 0.000002597, 0.000000004, 0.000000011, 0.000000019, 0.000000802, 0.000000972, 0.000002596, 0, 1, 1, 0, 53.000000000
1646305722.253132105, 0.000000005, 0.000000010, 0.000000020, 0.000000692, 0.000000799, 0.000002119, 0.000000005, 0.000000010, 0.000000020, 0.000000692, 0.000000799, 0.000002119, 0, 1, 1, 0, 50.000000000
1646305722.303130150, 0.000000003, 0.000000010, 0.000000018, 0.000000804, 0.000000962, 0.000002409, 0.000000003, 0.000000010, 0.000000018, 0.000000804, 0.000000962, 0.000002408, 0, 1, 1, 0, 51.000000000
1646305722.353128195, 0.000000004, 0.000000010, 0.000000021, 0.000000684, 0.000000804, 0.000002050, 0.000000004, 0.000000010, 0.000000021, 0.000000684, 0.000000804, 0.000002050, 0, 1, 1, 0, 52.000000000
1646305722.403126240, 0.000000003, 0.000000009, 0.000000016, 0.000000790, 0.000000978, 0.000002264, 0.000000003, 0.000000009, 0.000000016, 0.000000790, 0.000000978, 0.000002264, 0, 1, 1, 0, 53.000000000
1646305722.453124523, 0.000000005, 0.000000010, 0.000000020, 0.000000684, 0.000000799, 0.000001988, 0.000000005, 0.000000010, 0.000000020, 0.000000684, 0.000000799, 0.000001988, 0, 1, 1, 0, 51.000000000
1646305722.503122568, 0.000000003, 0.000000009, 0.000000017, 0.000000773, 0.000000948, 0.000002220, 0.000000003, 0.000000009, 0.000000017, 0.000000773, 0.000000948, 0.000002220, 0, 1, 1, 0, 51.000000000
1646305722.553120613, 0.000000005, 0.000000010, 0.000000022, 0.000000707, 0.000000854, 0.000002229, 0.000000005, 0.000000010, 0.000000022, 0.000000707, 0.000000854, 0.000002228, 0, 1, 1, 0, 51.000000000
1646305722.678115845, 0.000000001, 0.000000003, 0.000000006, 0.000000319, 0.000000436, 0.000002104, 0.000000001, 0.000000003, 0.000000006, 0.000000319, 0.000000436, 0.000002104, 0, 1, 1, 0, 52.000000000
1646305722.753113031, 0.000000004, 0.000000007, 0.000000017, 0.000000489, 0.000000573, 0.000002190, 0.000000004, 0.000000007, 0.000000017, 0.000000489, 0.000000573, 0.000002190, 0, 1, 1, 0, 45.000000000
1646305722.853109121, 0.000000001, 0.000000003, 0.000000006, 0.000000313, 0.000000413, 0.000001948, 0.000000001, 0.000000003, 0.000000006, 0.000000313, 0.000000413, 0.000001947, 0, 1, 1, 1, 68.000000000
1646305722.928106546, 0.000000002, 0.000000006, 0.000000013, 0.000000359, 0.000000530, 0.000001926, 0.000000002, 0.000000006, 0.000000013, 0.000000359, 0.000000530, 0.000001926, 0, 1, 1, 1, 75.000000000
1646305723.003103495, 0.000000002, 0.000000004, 0.000000008, 0.000000448, 0.000000480, 0.000002222, 0.000000002, 0.000000004, 0.000000008, 0.000000448, 0.000000480, 0.000002222, 0, 1, 1, 1, 76.000000000
1646305723.053101540, 0.000000006, 0.000000009, 0.000000021, 0.000000576, 0.000000669, 0.000002619, 0.000000006, 0.000000009, 0.000000021, 0.000000576, 0.000000669, 0.000002619, 0, 1, 1, 0, 54.000000000
1646305723.178097010, 0.000000001, 0.000000003, 0.000000006, 0.000000335, 0.000000458, 0.000002370, 0.000000001, 0.000000003, 0.000000006, 0.000000335, 0.000000458, 0.000002370, 0, 1, 1, 1, 72.000000000
1646305723.253093958, 0.000000004, 0.000000007, 0.000000016, 0.000000512, 0.000000595, 0.000002522, 0.000000004, 0.000000007, 0.000000016, 0.000000512, 0.000000595, 0.000002522, 1, 1, 1, 0, 51.000000000
1646305723.353090286, 0.000000001, 0.000000004, 0.000000007, 0.000000313, 0.000000440, 0.000002161, 0.000000001, 0.000000004, 0.000000007, 0.000000313, 0.000000440, 0.000002161, 0, 1, 1, 1, 73.000000000
1646305723.428087473, 0.000000002, 0.000000006, 0.000000012, 0.000000360, 0.000000568, 0.000002045, 0.000000002, 0.000000006, 0.000000012, 0.000000360, 0.000000568, 0.000002045, 0, 1, 1, 1, 74.000000000
1646305723.553082705, 0.000000001, 0.000000003, 0.000000006, 0.000000318, 0.000000441, 0.000002147, 0.000000001, 0.000000003, 0.000000006, 0.000000318, 0.000000441, 0.000002147, 0, 1, 1, 1, 74.000000000
1646305723.653078794, 0.000000001, 0.000000004, 0.000000007, 0.000000307, 0.000000418, 0.000002036, 0.000000001, 0.000000004, 0.000000007, 0.000000307, 0.000000418, 0.000002036, 1, 0, 1, 1, 82.000000000
1646305723.753075123, 0.000000003, 0.000000014, 0.000000019, 0.000000535, 0.000000593, 0.000002160, 0.000000003, 0.000000013, 0.000000018, 0.000000223, 0.000000294, 0.000000963, 0, 1, 1, 0, 69.000000000
1646305723.853071213, 0.000000006, 0.000000022, 0.000000029, 0.000000562, 0.000000658, 0.000001616, 0.000000006, 0.000000022, 0.000000029, 0.000000562, 0.000000658, 0.000001616, 0, 1, 1, 0, 58.000000000
1646305723.878070354, 0.000000023, 0.000000094, 0.000000127, 0.000000725, 0.000000812, 0.000001820, 0.000000023, 0.000000094, 0.000000127, 0.000000725, 0.000000812, 0.000001820, 0, 1, 0, 0, 0.000000000
1646305724.003065586, 0.000000008, 0.000000022, 0.000000036, 0.000000638, 0.000000722, 0.000001991, 0.000000008, 0.000000022, 0.000000036, 0.000000638, 0.000000722, 0.000001991, 0, 1, 1, 0, 56.000000000
1646305724.103058338, 0.000000012, 0.000000021, 0.000000032, 0.000000617, 0.000000712, 0.000001870, 0.000000012, 0.000000021, 0.000000032, 0.000000617, 0.000000712, 0.000001870, 0, 1, 1, 1, 76.000000000
1646305724.153056383, 0.000000022, 0.000000030, 0.000000035, 0.000000777, 0.000001142, 0.000002044, 0.000000022, 0.000000029, 0.000000035, 0.000000756, 0.000001141, 0.000001984, 1, 1, 1, 0, 59.000000000
1646305724.228053570, 0.000000019, 0.000000033, 0.000000170, 0.000000865, 0.000001043, 0.000002040, 0.000000019, 0.000000033, 0.000000170, 0.000000865, 0.000001043, 0.000002040, 0, 1, 1, 0, 58.000000000
1646305724.278051615, 0.000000026, 0.000000041, 0.000000044, 0.000000698, 0.000000795, 0.000002134, 0.000000026, 0.000000041, 0.000000044, 0.000000698, 0.000000795, 0.000002134, 0, 1, 1, 0, 56.000000000
1646305724.328049660, 0.000000048, 0.000000060, 0.000000375, 0.000001203, 0.000001294, 0.000002391, 0.000000048, 0.000000060, 0.000000375, 0.000001203, 0.000001294, 0.000002391, 0, 1, 1, 0, 57.000000000
1646305724.378047943, 0.000000025, 0.000000036, 0.000000043, 0.000000796, 0.000000860, 0.000002232, 0.000000025, 0.000000036, 0.000000043, 0.000000796, 0.000000860, 0.000002232, 0, 1, 1, 0, 46.000000000
1646305724.428045988, 0.000000049, 0.000000066, 0.000000271, 0.000001181, 0.000001438, 0.000002355, 0.000000049, 0.000000066, 0.000000271, 0.000001181, 0.000001438, 0.000002355, 0, 1, 1, 0, 49.000000000
1646305724.478044033, 0.000000024, 0.000000037, 0.000000041, 0.000000811, 0.000000885, 0.000002111, 0.000000024, 0.000000037, 0.000000041, 0.000000811, 0.000000885, 0.000002111, 0, 1, 1, 0, 46.000000000
1646305724.528042078, 0.000000048, 0.000000064, 0.000000186, 0.000001126, 0.000001552, 0.000002289, 0.000000048, 0.000000064, 0.000000186, 0.000001126, 0.000001552, 0.000002289, 0, 1, 1, 0, 49.000000000
1646305724.653037310, 0.000000011, 0.000000014, 0.000000019, 0.000000522, 0.000000561, 0.000001588, 0.000000011, 0.000000014, 0.000000019, 0.000000522, 0.000000561, 0.000001588, 0, 1, 1, 1, 74.000000000
1646305724.753033638, 0.000000011, 0.000000011, 0.000000024, 0.000000458, 0.000000649, 0.000001240, 0.000000011, 0.000000011, 0.000000024, 0.000000458, 0.000000649, 0.000001240, 1, 1, 1, 1, 78.000000000
1646305724.853029728, 0.000000009, 0.000000012, 0.000000031, 0.000000433, 0.000000805, 0.000001214, 0.000000009, 0.000000012, 0.000000031, 0.000000433, 0.000000805, 0.000001214, 0, 1, 1, 1, 98.000000000
1646305724.903027773, 0.000000026, 0.000000041, 0.000000256, 0.000000887, 0.000001625, 0.000001892, 0.000000026, 0.000000041, 0.000000256, 0.000000887, 0.000001625, 0.000001892, 0, 1, 0, 1, 55.000000000
1646305724.953026056, 0.000000011, 0.000000013, 0.000000025, 0.000000310, 0.000000398, 0.000000730, 0.000000011, 0.000000013, 0.000000025, 0.000000310, 0.000000398, 0.000000730, 0, 1, 0, 1, 86.000000000
1646305725.028023243, 0.000000024, 0.000000077, 0.000000282, 0.000000864, 0.000001169, 0.000002046, 0.000000024, 0.000000077, 0.000000282, 0.000000864, 0.000001169, 0.000002046, 0, 1, 0, 1, 101.000000000
1646305725.153018475, 0.000000023, 0.000000035, 0.000000122, 0.000001353, 0.000001556, 0.000003308, 0.000000023, 0.000000035, 0.000000122, 0.000001353, 0.000001556, 0.000003308, 0, 1, 1, 1, 119.000000000
1646305725.253014565, 0.000000083, 0.000000117, 0.000000325, 0.000001114, 0.000002279, 0.000004847, 0.000000083, 0.000000117, 0.000000325, 0.000001114, 0.000002279, 0.000004847, 0, 1, 1, 1, 128.000000000
1646305725.303012848, 0.000000778, 0.000000887, 0.000001231, 0.000001456, 0.000003025, 0.000006961, 0.000000778, 0.000000887, 0.000001231, 0.000001456, 0.000003025, 0.000006961, 0, 1, 1, 0, 42.000000000
1646305725.353010893, 0.000000027, 0.000000167, 0.000000218, 0.000000180, 0.000000763, 0.000003914, 0.000000027, 0.000000167, 0.000000218, 0.000000180, 0.000000763, 0.000003914, 0, 1, 1, 0, 53.000000000
1646305725.478006124, 0.000000037, 0.000000149, 0.000000274, 0.000000675, 0.000001540, 0.000005109, 0.000000037, 0.000000149, 0.000000274, 0.000000675, 0.000001540, 0.000005109, 0, 1, 1, 1, 144.000000000
1646305725.553003311, 0.000000029, 0.000000103, 0.000000153, 0.000000840, 0.000001434, 0.000004706, 0.000000029, 0.000000103, 0.000000153, 0.000000840, 0.000001434, 0.000004706, 0, 1, 1, 1, 166.000000000
1646305725.603001356, 0.000000251, 0.000000557, 0.000000674, 0.000001281, 0.000002288, 0.000006697, 0.000000251, 0.000000557, 0.000000674, 0.000001281, 0.000002288, 0.000006697, 0, 1, 1, 0, 95.000000000
1646305725.652999401, 0.000000009, 0.000000029, 0.000000057, 0.000000251, 0.000000532, 0.000002148, 0.000000009, 0.000000029, 0.000000057, 0.000000251, 0.000000532, 0.000002148, 0, 1, 1, 0, 78.000000000
1646305725.702997684, 0.000000063, 0.000000195, 0.000000386, 0.000000655, 0.000001028, 0.000002934, 0.000000063, 0.000000195, 0.000000386, 0.000000655, 0.000001028, 0.000002934, 0, 1, 1, 0, 83.000000000
1646305725.752995729, 0.000000008, 0.000000022, 0.000000023, 0.000000282, 0.000000460, 0.000001707, 0.000000008, 0.000000022, 0.000000023, 0.000000282, 0.000000460, 0.000001707, 0, 1, 1, 0, 68.000000000
1646305725.802993774, 0.000000030, 0.000000066, 0.000000140, 0.000000740, 0.000000991, 0.000002201, 0.000000030, 0.000000066, 0.000000140, 0.000000740, 0.000000991, 0.000002201, 0, 1, 1, 0, 70.000000000
1646305725.852991819, 0.000000009, 0.000000017, 0.000000018, 0.000000387, 0.000000482, 0.000001135, 0.000000009, 0.000000017, 0.000000018, 0.000000387, 0.000000482, 0.000001135, 0, 1, 1, 0, 55.000000000
1646305725.952988148, 0.000000011, 0.000000014, 0.000000025, 0.000000600, 0.000000663, 0.000001164, 0.000000011, 0.000000014, 0.000000025, 0.000000600, 0.000000663, 0.000001164, 0, 1, 1, 1, 85.000000000
1646305726.027985334, 0.000000011, 0.000000011, 0.000000090, 0.000000527, 0.000000689, 0.000000989, 0.000000011, 0.000000011, 0.000000090, 0.000000527, 0.000000689, 0.000000989, 1, 1, 1, 0, 47.000000000
1646305726.077983379, 0.000000012, 0.000000014, 0.000000032, 0.000000561, 0.000000678, 0.000000954, 0.000000012, 0.000000014, 0.000000032, 0.000000561, 0.000000678, 0.000000954, 0, 1, 1, 0, 38.000000000
1646305726.152980328, 0.000000017, 0.000000022, 0.000000030, 0.000000566, 0.000000872, 0.000001414, 0.000000017, 0.000000022, 0.000000030, 0.000000566, 0.000000872, 0.000001413, 0, 1, 1, 0, 46.000000000
1646305726.202978611, 0.000000020, 0.000000027, 0.000000101, 0.000000958, 0.000001241, 0.000001433, 0.000000020, 0.000000027, 0.000000101, 0.000000958, 0.000001241, 0.000001433, 0, 1, 1, 0, 41.000000000
1646305726.302974701, 0.000000005, 0.000000006, 0.000000010, 0.000000087, 0.000000220, 0.000000276, 0.000000005, 0.000000006, 0.000000010, 0.000000087, 0.000000220, 0.000000276, 0, 1, 1, 1, 60.000000000
1646305726.352972746, 0.000000015, 0.000000017, 0.000000021, 0.000000303, 0.000000475, 0.000000528, 0.000000015, 0.000000017, 0.000000021, 0.000000303, 0.000000475, 0.000000528, 0, 1, 1, 0, 41.000000000
1646305726.402971029, 0.000000018, 0.000000020, 0.000000073, 0.000000772, 0.000000977, 0.000001099, 0.000000018, 0.000000020, 0.000000073, 0.000000772, 0.000000977, 0.000001099, 0, 1, 1, 0, 27.000000000
1646305726.452969074, 0.000000013, 0.000000016, 0.000000030, 0.000000611, 0.000000879, 0.000001011, 0.000000013, 0.000000016, 0.000000030, 0.000000611, 0.000000879, 0.000001011, 0, 1, 1, 0, 43.000000000
1646305726.502967358, 0.000000019, 0.000000021, 0.000000081, 0.000001038, 0.000001242, 0.000001448, 0.000000019, 0.000000021, 0.000000081, 0.000001038, 0.000001242, 0.000001448, 0, 1, 1, 0, 42.000000000
1646305726.552965403, 0.000000010, 0.000000017, 0.000000034, 0.000000521, 0.000001010, 0.000001173, 0.000000010, 0.000000017, 0.000000034, 0.000000521, 0.000001010, 0.000001173, 0, 1, 1, 0, 50.000000000
1646305726.602963448, 0.000000026, 0.000000027, 0.000000122, 0.000000931, 0.000001319, 0.000001738, 0.000000026, 0.000000027, 0.000000122, 0.000000931, 0.000001319, 0.000001738, 0, 1, 1, 0, 47.000000000
1646305726.702959538, 0.000000008, 0.000000010, 0.000000024, 0.000000508, 0.000000819, 0.000001098, 0.000000008, 0.000000010, 0.000000024, 0.000000508, 0.000000819, 0.000001098, 0, 1, 1, 1, 106.000000000
1646305726.752957821, 0.000000013, 0.000000016, 0.000000029, 0.000000515, 0.000000916, 0.000001085, 0.000000013, 0.000000016, 0.000000029, 0.000000515, 0.000000916, 0.000001085, 0, 1, 1, 0, 40.000000000
1646305726.802955866, 0.000000036, 0.000000052, 0.000000273, 0.000000950, 0.000001667, 0.000001826, 0.000000036, 0.000000052, 0.000000273, 0.000000950, 0.000001667, 0.000001826, 0, 1, 1, 0, 43.000000000
1646305726.902951956, 0.000000010, 0.000000011, 0.000000032, 0.000000578, 0.000000990, 0.000001289, 0.000000010, 0.000000011, 0.000000032, 0.000000578, 0.000000990, 0.000001289, 0, 1, 1, 1, 139.000000000
1646305726.952950239, 0.000000014, 0.000000015, 0.000000037, 0.000000578, 0.000000945, 0.000001222, 0.000000014, 0.000000015, 0.000000037, 0.000000578, 0.000000945, 0.000001222, 0, 1, 1, 0, 58.000000000
1646305727.002948284, 0.000000041, 0.000000057, 0.000000200, 0.000000992, 0.000001821, 0.000001977, 0.000000041, 0.000000057, 0.000000200, 0.000000992, 0.000001821, 0.000001977, 0, 1, 1, 0, 64.000000000
1646305727.052946329, 0.000000011, 0.000000012, 0.000000025, 0.000000199, 0.000000443, 0.000000516, 0.000000011, 0.000000012, 0.000000025, 0.000000199, 0.000000443, 0.000000516, 0, 1, 1, 0, 57.000000000
1646305727.102944374, 0.000000040, 0.000000049, 0.000000171, 0.000000557, 0.000001026, 0.000001066, 0.000000040, 0.000000049, 0.000000171, 0.000000557, 0.000001026, 0.000001066, 0, 1, 1, 0, 63.000000000
1646305727.152942419, 0.000000020, 0.000000023, 0.000000033, 0.000000727, 0.000001035, 0.000001392, 0.000000020, 0.000000023, 0.000000033, 0.000000727, 0.000001035, 0.000001392, 0, 1, 1, 0, 62.000000000
1646305727.202940702, 0.000000041, 0.000000046, 0.000000162, 0.000001280, 0.000002098, 0.000002365, 0.000000041, 0.000000046, 0.000000162, 0.000001280, 0.000002098, 0.000002365, 0, 1, 1, 0, 73.000000000
1646305727.252938747, 0.000000013, 0.000000017, 0.000000020, 0.000000191, 0.000000407, 0.000000509, 0.000000013, 0.000000017, 0.000000020, 0.000000191, 0.000000407, 0.000000509, 0, 1, 1, 0, 71.000000000
1646305727.352934837, 0.000000013, 0.000000013, 0.000000016, 0.000000573, 0.000000619, 0.000001128, 0.000000013, 0.000000013, 0.000000016, 0.000000573, 0.000000619, 0.000001128, 1, 1, 1, 0, 75.000000000
1646305727.402932882, 0.000000022, 0.000000026, 0.000000079, 0.000001240, 0.000001274, 0.000001617, 0.000000022, 0.000000026, 0.000000079, 0.000001240, 0.000001274, 0.000001617, 0, 1, 1, 0, 82.000000000
1646305727.452931166, 0.000000011, 0.000000017, 0.000000019, 0.000000367, 0.000000403, 0.000000462, 0.000000011, 0.000000017, 0.000000019, 0.000000367, 0.000000403, 0.000000462, 0, 1, 1, 0, 84.000000000
1646305727.502929211, 0.000000024, 0.000000030, 0.000000114, 0.000000814, 0.000000926, 0.000000975, 0.000000024, 0.000000030, 0.000000114, 0.000000814, 0.000000926, 0.000000975, 0, 1, 1, 0, 86.000000000
1646305727.552927256, 0.000000008, 0.000000016, 0.000000018, 0.000000366, 0.000000409, 0.000000452, 0.000000008, 0.000000016, 0.000000018, 0.000000366, 0.000000409, 0.000000452, 0, 1, 1, 0, 84.000000000
1646305727.652923584, 0.000000006, 0.000000007, 0.000000010, 0.000000232, 0.000000265, 0.000000506, 0.000000006, 0.000000007, 0.000000010, 0.000000232, 0.000000265, 0.000000506, 0, 1, 1, 0, 83.000000000
1646305727.752919674, 0.000000009, 0.000000010, 0.000000014, 0.000000544, 0.000000591, 0.000001026, 0.000000009, 0.000000010, 0.000000014, 0.000000544, 0.000000591, 0.000001026, 0, 1, 1, 1, 148.000000000
1646305727.852916002, 0.000000009, 0.000000011, 0.000000014, 0.000000614, 0.000000665, 0.000001231, 0.000000009, 0.000000011, 0.000000014, 0.000000614, 0.000000665, 0.000001231, 0, 1, 1, 1, 134.000000000
1646305727.927913189, 0.000000018, 0.000000023, 0.000000085, 0.000001184, 0.000001346, 0.000001626, 0.000000018, 0.000000023, 0.000000085, 0.000001184, 0.000001346, 0.000001626, 0, 1, 1, 0, 68.000000000
1646305727.977911234, 0.000000021, 0.000000022, 0.000000059, 0.000000863, 0.000001542, 0.000002334, 0.000000021, 0.000000022, 0.000000059, 0.000000863, 0.000001542, 0.000002334, 0, 1, 1, 0, 69.000000000
1646305728.077898979, 0.000000004, 0.000000008, 0.000000012, 0.000000356, 0.000000407, 0.000000796, 0.000000004, 0.000000008, 0.000000012, 0.000000356, 0.000000407, 0.000000796, 1, 1, 1, 0, 64.000000000
1646305728.127897024, 0.000000012, 0.000000017, 0.000000035, 0.000000579, 0.000000640, 0.000000874, 0.000000012, 0.000000017, 0.000000035, 0.000000579, 0.000000640, 0.000000874, 0, 1, 1, 0, 76.000000000
1646305728.252892017, 0.000000005, 0.000000009, 0.000000022, 0.000000548, 0.000000992, 0.000001480, 0.000000005, 0.000000009, 0.000000022, 0.000000548, 0.000000992, 0.000001480, 1, 1, 1, 1, 136.000000000
1646305728.352888107, 0.000000006, 0.000000008, 0.000000016, 0.000000563, 0.000000782, 0.000001077, 0.000000006, 0.000000008, 0.000000016, 0.000000563, 0.000000782, 0.000001077, 0, 1, 1, 1, 122.000000000
1646305728.452884197, 0.000000006, 0.000000008, 0.000000015, 0.000000547, 0.000000726, 0.000000999, 0.000000006, 0.000000008, 0.000000015, 0.000000547, 0.000000726, 0.000000999, 0, 1, 1, 1, 123.000000000
1646305728.502882242, 0.000000012, 0.000000023, 0.000000070, 0.000001125, 0.000001201, 0.000001523, 0.000000012, 0.000000023, 0.000000070, 0.000001125, 0.000001201, 0.000001523, 0, 1, 1, 0, 69.000000000
1646305728.552880049, 0.000000005, 0.000000010, 0.000000013, 0.000000324, 0.000000493, 0.000000603, 0.000000005, 0.000000010, 0.000000013, 0.000000324, 0.000000493, 0.000000603, 0, 1, 1, 0, 67.000000000
1646305728.652876139, 0.000000005, 0.000000006, 0.000000012, 0.000000499, 0.000000575, 0.000000806, 0.000000005, 0.000000006, 0.000000012, 0.000000499, 0.000000575, 0.000000806, 0, 1, 0, 1, 66.000000000
1646305728.752872229, 0.000000005, 0.000000006, 0.000000012, 0.000000510, 0.000000580, 0.000000807, 0.000000005, 0.000000006, 0.000000012, 0.000000506, 0.000000573, 0.000000778, 0, 1, 1, 1, 133.000000000
1646305728.852868080, 0.000000006, 0.000000007, 0.000000011, 0.000000526, 0.000000583, 0.000000808, 0.000000006, 0.000000007, 0.000000011, 0.000000523, 0.000000577, 0.000000772, 0, 1, 1, 1, 151.000000000
1646305728.902866125, 0.000000020, 0.000000027, 0.000000117, 0.000001151, 0.000001200, 0.000001287, 0.000000020, 0.000000027, 0.000000117, 0.000001151, 0.000001200, 0.000001287, 0, 1, 0, 1, 94.000000000
1646305729.052860260, 0.000000005, 0.000000007, 0.000000008, 0.000000139, 0.000000202, 0.000000771, 0.000000005, 0.000000007, 0.000000008, 0.000000139, 0.000000202, 0.000000771, 0, 1, 1, 1, 142.000000000
1646305729.102858305, 0.000000052, 0.000000064, 0.000000294, 0.000000512, 0.000000603, 0.000001372, 0.000000052, 0.000000064, 0.000000294, 0.000000512, 0.000000603, 0.000001372, 0, 1, 1, 0, 46.000000000
1646305729.152856112, 0.000000013, 0.000000034, 0.000000039, 0.000000319, 0.000000383, 0.000001652, 0.000000013, 0.000000034, 0.000000039, 0.000000319, 0.000000383, 0.000001652, 0, 1, 1, 0, 53.000000000
1646305729.277851343, 0.000000011, 0.000000025, 0.000000029, 0.000000234, 0.000000366, 0.000001906, 0.000000011, 0.000000025, 0.000000029, 0.000000234, 0.000000366, 0.000001906, 1, 1, 1, 1, 167.000000000
1646305729.327849388, 0.000000126, 0.000000209, 0.000000347, 0.000000584, 0.000000876, 0.000003240, 0.000000126, 0.000000209, 0.000000347, 0.000000584, 0.000000876, 0.000003240, 0, 1, 1, 0, 82.000000000
1646305729.377847433, 0.000000028, 0.000000067, 0.000000330, 0.000000997, 0.000001118, 0.000003836, 0.000000028, 0.000000067, 0.000000330, 0.000000997, 0.000001118, 0.000003836, 0, 1, 1, 0, 100.000000000
1646305729.427845478, 0.000000136, 0.000000138, 0.000000356, 0.000000641, 0.000002071, 0.000006216, 0.000000136, 0.000000138, 0.000000356, 0.000000641, 0.000002071, 0.000006216, 0, 1, 1, 0, 92.000000000
1646305729.477843523, 0.000000024, 0.000000074, 0.000000228, 0.000000897, 0.000001382, 0.000005877, 0.000000024, 0.000000074, 0.000000228, 0.000000897, 0.000001382, 0.000005877, 0, 1, 1, 0, 96.000000000
1646305729.527841330, 0.000000443, 0.000000832, 0.000001075, 0.000001685, 0.000002585, 0.000009130, 0.000000443, 0.000000832, 0.000001075, 0.000001685, 0.000002585, 0.000009130, 0, 1, 1, 0, 100.000000000
1646305729.577839375, 0.000000028, 0.000000073, 0.000000268, 0.000001301, 0.000001569, 0.000006540, 0.000000028, 0.000000073, 0.000000268, 0.000001301, 0.000001569, 0.000006540, 0, 1, 1, 0, 108.000000000
1646305729.627837420, 0.000000102, 0.000000328, 0.000000792, 0.000000786, 0.000002443, 0.000008343, 0.000000102, 0.000000328, 0.000000792, 0.000000786, 0.000002443, 0.000008343, 0, 1, 1, 0, 107.000000000
1646305729.677835464, 0.000000025, 0.000000057, 0.000000155, 0.000000898, 0.000001354, 0.000005426, 0.000000025, 0.000000057, 0.000000155, 0.000000898, 0.000001354, 0.000005426, 0, 1, 1, 0, 111.000000000
1646305729.802830458, 0.000000016, 0.000000023, 0.000000031, 0.000000616, 0.000001127, 0.000003564, 0.000000016, 0.000000023, 0.000000031, 0.000000616, 0.000001127, 0.000003564, 0, 1, 1, 1, 218.000000000
1646305729.877827406, 0.000000008, 0.000000011, 0.000000012, 0.000000216, 0.000000251, 0.000001143, 0.000000008, 0.000000011, 0.000000012, 0.000000216, 0.000000251, 0.000001143, 0, 1, 1, 0, 78.000000000
1646305729.952824593, 0.000000012, 0.000000013, 0.000000016, 0.000000521, 0.000000566, 0.000001072, 0.000000012, 0.000000013, 0.000000016, 0.000000521, 0.000000566, 0.000001072, 0, 1, 1, 0, 67.000000000
1646305730.052820444, 0.000000006, 0.000000007, 0.000000017, 0.000000530, 0.000000596, 0.000000879, 0.000000006, 0.000000007, 0.000000017, 0.000000530, 0.000000596, 0.000000879, 0, 1, 1, 1, 148.000000000
1646305730.152816534, 0.000000006, 0.000000007, 0.000000014, 0.000000481, 0.000000535, 0.000000812, 0.000000006, 0.000000007, 0.000000014, 0.000000481, 0.000000535, 0.000000812, 0, 1, 1, 1, 152.000000000
1646305730.252812624, 0.000000006, 0.000000007, 0.000000013, 0.000000457, 0.000000499, 0.000000775, 0.000000006, 0.000000007, 0.000000013, 0.000000457, 0.000000499, 0.000000775, 0, 1, 1, 1, 146.000000000
1646305730.377807617, 0.000000004, 0.000000005, 0.000000012, 0.000000394, 0.000000418, 0.000000699, 0.000000004, 0.000000005, 0.000000012, 0.000000394, 0.000000418, 0.000000699, 1, 1, 1, 1, 156.000000000
1646305730.477803707, 0.000000006, 0.000000007, 0.000000012, 0.000000440, 0.000000505, 0.000000768, 0.000000006, 0.000000007, 0.000000012, 0.000000440, 0.000000505, 0.000000768, 0, 1, 1, 1, 147.000000000
1646305730.602798700, 0.000000007, 0.000000008, 0.000000013, 0.000000470, 0.000000550, 0.000000810, 0.000000007, 0.000000008, 0.000000013, 0.000000470, 0.000000550, 0.000000810, 0, 1, 1, 1, 124.000000000
1646305730.752792835, 0.000000006, 0.000000006, 0.000000008, 0.000000381, 0.000000424, 0.000000528, 0.000000006, 0.000000006, 0.000000008, 0.000000381, 0.000000424, 0.000000528, 0, 1, 1, 1, 123.000000000
1646305730.802790642, 0.000000024, 0.000000054, 0.000000255, 0.000000633, 0.000000855, 0.000001024, 0.000000024, 0.000000054, 0.000000255, 0.000000633, 0.000000855, 0.000001024, 1, 1, 0, 1, 116.000000000
1646305730.902786732, 0.000000008, 0.000000009, 0.000000014, 0.000000411, 0.000000569, 0.000000680, 0.000000008, 0.000000009, 0.000000013, 0.000000408, 0.000000538, 0.000000620, 0, 1, 0, 1, 16.000000000
1646305730.952784777, 0.000000010, 0.000000011, 0.000000032, 0.000000392, 0.000000639, 0.000000833, 0.000000010, 0.000000011, 0.000000032, 0.000000392, 0.000000639, 0.000000833, 0, 1, 0, 1, 4.000000000
1646305731.052780867, 0.000000007, 0.000000007, 0.000000014, 0.000000337, 0.000000390, 0.000000802, 0.000000007, 0.000000007, 0.000000014, 0.000000337, 0.000000390, 0.000000802, 0, 1, 1, 0, 46.000000000
1646305731.152776718, 0.000000005, 0.000000006, 0.000000012, 0.000000345, 0.000000364, 0.000000592, 0.000000005, 0.000000006, 0.000000012, 0.000000345, 0.000000364, 0.000000592, 0, 1, 1, 1, 40.000000000
1646305731.202775002, 0.000000015, 0.000000018, 0.000000032, 0.000000618, 0.000000674, 0.000000765, 0.000000015, 0.000000018, 0.000000032, 0.000000618, 0.000000674, 0.000000765, 0, 1, 1, 0, 39.000000000
1646305731.252773046, 0.000000009, 0.000000013, 0.000000023, 0.000000339, 0.000000392, 0.000000579, 0.000000009, 0.000000013, 0.000000023, 0.000000339, 0.000000392, 0.000000579, 0, 1, 1, 0, 3.000000000
1646305731.302770853, 0.000000013, 0.000000014, 0.000000035, 0.000000456, 0.000000675, 0.000000947, 0.000000013, 0.000000014, 0.000000035, 0.000000456, 0.000000675, 0.000000947, 0, 1, 1, 0, 10.000000000
1646305731.352768898, 0.000000006, 0.000000011, 0.000000021, 0.000000315, 0.000000505, 0.000000724, 0.000000006, 0.000000011, 0.000000021, 0.000000315, 0.000000505, 0.000000724, 0, 1, 1, 0, 6.000000000
1646305731.477764130, 0.000000004, 0.000000006, 0.000000013, 0.000000396, 0.000000476, 0.000000499, 0.000000004, 0.000000006, 0.000000013, 0.000000396, 0.000000476, 0.000000499, 0, 1, 1, 1, 57.000000000
1646305731.527761936, 0.000000016, 0.000000023, 0.000000062, 0.000000630, 0.000000894, 0.000000933, 0.000000016, 0.000000023, 0.000000062, 0.000000630, 0.000000894, 0.000000933, 0, 1, 1, 0, 5.000000000
1646305731.652756929, 0.000000004, 0.000000006, 0.000000008, 0.000000444, 0.000000475, 0.000000659, 0.000000004, 0.000000006, 0.000000008, 0.000000444, 0.000000475, 0.000000659, 0, 1, 1, 1, 68.000000000
1646305731.727754116, 0.000000007, 0.000000009, 0.000000026, 0.000000458, 0.000000594, 0.000000856, 0.000000007, 0.000000009, 0.000000026, 0.000000458, 0.000000594, 0.000000856, 0, 1, 1, 1, 115.000000000
1646305731.827749968, 0.000000006, 0.000000007, 0.000000017, 0.000000495, 0.000000651, 0.000000967, 0.000000006, 0.000000007, 0.000000017, 0.000000495, 0.000000651, 0.000000967, 1, 1, 1, 0, 65.000000000
1646305731.952745199, 0.000000005, 0.000000005, 0.000000012, 0.000000410, 0.000000528, 0.000000803, 0.000000005, 0.000000005, 0.000000012, 0.000000410, 0.000000528, 0.000000803, 0, 1, 1, 1, 121.000000000
1646305732.027742147, 0.000000006, 0.000000006, 0.000000030, 0.000000593, 0.000000652, 0.000000770, 0.000000006, 0.000000006, 0.000000030, 0.000000593, 0.000000652, 0.000000770, 0, 1, 1, 1, 81.000000000
1646305732.102735281, 0.000000006, 0.000000007, 0.000000026, 0.000000720, 0.000000768, 0.000000886, 0.000000006, 0.000000007, 0.000000026, 0.000000720, 0.000000768, 0.000000886, 0, 1, 1, 1, 104.000000000
1646305732.152733326, 0.000000008, 0.000000013, 0.000000014, 0.000000182, 0.000000486, 0.000000555, 0.000000008, 0.000000013, 0.000000014, 0.000000182, 0.000000486, 0.000000555, 0, 1, 1, 0, 51.000000000
1646305732.202731371, 0.000000011, 0.000000014, 0.000000044, 0.000000558, 0.000000852, 0.000001014, 0.000000011, 0.000000014, 0.000000044, 0.000000558, 0.000000852, 0.000001014, 0, 1, 1, 0, 56.000000000
1646305732.252729416, 0.000000008, 0.000000013, 0.000000015, 0.000000173, 0.000000428, 0.000000603, 0.000000008, 0.000000013, 0.000000015, 0.000000173, 0.000000428, 0.000000603, 0, 1, 1, 0, 70.000000000
1646305732.302727461, 0.000000011, 0.000000014, 0.000000059, 0.000000547, 0.000000860, 0.000000923, 0.000000011, 0.000000014, 0.000000059, 0.000000547, 0.000000860, 0.000000923, 0, 1, 1, 0, 82.000000000
1646305732.352725267, 0.000000007, 0.000000013, 0.000000015, 0.000000159, 0.000000381, 0.000000571, 0.000000007, 0.000000013, 0.000000015, 0.000000159, 0.000000381, 0.000000571, 0, 1, 1, 0, 93.000000000
1646305732.402723312, 0.000000011, 0.000000013, 0.000000059, 0.000000517, 0.000000815, 0.000000871, 0.000000011, 0.000000013, 0.000000059, 0.000000517, 0.000000815, 0.000000871, 0, 1, 1, 0, 92.000000000
1646305732.452721357, 0.000000008, 0.000000013, 0.000000015, 0.000000167, 0.000000382, 0.000000524, 0.000000008, 0.000000013, 0.000000015, 0.000000167, 0.000000382, 0.000000524, 0, 1, 1, 0, 97.000000000
1646305732.502719402, 0.000000010, 0.000000013, 0.000000050, 0.000000523, 0.000000821, 0.000000847, 0.000000010, 0.000000013, 0.000000050, 0.000000523, 0.000000821, 0.000000847, 0, 1, 1, 0, 86.000000000
1646305732.552717447, 0.000000011, 0.000000014, 0.000000019, 0.000000281, 0.000000535, 0.000000572, 0.000000011, 0.000000014, 0.000000019, 0.000000281, 0.000000535, 0.000000572, 0, 1, 1, 0, 86.000000000
1646305732.602715254, 0.000000012, 0.000000016, 0.000000053, 0.000000681, 0.000000933, 0.000001042, 0.000000012, 0.000000016, 0.000000053, 0.000000681, 0.000000933, 0.000001042, 0, 1, 1, 0, 63.000000000
1646305732.652713299, 0.000000014, 0.000000017, 0.000000027, 0.000000440, 0.000000687, 0.000000783, 0.000000014, 0.000000017, 0.000000027, 0.000000440, 0.000000687, 0.000000783, 0, 1, 1, 0, 40.000000000
1646305732.752709389, 0.000000005, 0.000000007, 0.000000024, 0.000000546, 0.000000711, 0.000000940, 0.000000005, 0.000000007, 0.000000024, 0.000000546, 0.000000711, 0.000000940, 0, 1, 1, 1, 57.000000000
1646305732.852705479, 0.000000004, 0.000000006, 0.000000018, 0.000000227, 0.000000265, 0.000000379, 0.000000004, 0.000000006, 0.000000018, 0.000000227, 0.000000265, 0.000000379, 1, 1, 1, 1, 62.000000000
1646305732.952701569, 0.000000003, 0.000000006, 0.000000020, 0.000000196, 0.000000276, 0.000000401, 0.000000003, 0.000000006, 0.000000020, 0.000000196, 0.000000276, 0.000000401, 0, 1, 1, 1, 46.000000000
1646305733.027698517, 0.000000004, 0.000000006, 0.000000017, 0.000000162, 0.000000323, 0.000000435, 0.000000004, 0.000000006, 0.000000017, 0.000000162, 0.000000323, 0.000000435, 1, 1, 1, 0, 17.000000000
1646305733.102695465, 0.000000009, 0.000000010, 0.000000032, 0.000000312, 0.000000531, 0.000000862, 0.000000009, 0.000000010, 0.000000032, 0.000000312, 0.000000531, 0.000000862, 0, 1, 1, 1, 35.000000000
1646305733.202691555, 0.000000005, 0.000000006, 0.000000020, 0.000000164, 0.000000303, 0.000000540, 0.000000005, 0.000000006, 0.000000020, 0.000000164, 0.000000303, 0.000000540, 1, 1, 1, 0, 12.000000000
1646305733.302687645, 0.000000006, 0.000000006, 0.000000022, 0.000000165, 0.000000264, 0.000000481, 0.000000006, 0.000000006, 0.000000022, 0.000000165, 0.000000264, 0.000000481, 0, 1, 1, 1, 41.000000000
1646305733.352685690, 0.000000013, 0.000000032, 0.000000120, 0.000000479, 0.000000558, 0.000001027, 0.000000013, 0.000000032, 0.000000120, 0.000000479, 0.000000558, 0.000001027, 0, 1, 0, 1, 49.000000000
1646305733.452681541, 0.000000005, 0.000000008, 0.000000026, 0.000000192, 0.000000289, 0.000000533, 0.000000005, 0.000000008, 0.000000026, 0.000000192, 0.000000289, 0.000000533, 0, 1, 1, 0, 0.000000000
1646305733.502679586, 0.000000012, 0.000000023, 0.000000050, 0.000000266, 0.000000349, 0.000000600, 0.000000012, 0.000000023, 0.000000050, 0.000000266, 0.000000349, 0.000000600, 1, 1, 1, 0, 13.000000000
1646305733.627674580, 0.000000007, 0.000000008, 0.000000037, 0.000000666, 0.000000819, 0.000001062, 0.000000007, 0.000000008, 0.000000037, 0.000000666, 0.000000819, 0.000001062, 1, 1, 1, 0, 25.000000000
1646305733.702671766, 0.000000013, 0.000000028, 0.000000067, 0.000000505, 0.000000652, 0.000000927, 0.000000013, 0.000000028, 0.000000067, 0.000000505, 0.000000652, 0.000000927, 1, 1, 1, 0, 20.000000000
1646305733.827666759, 0.000000008, 0.000000009, 0.000000038, 0.000000647, 0.000000956, 0.000001110, 0.000000008, 0.000000009, 0.000000038, 0.000000647, 0.000000956, 0.000001110, 0, 1, 1, 1, 42.000000000
1646305733.952661753, 0.000000005, 0.000000009, 0.000000026, 0.000000229, 0.000000411, 0.000000576, 0.000000005, 0.000000009, 0.000000026, 0.000000229, 0.000000411, 0.000000576, 1, 1, 1, 1, 71.000000000
1646305734.027658939, 0.000000005, 0.000000008, 0.000000022, 0.000000194, 0.000000351, 0.000000485, 0.000000005, 0.000000008, 0.000000022, 0.000000194, 0.000000351, 0.000000485, 0, 1, 1, 1, 49.000000000
1646305734.102655888, 0.000000015, 0.000000037, 0.000000043, 0.000000410, 0.000000647, 0.000000807, 0.000000015, 0.000000037, 0.000000043, 0.000000410, 0.000000647, 0.000000807, 0, 1, 1, 0, 0.000000000
1646305734.152653933, 0.000000014, 0.000000030, 0.000000071, 0.000000821, 0.000000933, 0.000001375, 0.000000014, 0.000000030, 0.000000071, 0.000000821, 0.000000933, 0.000001375, 0, 1, 1, 0, 0.000000000
1646305734.252650023, 0.000000006, 0.000000009, 0.000000020, 0.000000222, 0.000000422, 0.000000587, 0.000000006, 0.000000009, 0.000000020, 0.000000222, 0.000000422, 0.000000587, 0, 1, 1, 1, 45.000000000
1646305734.302647829, 0.000000014, 0.000000039, 0.000000045, 0.000000326, 0.000000523, 0.000000657, 0.000000014, 0.000000039, 0.000000045, 0.000000326, 0.000000523, 0.000000657, 0, 1, 1, 0, 0.000000000
1646305734.352645874, 0.000000015, 0.000000027, 0.000000065, 0.000000753, 0.000000862, 0.000001179, 0.000000015, 0.000000027, 0.000000065, 0.000000753, 0.000000862, 0.000001179, 0, 1, 1, 0, 0.000000000
1646305734.452641964, 0.000000005, 0.000000008, 0.000000020, 0.000000235, 0.000000407, 0.000000567, 0.000000005, 0.000000008, 0.000000020, 0.000000235, 0.000000407, 0.000000567, 0, 1, 0, 1, 49.000000000
1646305734.527638912, 0.000000006, 0.000000008, 0.000000020, 0.000000208, 0.000000349, 0.000000484, 0.000000006, 0.000000008, 0.000000020, 0.000000208, 0.000000349, 0.000000484, 0, 1, 1, 1, 61.000000000
1646305734.652633905, 0.000000006, 0.000000008, 0.000000018, 0.000000236, 0.000000404, 0.000000565, 0.000000006, 0.000000008, 0.000000018, 0.000000236, 0.000000404, 0.000000565, 0, 1, 1, 1, 59.000000000
1646305734.752629995, 0.000000006, 0.000000008, 0.000000018, 0.000000227, 0.000000381, 0.000000522, 0.000000006, 0.000000008, 0.000000018, 0.000000227, 0.000000381, 0.000000522, 0, 1, 1, 1, 52.000000000
1646305734.802628040, 0.000000012, 0.000000035, 0.000000036, 0.000000347, 0.000000509, 0.000000621, 0.000000012, 0.000000035, 0.000000036, 0.000000347, 0.000000509, 0.000000621, 0, 1, 1, 0, 0.000000000
1646305734.902624130, 0.000000009, 0.000000010, 0.000000037, 0.000000831, 0.000001022, 0.000001156, 0.000000009, 0.000000010, 0.000000037, 0.000000831, 0.000001022, 0.000001156, 0, 1, 1, 0, 0.000000000
1646305734.952622175, 0.000000018, 0.000000025, 0.000000059, 0.000000913, 0.000001467, 0.000001640, 0.000000018, 0.000000025, 0.000000059, 0.000000913, 0.000001467, 0.000001640, 0, 1, 1, 0, 0.000000000
1646305735.052618265, 0.000000005, 0.000000007, 0.000000016, 0.000000243, 0.000000406, 0.000000542, 0.000000005, 0.000000007, 0.000000016, 0.000000243, 0.000000406, 0.000000542, 0, 1, 0, 1, 54.000000000
1646305735.202612162, 0.000000004, 0.000000004, 0.000000012, 0.000000176, 0.000000291, 0.000000378, 0.000000004, 0.000000004, 0.000000012, 0.000000176, 0.000000291, 0.000000378, 0, 1, 1, 1, 54.000000000
1646305735.327607155, 0.000000006, 0.000000006, 0.000000023, 0.000000676, 0.000000879, 0.000000955, 0.000000006, 0.000000006, 0.000000023, 0.000000676, 0.000000879, 0.000000955, 1, 1, 1, 1, 70.000000000
1646305735.402604103, 0.000000012, 0.000000029, 0.000000043, 0.000000594, 0.000000727, 0.000000846, 0.000000012, 0.000000029, 0.000000043, 0.000000594, 0.000000727, 0.000000846, 0, 1, 1, 1, 51.000000000
1646305735.502600193, 0.000000008, 0.000000009, 0.000000036, 0.000000856, 0.000001021, 0.000001204, 0.000000008, 0.000000009, 0.000000036, 0.000000856, 0.000001021, 0.000001204, 0, 1, 1, 1, 53.000000000
1646305735.552598238, 0.000000019, 0.000000021, 0.000000058, 0.000000871, 0.000001381, 0.000001673, 0.000000019, 0.000000021, 0.000000058, 0.000000871, 0.000001381, 0.000001673, 0, 1, 1, 0, 0.000000000
1646305735.677593231, 0.000000004, 0.000000005, 0.000000016, 0.000000232, 0.000000388, 0.000000485, 0.000000004, 0.000000005, 0.000000016, 0.000000232, 0.000000388, 0.000000485, 0, 1, 1, 1, 51.000000000
1646305735.752590418, 0.000000011, 0.000000011, 0.000000033, 0.000000668, 0.000000843, 0.000000874, 0.000000011, 0.000000011, 0.000000033, 0.000000668, 0.000000843, 0.000000874, 1, 1, 1, 0, 17.000000000
1646305735.802588463, 0.000000014, 0.000000040, 0.000000044, 0.000000552, 0.000000659, 0.000000787, 0.000000014, 0.000000040, 0.000000044, 0.000000552, 0.000000659, 0.000000787, 0, 1, 1, 0, 0.000000000
1646305735.852586269, 0.000000015, 0.000000018, 0.000000055, 0.000000790, 0.000001064, 0.000001216, 0.000000015, 0.000000018, 0.000000055, 0.000000790, 0.000001064, 0.000001216, 0, 1, 1, 0, 0.000000000
1646305735.952582359, 0.000000005, 0.000000007, 0.000000017, 0.000000246, 0.000000412, 0.000000560, 0.000000005, 0.000000007, 0.000000017, 0.000000246, 0.000000412, 0.000000560, 0, 1, 1, 1, 51.000000000
1646305736.027579546, 0.000000005, 0.000000007, 0.000000016, 0.000000216, 0.000000349, 0.000000466, 0.000000005, 0.000000007, 0.000000016, 0.000000216, 0.000000349, 0.000000466, 0, 1, 1, 1, 51.000000000
1646305736.102568150, 0.000000011, 0.000000024, 0.000000038, 0.000000470, 0.000000620, 0.000000745, 0.000000011, 0.000000024, 0.000000038, 0.000000470, 0.000000620, 0.000000745, 0, 1, 1, 1, 50.000000000
1646305736.152566195, 0.000000014, 0.000000021, 0.000000057, 0.000000798, 0.000001003, 0.000001245, 0.000000014, 0.000000021, 0.000000057, 0.000000798, 0.000001003, 0.000001245, 0, 1, 0, 1, 51.000000000
1646305736.227563143, 0.000000005, 0.000000006, 0.000000016, 0.000000239, 0.000000380, 0.000000503, 0.000000005, 0.000000006, 0.000000016, 0.000000239, 0.000000380, 0.000000503, 0, 1, 0, 1, 55.000000000
1646305736.302560329, 0.000000010, 0.000000019, 0.000000036, 0.000000453, 0.000000599, 0.000000722, 0.000000010, 0.000000019, 0.000000036, 0.000000453, 0.000000599, 0.000000722, 0, 1, 1, 1, 55.000000000
1646305736.377557278, 0.000000008, 0.000000009, 0.000000046, 0.000000841, 0.000001008, 0.000001086, 0.000000008, 0.000000009, 0.000000046, 0.000000841, 0.000001008, 0.000001086, 0, 1, 1, 1, 54.000000000
1646305736.502552509, 0.000000006, 0.000000007, 0.000000033, 0.000000872, 0.000000965, 0.000001312, 0.000000006, 0.000000007, 0.000000033, 0.000000872, 0.000000965, 0.000001312, 0, 1, 1, 1, 54.000000000
1646305736.577549458, 0.000000007, 0.000000008, 0.000000044, 0.000000865, 0.000001039, 0.000001243, 0.000000007, 0.000000008, 0.000000044, 0.000000865, 0.000001039, 0.000001243, 1, 1, 0, 1, 74.000000000
1646305736.652546406, 0.000000009, 0.000000011, 0.000000029, 0.000000807, 0.000001080, 0.000001380, 0.000000009, 0.000000011, 0.000000029, 0.000000807, 0.000001080, 0.000001380, 0, 1, 1, 0, 0.000000000
1646305736.702544451, 0.000000008, 0.000000016, 0.000000036, 0.000000553, 0.000000623, 0.000000789, 0.000000008, 0.000000016, 0.000000036, 0.000000553, 0.000000623, 0.000000789, 0, 1, 1, 0, 0.000000000
1646305736.752542496, 0.000000014, 0.000000016, 0.000000044, 0.000000757, 0.000000995, 0.000001174, 0.000000014, 0.000000016, 0.000000044, 0.000000757, 0.000000995, 0.000001174, 0, 1, 1, 0, 0.000000000
1646305736.852538586, 0.000000004, 0.000000005, 0.000000014, 0.000000238, 0.000000386, 0.000000513, 0.000000004, 0.000000005, 0.000000014, 0.000000238, 0.000000386, 0.000000513, 0, 1, 1, 1, 54.000000000
1646305736.952534676, 0.000000004, 0.000000005, 0.000000014, 0.000000223, 0.000000360, 0.000000473, 0.000000004, 0.000000005, 0.000000014, 0.000000223, 0.000000360, 0.000000473, 0, 1, 1, 1, 55.000000000
1646305737.052530766, 0.000000004, 0.000000005, 0.000000013, 0.000000217, 0.000000356, 0.000000465, 0.000000004, 0.000000005, 0.000000013, 0.000000217, 0.000000356, 0.000000465, 1, 1, 1, 0, 22.000000000
1646305737.127527714, 0.000000004, 0.000000005, 0.000000013, 0.000000203, 0.000000325, 0.000000419, 0.000000004, 0.000000005, 0.000000013, 0.000000203, 0.000000325, 0.000000419, 0, 1, 1, 0, 0.000000000
1646305737.252522945, 0.000000004, 0.000000004, 0.000000013, 0.000000223, 0.000000368, 0.000000474, 0.000000004, 0.000000004, 0.000000013, 0.000000223, 0.000000368, 0.000000474, 1, 1, 1, 0, 17.000000000
1646305737.352519035, 0.000000003, 0.000000004, 0.000000013, 0.000000214, 0.000000350, 0.000000453, 0.000000003, 0.000000004, 0.000000013, 0.000000214, 0.000000350, 0.000000453, 1, 1, 1, 0, 21.000000000
1646305737.452515125, 0.000000003, 0.000000004, 0.000000013, 0.000000212, 0.000000350, 0.000000450, 0.000000003, 0.000000004, 0.000000013, 0.000000212, 0.000000350, 0.000000450, 0, 1, 1, 1, 52.000000000
1646305737.602509022, 0.000000002, 0.000000003, 0.000000009, 0.000000165, 0.000000272, 0.000000334, 0.000000002, 0.000000003, 0.000000009, 0.000000165, 0.000000272, 0.000000334, 1, 1, 1, 1, 73.000000000
1646305737.652507067, 0.000000010, 0.000000015, 0.000000038, 0.000000465, 0.000000525, 0.000000667, 0.000000010, 0.000000015, 0.000000038, 0.000000465, 0.000000525, 0.000000667, 0, 1, 1, 0, 0.000000000
1646305737.702505112, 0.000000008, 0.000000010, 0.000000035, 0.000000472, 0.000000569, 0.000000721, 0.000000008, 0.000000010, 0.000000035, 0.000000472, 0.000000569, 0.000000721, 0, 1, 1, 0, 0.000000000
1646305737.802501202, 0.000000004, 0.000000005, 0.000000022, 0.000000785, 0.000000868, 0.000000954, 0.000000004, 0.000000005, 0.000000022, 0.000000785, 0.000000868, 0.000000954, 0, 1, 1, 0, 0.000000000
1646305737.902497292, 0.000000004, 0.000000005, 0.000000021, 0.000000790, 0.000000871, 0.000001007, 0.000000004, 0.000000005, 0.000000021, 0.000000790, 0.000000871, 0.000001007, 0, 1, 1, 1, 51.000000000
1646305737.952495337, 0.000000013, 0.000000016, 0.000000034, 0.000000810, 0.000001179, 0.000001337, 0.000000013, 0.000000016, 0.000000034, 0.000000810, 0.000001179, 0.000001337, 0, 1, 1, 0, 0.000000000
1646305738.052491426, 0.000000003, 0.000000004, 0.000000012, 0.000000222, 0.000000380, 0.000000480, 0.000000003, 0.000000004, 0.000000012, 0.000000222, 0.000000380, 0.000000480, 1, 1, 1, 0, 19.000000000
1646305738.102489233, 0.000000007, 0.000000007, 0.000000033, 0.000000342, 0.000000481, 0.000000544, 0.000000007, 0.000000007, 0.000000033, 0.000000342, 0.000000481, 0.000000544, 1, 1, 0, 1, 72.000000000
1646305738.252483606, 0.000000004, 0.000000005, 0.000000019, 0.000000793, 0.000000884, 0.000000975, 0.000000004, 0.000000005, 0.000000019, 0.000000793, 0.000000884, 0.000000975, 0, 1, 1, 1, 55.000000000
1646305738.352479458, 0.000000003, 0.000000004, 0.000000011, 0.000000226, 0.000000362, 0.000000470, 0.000000003, 0.000000004, 0.000000011, 0.000000226, 0.000000362, 0.000000470, 0, 1, 1, 1, 52.000000000
1646305738.402477503, 0.000000006, 0.000000006, 0.000000026, 0.000000324, 0.000000468, 0.000000480, 0.000000006, 0.000000006, 0.000000026, 0.000000324, 0.000000468, 0.000000480, 0, 1, 1, 0, 0.000000000
1646305738.502473593, 0.000000003, 0.000000004, 0.000000017, 0.000000695, 0.000000756, 0.000000811, 0.000000003, 0.000000004, 0.000000017, 0.000000695, 0.000000756, 0.000000811, 1, 1, 1, 1, 76.000000000
1646305738.627468586, 0.000000003, 0.000000004, 0.000000015, 0.000000694, 0.000000789, 0.000000851, 0.000000003, 0.000000004, 0.000000015, 0.000000694, 0.000000789, 0.000000851, 0, 1, 1, 1, 55.000000000
1646305738.752463818, 0.000000002, 0.000000004, 0.000000009, 0.000000190, 0.000000324, 0.000000398, 0.000000002, 0.000000004, 0.000000009, 0.000000190, 0.000000324, 0.000000398, 0, 1, 1, 1, 56.000000000
1646305738.852459908, 0.000000002, 0.000000003, 0.000000008, 0.000000160, 0.000000279, 0.000000363, 0.000000002, 0.000000003, 0.000000008, 0.000000160, 0.000000279, 0.000000363, 0, 1, 1, 1, 64.000000000
1646305738.952455997, 0.000000002, 0.000000003, 0.000000007, 0.000000152, 0.000000259, 0.000000356, 0.000000002, 0.000000003, 0.000000007, 0.000000152, 0.000000259, 0.000000356, 0, 1, 0, 1, 63.000000000
1646305739.052449703, 0.000000002, 0.000000003, 0.000000006, 0.000000149, 0.000000259, 0.000000350, 0.000000002, 0.000000003, 0.000000006, 0.000000149, 0.000000259, 0.000000350, 1, 1, 1, 1, 89.000000000
1646305739.127446890, 0.000000002, 0.000000002, 0.000000005, 0.000000138, 0.000000243, 0.000000323, 0.000000002, 0.000000002, 0.000000005, 0.000000138, 0.000000243, 0.000000323, 0, 1, 1, 0, 0.000000000
1646305739.177444935, 0.000000006, 0.000000011, 0.000000417, 0.000000457, 0.000000676, 0.000000745, 0.000000006, 0.000000011, 0.000000417, 0.000000457, 0.000000676, 0.000000745, 0, 1, 1, 0, 0.000000000
1646305739.302439928, 0.000000002, 0.000000002, 0.000000008, 0.000000542, 0.000000689, 0.000000761, 0.000000002, 0.000000002, 0.000000008, 0.000000542, 0.000000689, 0.000000761, 0, 1, 1, 0, 0.000000000
1646305739.327438831, 0.000000008, 0.000000010, 0.000000026, 0.000000537, 0.000000659, 0.000000723, 0.000000008, 0.000000010, 0.000000026, 0.000000537, 0.000000659, 0.000000723, 0, 1, 0, 0, 0.000000000
1646305739.452434063, 0.000000001, 0.000000002, 0.000000005, 0.000000149, 0.000000270, 0.000000362, 0.000000001, 0.000000002, 0.000000005, 0.000000149, 0.000000270, 0.000000362, 0, 1, 1, 0, 0.000000000
1646305739.552429914, 0.000000001, 0.000000002, 0.000000005, 0.000000140, 0.000000248, 0.000000332, 0.000000001, 0.000000002, 0.000000005, 0.000000140, 0.000000248, 0.000000332, 0, 1, 1, 1, 65.000000000
1646305739.652426004, 0.000000001, 0.000000002, 0.000000005, 0.000000139, 0.000000238, 0.000000330, 0.000000001, 0.000000002, 0.000000005, 0.000000139, 0.000000238, 0.000000330, 0, 1, 1, 1, 66.000000000
1646305739.727423191, 0.000000001, 0.000000002, 0.000000005, 0.000000130, 0.000000229, 0.000000311, 0.000000001, 0.000000002, 0.000000005, 0.000000130, 0.000000229, 0.000000311, 0, 1, 1, 1, 68.000000000
1646305739.802420139, 0.000000002, 0.000000003, 0.000000012, 0.000000284, 0.000000425, 0.000000441, 0.000000002, 0.000000003, 0.000000012, 0.000000284, 0.000000425, 0.000000441, 0, 1, 1, 1, 67.000000000
1646305739.927415371, 0.000000002, 0.000000002, 0.000000007, 0.000000498, 0.000000612, 0.000000705, 0.000000002, 0.000000002, 0.000000007, 0.000000498, 0.000000612, 0.000000705, 0, 1, 1, 1, 67.000000000
1646305739.977413416, 0.000000006, 0.000000010, 0.000000392, 0.000000959, 0.000001030, 0.000001115, 0.000000006, 0.000000010, 0.000000392, 0.000000959, 0.000001030, 0.000001115, 0, 1, 1, 0, 0.000000000
1646305740.102408409, 0.000000001, 0.000000002, 0.000000007, 0.000000534, 0.000000661, 0.000000765, 0.000000001, 0.000000002, 0.000000007, 0.000000534, 0.000000661, 0.000000765, 0, 1, 1, 1, 69.000000000
1646305740.227403402, 0.000000001, 0.000000002, 0.000000007, 0.000000502, 0.000000630, 0.000000726, 0.000000001, 0.000000002, 0.000000007, 0.000000502, 0.000000630, 0.000000726, 1, 1, 1, 1, 83.000000000
1646305740.352398396, 0.000000001, 0.000000002, 0.000000004, 0.000000142, 0.000000262, 0.000000352, 0.000000001, 0.000000002, 0.000000004, 0.000000142, 0.000000262, 0.000000352, 1, 1, 1, 1, 89.000000000
1646305740.452394724, 0.000000001, 0.000000002, 0.000000004, 0.000000136, 0.000000250, 0.000000329, 0.000000001, 0.000000002, 0.000000004, 0.000000136, 0.000000250, 0.000000329, 0, 1, 0, 1, 66.000000000
1646305740.502392769, 0.000000002, 0.000000003, 0.000000011, 0.000000223, 0.000000350, 0.000000369, 0.000000002, 0.000000003, 0.000000011, 0.000000223, 0.000000350, 0.000000369, 0, 1, 1, 0, 0.000000000
1646305740.552390814, 0.000000007, 0.000000011, 0.000000025, 0.000000562, 0.000000618, 0.000000747, 0.000000007, 0.000000011, 0.000000025, 0.000000562, 0.000000618, 0.000000747, 0, 1, 1, 0, 0.000000000
1646305740.652386665, 0.000000001, 0.000000002, 0.000000005, 0.000000143, 0.000000260, 0.000000351, 0.000000001, 0.000000002, 0.000000005, 0.000000143, 0.000000260, 0.000000351, 1, 1, 1, 0, 19.000000000
1646305740.752382755, 0.000000001, 0.000000002, 0.000000004, 0.000000135, 0.000000245, 0.000000329, 0.000000001, 0.000000002, 0.000000004, 0.000000135, 0.000000245, 0.000000329, 0, 1, 1, 1, 68.000000000
1646305740.802380800, 0.000000002, 0.000000003, 0.000000012, 0.000000227, 0.000000350, 0.000000369, 0.000000002, 0.000000003, 0.000000012, 0.000000227, 0.000000350, 0.000000369, 1, 1, 1, 0, 19.000000000
1646305740.952374935, 0.000000001, 0.000000002, 0.000000006, 0.000000518, 0.000000620, 0.000000774, 0.000000001, 0.000000002, 0.000000006, 0.000000518, 0.000000620, 0.000000774, 0, 1, 1, 1, 69.000000000
1646305741.052371025, 0.000000001, 0.000000002, 0.000000004, 0.000000143, 0.000000253, 0.000000358, 0.000000001, 0.000000002, 0.000000004, 0.000000143, 0.000000253, 0.000000358, 0, 1, 1, 1, 67.000000000
1646305741.152367115, 0.000000001, 0.000000002, 0.000000004, 0.000000139, 0.000000246, 0.000000343, 0.000000001, 0.000000002, 0.000000004, 0.000000139, 0.000000246, 0.000000343, 0, 1, 1, 1, 68.000000000
1646305741.177366018, 0.000000004, 0.000000008, 0.000000290, 0.000000243, 0.000000406, 0.000000477, 0.000000004, 0.000000008, 0.000000290, 0.000000243, 0.000000406, 0.000000477, 0, 1, 0, 0, 0.000000000
1646305741.202365160, 0.000000003, 0.000000005, 0.000000034, 0.000000426, 0.000000516, 0.000000690, 0.000000003, 0.000000005, 0.000000034, 0.000000426, 0.000000516, 0.000000690, 0, 1, 0, 0, 0.000000000
1646305741.227364063, 0.000000006, 0.000000010, 0.000000023, 0.000000563, 0.000000624, 0.000000693, 0.000000006, 0.000000010, 0.000000023, 0.000000563, 0.000000624, 0.000000693, 0, 1, 0, 0, 0.000000000
1646305741.352359056, 0.000000001, 0.000000002, 0.000000004, 0.000000146, 0.000000265, 0.000000378, 0.000000001, 0.000000002, 0.000000004, 0.000000146, 0.000000265, 0.000000378, 0, 1, 0, 1, 66.000000000
1646305741.427356243, 0.000000001, 0.000000002, 0.000000004, 0.000000130, 0.000000227, 0.000000321, 0.000000001, 0.000000002, 0.000000004, 0.000000130, 0.000000227, 0.000000321, 0, 1, 0, 1, 68.000000000
1646305741.552351236, 0.000000001, 0.000000002, 0.000000004, 0.000000142, 0.000000256, 0.000000369, 0.000000001, 0.000000002, 0.000000004, 0.000000142, 0.000000256, 0.000000369, 1, 1, 0, 1, 93.000000000
1646305741.652347326, 0.000000001, 0.000000002, 0.000000004, 0.000000138, 0.000000246, 0.000000353, 0.000000001, 0.000000002, 0.000000004, 0.000000138, 0.000000246, 0.000000353, 0, 1, 1, 1, 67.000000000
1646305741.752343416, 0.000000001, 0.000000002, 0.000000004, 0.000000138, 0.000000247, 0.000000355, 0.000000001, 0.000000002, 0.000000004, 0.000000138, 0.000000247, 0.000000355, 0, 1, 1, 1, 66.000000000
1646305741.852339506, 0.000000001, 0.000000002, 0.000000004, 0.000000138, 0.000000252, 0.000000350, 0.000000001, 0.000000002, 0.000000004, 0.000000138, 0.000000252, 0.000000350, 1, 1, 1, 0, 24.000000000
1646305741.977334499, 0.000000001, 0.000000002, 0.000000004, 0.000000128, 0.000000256, 0.000000335, 0.000000001, 0.000000002, 0.000000004, 0.000000128, 0.000000256, 0.000000335, 1, 1, 1, 0, 26.000000000
1646305742.052331686, 0.000000002, 0.000000003, 0.000000007, 0.000000438, 0.000000486, 0.000000630, 0.000000002, 0.000000003, 0.000000007, 0.000000438, 0.000000486, 0.000000630, 0, 1, 1, 1, 68.000000000
1646305742.127328634, 0.000000001, 0.000000002, 0.000000004, 0.000000150, 0.000000265, 0.000000364, 0.000000001, 0.000000002, 0.000000004, 0.000000150, 0.000000265, 0.000000364, 0, 1, 1, 1, 66.000000000
1646305742.227324724, 0.000000001, 0.000000002, 0.000000004, 0.000000147, 0.000000274, 0.000000366, 0.000000001, 0.000000002, 0.000000004, 0.000000147, 0.000000274, 0.000000366, 0, 1, 1, 1, 65.000000000
1646305742.352319717, 0.000000001, 0.000000002, 0.000000004, 0.000000155, 0.000000287, 0.000000389, 0.000000001, 0.000000002, 0.000000004, 0.000000155, 0.000000287, 0.000000389, 1, 1, 1, 1, 92.000000000
1646305742.452315807, 0.000000001, 0.000000002, 0.000000004, 0.000000148, 0.000000274, 0.000000371, 0.000000001, 0.000000002, 0.000000004, 0.000000148, 0.000000274, 0.000000371, 0, 1, 1, 1, 71.000000000
1646305742.502313852, 0.000000002, 0.000000003, 0.000000011, 0.000000282, 0.000000403, 0.000000447, 0.000000002, 0.000000003, 0.000000011, 0.000000282, 0.000000403, 0.000000447, 0, 1, 1, 0, 0.000000000
1646305742.552311897, 0.000000007, 0.000000011, 0.000000023, 0.000000601, 0.000000689, 0.000000847, 0.000000007, 0.000000011, 0.000000023, 0.000000601, 0.000000689, 0.000000847, 0, 1, 1, 0, 0.000000000
1646305742.677307129, 0.000000001, 0.000000002, 0.000000004, 0.000000148, 0.000000287, 0.000000368, 0.000000001, 0.000000002, 0.000000004, 0.000000148, 0.000000287, 0.000000368, 1, 1, 1, 1, 87.000000000
1646305742.777303219, 0.000000001, 0.000000002, 0.000000006, 0.000000492, 0.000000527, 0.000000691, 0.000000001, 0.000000002, 0.000000006, 0.000000492, 0.000000527, 0.000000691, 1, 1, 1, 0, 22.000000000
1646305742.827301025, 0.000000002, 0.000000003, 0.000000007, 0.000000477, 0.000000610, 0.000000705, 0.000000002, 0.000000003, 0.000000007, 0.000000477, 0.000000610, 0.000000705, 0, 1, 1, 0, 0.000000000
1646305742.877299070, 0.000000005, 0.000000009, 0.000000359, 0.000001039, 0.000001112, 0.000001223, 0.000000005, 0.000000009, 0.000000359, 0.000001039, 0.000001112, 0.000001223, 0, 1, 1, 0, 0.000000000
1646305743.002294302, 0.000000001, 0.000000002, 0.000000006, 0.000000574, 0.000000647, 0.000000866, 0.000000001, 0.000000002, 0.000000006, 0.000000574, 0.000000647, 0.000000866, 0, 1, 1, 1, 70.000000000
1646305743.052285433, 0.000000007, 0.000000011, 0.000000022, 0.000000685, 0.000000861, 0.000000911, 0.000000007, 0.000000011, 0.000000022, 0.000000685, 0.000000861, 0.000000911, 0, 1, 1, 0, 0.000000000
1646305743.177280426, 0.000000001, 0.000000002, 0.000000004, 0.000000151, 0.000000288, 0.000000372, 0.000000001, 0.000000002, 0.000000004, 0.000000151, 0.000000288, 0.000000372, 1, 1, 1, 0, 24.000000000
1646305743.252277136, 0.000000002, 0.000000003, 0.000000006, 0.000000468, 0.000000533, 0.000000678, 0.000000002, 0.000000003, 0.000000006, 0.000000468, 0.000000533, 0.000000678, 0, 1, 1, 1, 68.000000000
1646305743.302275181, 0.000000002, 0.000000003, 0.000000010, 0.000000447, 0.000000521, 0.000000599, 0.000000002, 0.000000003, 0.000000010, 0.000000447, 0.000000521, 0.000000599, 0, 1, 1, 0, 0.000000000
1646305743.352273226, 0.000000007, 0.000000012, 0.000000022, 0.000000647, 0.000000785, 0.000000960, 0.000000007, 0.000000012, 0.000000022, 0.000000647, 0.000000785, 0.000000960, 0, 1, 1, 0, 0.000000000
1646305743.477267981, 0.000000001, 0.000000002, 0.000000004, 0.000000151, 0.000000290, 0.000000369, 0.000000001, 0.000000002, 0.000000004, 0.000000151, 0.000000290, 0.000000369, 0, 1, 1, 1, 67.000000000
1646305743.602262735, 0.000000001, 0.000000002, 0.000000006, 0.000000532, 0.000000594, 0.000000773, 0.000000001, 0.000000002, 0.000000006, 0.000000532, 0.000000594, 0.000000773, 1, 1, 1, 0, 25.000000000
1646305743.702258825, 0.000000001, 0.000000002, 0.000000006, 0.000000537, 0.000000609, 0.000000797, 0.000000001, 0.000000002, 0.000000006, 0.000000537, 0.000000609, 0.000000797, 0, 1, 1, 0, 0.000000000
1646305743.802254677, 0.000000001, 0.000000002, 0.000000006, 0.000000537, 0.000000604, 0.000000795, 0.000000001, 0.000000002, 0.000000006, 0.000000537, 0.000000604, 0.000000795, 0, 1, 1, 1, 68.000000000
1646305743.902250528, 0.000000001, 0.000000002, 0.000000006, 0.000000534, 0.000000602, 0.000000802, 0.000000001, 0.000000002, 0.000000006, 0.000000534, 0.000000602, 0.000000802, 1, 1, 1, 0, 19.000000000
1646305744.052244425, 0.000000001, 0.000000002, 0.000000006, 0.000000567, 0.000000647, 0.000000866, 0.000000001, 0.000000002, 0.000000006, 0.000000567, 0.000000647, 0.000000866, 0, 1, 1, 1, 68.000000000
1646305744.127241135, 0.000000001, 0.000000002, 0.000000004, 0.000000159, 0.000000276, 0.000000384, 0.000000001, 0.000000002, 0.000000004, 0.000000159, 0.000000276, 0.000000384, 0, 1, 1, 1, 67.000000000
1646305744.252236128, 0.000000001, 0.000000002, 0.000000004, 0.000000162, 0.000000292, 0.000000407, 0.000000001, 0.000000002, 0.000000004, 0.000000162, 0.000000292, 0.000000407, 0, 1, 1, 1, 66.000000000
1646305744.302234173, 0.000000002, 0.000000003, 0.000000011, 0.000000297, 0.000000420, 0.000000463, 0.000000002, 0.000000003, 0.000000011, 0.000000297, 0.000000420, 0.000000463, 0, 1, 1, 0, 0.000000000
1646305744.352231979, 0.000000006, 0.000000011, 0.000000022, 0.000000610, 0.000000699, 0.000000859, 0.000000006, 0.000000011, 0.000000022, 0.000000610, 0.000000699, 0.000000859, 0, 1, 1, 0, 0.000000000
1646305744.402230024, 0.000000002, 0.000000003, 0.000000011, 0.000000450, 0.000000534, 0.000000663, 0.000000002, 0.000000003, 0.000000011, 0.000000450, 0.000000534, 0.000000663, 0, 1, 1, 0, 0.000000000
1646305744.452228069, 0.000000007, 0.000000012, 0.000000024, 0.000000654, 0.000000791, 0.000000989, 0.000000007, 0.000000012, 0.000000024, 0.000000654, 0.000000791, 0.000000989, 0, 1, 1, 0, 0.000000000
1646305744.552223921, 0.000000001, 0.000000002, 0.000000004, 0.000000170, 0.000000297, 0.000000407, 0.000000001, 0.000000002, 0.000000004, 0.000000170, 0.000000297, 0.000000407, 0, 1, 1, 1, 66.000000000
1646305744.602221727, 0.000000002, 0.000000003, 0.000000011, 0.000000278, 0.000000411, 0.000000444, 0.000000002, 0.000000003, 0.000000011, 0.000000278, 0.000000411, 0.000000444, 0, 1, 1, 0, 0.000000000
1646305744.652219772, 0.000000007, 0.000000013, 0.000000033, 0.000000615, 0.000000703, 0.000000893, 0.000000007, 0.000000013, 0.000000033, 0.000000615, 0.000000703, 0.000000893, 0, 1, 1, 0, 0.000000000
1646305744.702217817, 0.000000002, 0.000000003, 0.000000011, 0.000000440, 0.000000513, 0.000000653, 0.000000002, 0.000000003, 0.000000011, 0.000000440, 0.000000513, 0.000000653, 0, 1, 1, 0, 0.000000000
1646305744.752215624, 0.000000007, 0.000000014, 0.000000037, 0.000000659, 0.000000791, 0.000001042, 0.000000007, 0.000000014, 0.000000037, 0.000000659, 0.000000791, 0.000001042, 0, 1, 1, 0, 0.000000000
1646305744.852211475, 0.000000001, 0.000000002, 0.000000005, 0.000000174, 0.000000297, 0.000000403, 0.000000001, 0.000000002, 0.000000005, 0.000000174, 0.000000297, 0.000000403, 0, 1, 1, 1, 66.000000000
1646305744.902209520, 0.000000002, 0.000000003, 0.000000010, 0.000000289, 0.000000406, 0.000000435, 0.000000002, 0.000000003, 0.000000010, 0.000000289, 0.000000406, 0.000000435, 0, 1, 1, 0, 0.000000000
1646305744.952207565, 0.000000007, 0.000000016, 0.000000048, 0.000000640, 0.000000737, 0.000000928, 0.000000007, 0.000000016, 0.000000048, 0.000000640, 0.000000737, 0.000000928, 0, 1, 1, 0, 0.000000000
1646305745.002205372, 0.000000002, 0.000000003, 0.000000010, 0.000000447, 0.000000585, 0.000000610, 0.000000002, 0.000000003, 0.000000010, 0.000000447, 0.000000585, 0.000000610, 0, 1, 1, 0, 0.000000000
1646305745.052203417, 0.000000010, 0.000000021, 0.000000066, 0.000000766, 0.000000849, 0.000001086, 0.000000010, 0.000000021, 0.000000066, 0.000000766, 0.000000849, 0.000001086, 0, 1, 1, 0, 0.000000000
1646305745.152199268, 0.000000002, 0.000000004, 0.000000009, 0.000000224, 0.000000379, 0.000000513, 0.000000002, 0.000000004, 0.000000009, 0.000000224, 0.000000379, 0.000000513, 0, 1, 1, 1, 63.000000000
1646305745.227196217, 0.000000001, 0.000000003, 0.000000009, 0.000000208, 0.000000330, 0.000000411, 0.000000001, 0.000000003, 0.000000009, 0.000000208, 0.000000330, 0.000000411, 0, 1, 1, 1, 61.000000000
1646305745.277194023, 0.000000004, 0.000000009, 0.000000369, 0.000000575, 0.000000803, 0.000000925, 0.000000004, 0.000000009, 0.000000369, 0.000000575, 0.000000803, 0.000000925, 0, 1, 1, 0, 0.000000000
1646305745.402189016, 0.000000003, 0.000000005, 0.000000025, 0.000000725, 0.000000880, 0.000001257, 0.000000003, 0.000000005, 0.000000025, 0.000000725, 0.000000880, 0.000001257, 0, 1, 1, 1, 59.000000000
1646305745.452187061, 0.000000014, 0.000000022, 0.000000077, 0.000000822, 0.000001204, 0.000001459, 0.000000014, 0.000000022, 0.000000077, 0.000000822, 0.000001204, 0.000001459, 0, 1, 1, 0, 0.000000000
1646305745.552182913, 0.000000005, 0.000000006, 0.000000011, 0.000000227, 0.000000299, 0.000000354, 0.000000005, 0.000000006, 0.000000011, 0.000000227, 0.000000299, 0.000000354, 0, 1, 1, 0, 1.000000000
1646305745.652178764, 0.000000005, 0.000000005, 0.000000014, 0.000000171, 0.000000284, 0.000000334, 0.000000005, 0.000000005, 0.000000014, 0.000000171, 0.000000284, 0.000000334, 0, 1, 1, 1, 99.000000000
1646305745.777173519, 0.000000004, 0.000000005, 0.000000019, 0.000000158, 0.000000325, 0.000000358, 0.000000004, 0.000000005, 0.000000019, 0.000000158, 0.000000325, 0.000000358, 0, 1, 1, 1, 102.000000000
1646305745.902168512, 0.000000004, 0.000000005, 0.000000026, 0.000000569, 0.000000623, 0.000000796, 0.000000004, 0.000000005, 0.000000026, 0.000000569, 0.000000623, 0.000000796, 0, 1, 1, 1, 98.000000000
1646305745.977165461, 0.000000007, 0.000000008, 0.000000026, 0.000000587, 0.000000702, 0.000001113, 0.000000007, 0.000000008, 0.000000026, 0.000000587, 0.000000702, 0.000001113, 0, 1, 1, 1, 109.000000000
1646305746.052162409, 0.000000006, 0.000000007, 0.000000019, 0.000000536, 0.000000681, 0.000000940, 0.000000006, 0.000000007, 0.000000019, 0.000000536, 0.000000681, 0.000000940, 0, 1, 1, 0, 11.000000000
1646305746.102160215, 0.000000021, 0.000000024, 0.000000090, 0.000000760, 0.000001125, 0.000001270, 0.000000021, 0.000000024, 0.000000090, 0.000000760, 0.000001125, 0.000001270, 0, 1, 1, 0, 13.000000000
1646305746.202156305, 0.000000004, 0.000000005, 0.000000009, 0.000000202, 0.000000392, 0.000000520, 0.000000004, 0.000000005, 0.000000009, 0.000000202, 0.000000392, 0.000000520, 0, 1, 1, 1, 99.000000000
1646305746.277153015, 0.000000005, 0.000000006, 0.000000008, 0.000000243, 0.000000321, 0.000000438, 0.000000005, 0.000000006, 0.000000008, 0.000000243, 0.000000321, 0.000000438, 0, 1, 1, 1, 125.000000000
1646305746.327151060, 0.000000010, 0.000000011, 0.000000037, 0.000000329, 0.000000461, 0.000000667, 0.000000010, 0.000000011, 0.000000037, 0.000000329, 0.000000461, 0.000000667, 0, 1, 1, 0, 26.000000000
1646305746.377148867, 0.000000008, 0.000000010, 0.000000018, 0.000000607, 0.000000704, 0.000000856, 0.000000008, 0.000000010, 0.000000018, 0.000000607, 0.000000704, 0.000000856, 0, 1, 1, 0, 38.000000000
1646305746.427146912, 0.000000011, 0.000000021, 0.000000039, 0.000000495, 0.000000565, 0.000000774, 0.000000011, 0.000000021, 0.000000039, 0.000000495, 0.000000565, 0.000000774, 0, 1, 1, 0, 41.000000000
1646305746.552141905, 0.000000003, 0.000000005, 0.000000007, 0.000000345, 0.000000456, 0.000000502, 0.000000003, 0.000000005, 0.000000007, 0.000000345, 0.000000456, 0.000000502, 0, 1, 1, 1, 98.000000000
1646305746.677136660, 0.000000004, 0.000000004, 0.000000008, 0.000000352, 0.000000418, 0.000000465, 0.000000004, 0.000000004, 0.000000008, 0.000000352, 0.000000418, 0.000000465, 1, 1, 1, 1, 136.000000000
1646305746.752133608, 0.000000004, 0.000000005, 0.000000009, 0.000000241, 0.000000261, 0.000000317, 0.000000004, 0.000000005, 0.000000009, 0.000000241, 0.000000261, 0.000000317, 0, 1, 1, 0, 61.000000000
1646305746.852129459, 0.000000004, 0.000000006, 0.000000007, 0.000000352, 0.000000396, 0.000000433, 0.000000004, 0.000000006, 0.000000007, 0.000000352, 0.000000396, 0.000000433, 0, 1, 1, 0, 61.000000000
1646305746.902127504, 0.000000011, 0.000000012, 0.000000025, 0.000000459, 0.000000775, 0.000000803, 0.000000011, 0.000000012, 0.000000025, 0.000000459, 0.000000775, 0.000000803, 0, 1, 1, 0, 63.000000000
1646305746.952125311, 0.000000005, 0.000000007, 0.000000011, 0.000000253, 0.000000366, 0.000000436, 0.000000005, 0.000000007, 0.000000011, 0.000000253, 0.000000366, 0.000000436, 0, 1, 1, 0, 57.000000000
1646305747.002123356, 0.000000010, 0.000000012, 0.000000022, 0.000000439, 0.000000747, 0.000000772, 0.000000010, 0.000000012, 0.000000022, 0.000000439, 0.000000747, 0.000000772, 0, 1, 1, 0, 56.000000000
1646305747.052124262, 0.000000005, 0.000000006, 0.000000010, 0.000000242, 0.000000365, 0.000000414, 0.000000005, 0.000000006, 0.000000010, 0.000000242, 0.000000365, 0.000000414, 0, 1, 1, 0, 59.000000000
1646305747.177119017, 0.000000003, 0.000000003, 0.000000006, 0.000000282, 0.000000345, 0.000000395, 0.000000003, 0.000000003, 0.000000006, 0.000000282, 0.000000345, 0.000000395, 1, 1, 1, 0, 92.000000000
1646305747.227117062, 0.000000012, 0.000000016, 0.000000080, 0.000000474, 0.000000605, 0.000000657, 0.000000012, 0.000000016, 0.000000080, 0.000000474, 0.000000605, 0.000000657, 0, 1, 1, 0, 50.000000000
1646305747.277114868, 0.000000005, 0.000000005, 0.000000010, 0.000000375, 0.000000558, 0.000000575, 0.000000005, 0.000000005, 0.000000010, 0.000000375, 0.000000558, 0.000000575, 0, 1, 1, 0, 57.000000000
1646305747.352111816, 0.000000005, 0.000000010, 0.000000013, 0.000000466, 0.000000500, 0.000000622, 0.000000005, 0.000000010, 0.000000013, 0.000000466, 0.000000500, 0.000000622, 0, 1, 1, 0, 61.000000000
1646305747.452107668, 0.000000003, 0.000000004, 0.000000007, 0.000000322, 0.000000375, 0.000000418, 0.000000003, 0.000000004, 0.000000007, 0.000000322, 0.000000375, 0.000000418, 0, 1, 1, 0, 60.000000000
1646305747.552103758, 0.000000003, 0.000000005, 0.000000009, 0.000000296, 0.000000384, 0.000000484, 0.000000003, 0.000000005, 0.000000009, 0.000000296, 0.000000384, 0.000000484, 0, 1, 0, 1, 29.000000000
1646305747.602101564, 0.000000007, 0.000000010, 0.000000016, 0.000000376, 0.000000732, 0.000000961, 0.000000007, 0.000000010, 0.000000016, 0.000000376, 0.000000732, 0.000000961, 0, 1, 1, 0, 66.000000000
1646305747.652099371, 0.000000005, 0.000000007, 0.000000013, 0.000000211, 0.000000448, 0.000000521, 0.000000005, 0.000000007, 0.000000013, 0.000000211, 0.000000448, 0.000000521, 0, 1, 1, 0, 55.000000000
1646305747.752095461, 0.000000003, 0.000000004, 0.000000006, 0.000000285, 0.000000362, 0.000000400, 0.000000003, 0.000000004, 0.000000006, 0.000000285, 0.000000362, 0.000000400, 0, 1, 1, 1, 80.000000000
1646305747.802093267, 0.000000007, 0.000000010, 0.000000017, 0.000000371, 0.000000692, 0.000000787, 0.000000007, 0.000000010, 0.000000017, 0.000000371, 0.000000692, 0.000000787, 0, 1, 1, 0, 66.000000000
1646305747.852091312, 0.000000005, 0.000000007, 0.000000014, 0.000000201, 0.000000527, 0.000000545, 0.000000005, 0.000000007, 0.000000014, 0.000000201, 0.000000527, 0.000000545, 0, 1, 1, 0, 61.000000000
1646305747.952087164, 0.000000003, 0.000000004, 0.000000007, 0.000000285, 0.000000348, 0.000000377, 0.000000003, 0.000000004, 0.000000007, 0.000000285, 0.000000348, 0.000000377, 0, 1, 1, 0, 62.000000000
1646305748.002085209, 0.000000007, 0.000000009, 0.000000013, 0.000000397, 0.000000659, 0.000000736, 0.000000007, 0.000000009, 0.000000013, 0.000000397, 0.000000659, 0.000000736, 0, 1, 1, 0, 66.000000000
1646305748.052083015, 0.000000005, 0.000000007, 0.000000013, 0.000000198, 0.000000516, 0.000000546, 0.000000005, 0.000000007, 0.000000013, 0.000000198, 0.000000516, 0.000000546, 0, 1, 1, 0, 62.000000000
1646305748.152078867, 0.000000003, 0.000000004, 0.000000006, 0.000000309, 0.000000337, 0.000000388, 0.000000003, 0.000000004, 0.000000006, 0.000000309, 0.000000337, 0.000000388, 0, 1, 1, 1, 93.000000000
1646305748.227076054, 0.000000004, 0.000000005, 0.000000013, 0.000000361, 0.000000392, 0.000000495, 0.000000004, 0.000000005, 0.000000013, 0.000000361, 0.000000392, 0.000000495, 0, 1, 1, 1, 86.000000000
1646305748.277073860, 0.000000005, 0.000000005, 0.000000009, 0.000000305, 0.000000462, 0.000000495, 0.000000005, 0.000000005, 0.000000009, 0.000000305, 0.000000462, 0.000000495, 0, 1, 1, 0, 65.000000000
1646305748.327071905, 0.000000022, 0.000000031, 0.000000123, 0.000000516, 0.000000914, 0.000001063, 0.000000022, 0.000000031, 0.000000123, 0.000000516, 0.000000914, 0.000001063, 0, 1, 1, 0, 69.000000000
1646305748.452066660, 0.000000003, 0.000000003, 0.000000005, 0.000000268, 0.000000284, 0.000000351, 0.000000003, 0.000000003, 0.000000005, 0.000000268, 0.000000284, 0.000000351, 0, 1, 1, 1, 89.000000000
1646305748.552062511, 0.000000004, 0.000000004, 0.000000007, 0.000000280, 0.000000312, 0.000000420, 0.000000004, 0.000000004, 0.000000007, 0.000000280, 0.000000312, 0.000000420, 1, 1, 1, 1, 131.000000000
1646305748.602060556, 0.000000008, 0.000000009, 0.000000033, 0.000000392, 0.000000773, 0.000000827, 0.000000008, 0.000000009, 0.000000033, 0.000000392, 0.000000773, 0.000000827, 0, 1, 0, 1, 31.000000000
1646305748.702056408, 0.000000003, 0.000000004, 0.000000005, 0.000000126, 0.000000147, 0.000000302, 0.000000003, 0.000000004, 0.000000005, 0.000000126, 0.000000147, 0.000000302, 0, 1, 1, 1, 82.000000000
1646305748.827051163, 0.000000003, 0.000000004, 0.000000004, 0.000000102, 0.000000143, 0.000000333, 0.000000003, 0.000000004, 0.000000004, 0.000000102, 0.000000143, 0.000000333, 0, 1, 1, 1, 107.000000000
1646305748.952046156, 0.000000005, 0.000000005, 0.000000007, 0.000000294, 0.000000353, 0.000000419, 0.000000005, 0.000000005, 0.000000007, 0.000000294, 0.000000353, 0.000000419, 1, 1, 1, 1, 103.000000000
1646305749.052042007, 0.000000005, 0.000000007, 0.000000011, 0.000000330, 0.000000378, 0.000000581, 0.000000005, 0.000000007, 0.000000011, 0.000000330, 0.000000378, 0.000000581, 0, 1, 1, 0, 40.000000000
1646305749.177037001, 0.000000005, 0.000000006, 0.000000011, 0.000000368, 0.000000384, 0.000000609, 0.000000005, 0.000000006, 0.000000011, 0.000000368, 0.000000384, 0.000000609, 0, 1, 1, 1, 100.000000000
1646305749.252033949, 0.000000006, 0.000000008, 0.000000011, 0.000000370, 0.000000392, 0.000000611, 0.000000006, 0.000000008, 0.000000011, 0.000000370, 0.000000392, 0.000000611, 0, 1, 1, 1, 85.000000000
1646305749.352029800, 0.000000008, 0.000000010, 0.000000018, 0.000000431, 0.000000713, 0.000000748, 0.000000008, 0.000000010, 0.000000018, 0.000000431, 0.000000713, 0.000000748, 1, 1, 0, 1, 58.000000000
1646305749.427026749, 0.000000030, 0.000000040, 0.000000150, 0.000000686, 0.000001762, 0.000001801, 0.000000030, 0.000000040, 0.000000150, 0.000000686, 0.000001762, 0.000001801, 0, 1, 1, 1, 104.000000000
1646305749.477024555, 0.000000021, 0.000000026, 0.000000085, 0.000000733, 0.000001387, 0.000001852, 0.000000021, 0.000000026, 0.000000085, 0.000000733, 0.000001387, 0.000001852, 0, 1, 1, 0, 48.000000000
1646305749.552021503, 0.000000004, 0.000000009, 0.000000016, 0.000000202, 0.000000544, 0.000000706, 0.000000004, 0.000000009, 0.000000016, 0.000000202, 0.000000544, 0.000000706, 0, 1, 1, 0, 47.000000000
1646305749.652017355, 0.000000009, 0.000000013, 0.000000030, 0.000000412, 0.000000954, 0.000001088, 0.000000009, 0.000000013, 0.000000030, 0.000000412, 0.000000954, 0.000001088, 0, 1, 1, 1, 106.000000000
1646305749.727014542, 0.000000033, 0.000000039, 0.000000137, 0.000000709, 0.000001905, 0.000001940, 0.000000033, 0.000000039, 0.000000137, 0.000000709, 0.000001905, 0.000001940, 0, 1, 1, 1, 102.000000000
1646305749.852009296, 0.000000007, 0.000000011, 0.000000028, 0.000000394, 0.000000805, 0.000001135, 0.000000007, 0.000000011, 0.000000028, 0.000000394, 0.000000805, 0.000001135, 0, 1, 1, 1, 109.000000000
1646305749.927006245, 0.000000040, 0.000000044, 0.000000176, 0.000000678, 0.000001716, 0.000001984, 0.000000040, 0.000000044, 0.000000176, 0.000000678, 0.000001716, 0.000001984, 0, 1, 1, 1, 117.000000000
1646305749.977004051, 0.000000020, 0.000000027, 0.000000067, 0.000000669, 0.000001306, 0.000001757, 0.000000020, 0.000000027, 0.000000067, 0.000000669, 0.000001306, 0.000001757, 0, 1, 1, 0, 62.000000000
1646305750.101999044, 0.000000004, 0.000000009, 0.000000016, 0.000000134, 0.000000479, 0.000000675, 0.000000004, 0.000000009, 0.000000016, 0.000000134, 0.000000479, 0.000000675, 0, 1, 1, 1, 118.000000000
1646305750.151996851, 0.000000004, 0.000000009, 0.000000014, 0.000000157, 0.000000401, 0.000000558, 0.000000004, 0.000000009, 0.000000014, 0.000000157, 0.000000401, 0.000000558, 0, 1, 1, 0, 62.000000000
1646305750.201994896, 0.000001207, 0.000001314, 0.000001323, 0.000000630, 0.000001138, 0.000001377, 0.000001207, 0.000001314, 0.000001323, 0.000000630, 0.000001138, 0.000001377, 0, 1, 1, 0, 70.000000000
1646305750.251992941, 0.000000004, 0.000000010, 0.000000018, 0.000000195, 0.000000547, 0.000000698, 0.000000004, 0.000000010, 0.000000018, 0.000000195, 0.000000547, 0.000000698, 0, 1, 1, 0, 75.000000000
1646305750.301990747, 0.000001241, 0.000001305, 0.000001316, 0.000000597, 0.000001305, 0.000001560, 0.000001241, 0.000001305, 0.000001316, 0.000000597, 0.000001305, 0.000001560, 0, 1, 1, 0, 61.000000000
1646305750.351988792, 0.000000004, 0.000000010, 0.000000017, 0.000000188, 0.000000528, 0.000000701, 0.000000004, 0.000000010, 0.000000017, 0.000000188, 0.000000528, 0.000000701, 0, 1, 1, 0, 60.000000000
1646305750.401986599, 0.000001238, 0.000001296, 0.000001307, 0.000000584, 0.000001237, 0.000001540, 0.000001238, 0.000001296, 0.000001307, 0.000000584, 0.000001237, 0.000001540, 0, 1, 1, 0, 60.000000000
1646305750.526981592, 0.000000003, 0.000000007, 0.000000013, 0.000000099, 0.000000392, 0.000000514, 0.000000003, 0.000000007, 0.000000013, 0.000000099, 0.000000392, 0.000000514, 0, 1, 1, 1, 128.000000000
1646305750.601978540, 0.000000018, 0.000000024, 0.000000146, 0.000000521, 0.000000906, 0.000001006, 0.000000018, 0.000000024, 0.000000146, 0.000000521, 0.000000906, 0.000001006, 0, 1, 1, 0, 72.000000000
1646305750.701974392, 0.000000005, 0.000000010, 0.000000017, 0.000000130, 0.000000395, 0.000000681, 0.000000005, 0.000000010, 0.000000017, 0.000000130, 0.000000395, 0.000000681, 0, 1, 1, 0, 57.000000000
1646305750.801970243, 0.000000005, 0.000000010, 0.000000018, 0.000000132, 0.000000319, 0.000000654, 0.000000005, 0.000000010, 0.000000018, 0.000000132, 0.000000319, 0.000000654, 0, 1, 1, 1, 146.000000000
1646305750.901966095, 0.000000005, 0.000000011, 0.000000018, 0.000000147, 0.000000272, 0.000000732, 0.000000005, 0.000000011, 0.000000018, 0.000000147, 0.000000272, 0.000000732, 1, 1, 1, 0, 66.000000000
1646305750.951964140, 0.000000005, 0.000000011, 0.000000017, 0.000000189, 0.000000245, 0.000000637, 0.000000005, 0.000000011, 0.000000017, 0.000000189, 0.000000245, 0.000000637, 0, 1, 1, 0, 61.000000000
1646305751.051967621, 0.000000010, 0.000000020, 0.000000039, 0.000000627, 0.000000787, 0.000001119, 0.000000010, 0.000000020, 0.000000039, 0.000000627, 0.000000787, 0.000001119, 1, 1, 1, 1, 162.000000000
1646305751.126964808, 0.000000068, 0.000000239, 0.000000332, 0.000001544, 0.000001666, 0.000002804, 0.000000068, 0.000000239, 0.000000332, 0.000001544, 0.000001666, 0.000002804, 0, 1, 1, 0, 57.000000000
1646305751.176962852, 0.000000019, 0.000000032, 0.000000123, 0.000001109, 0.000001139, 0.000001928, 0.000000019, 0.000000032, 0.000000123, 0.000001109, 0.000001139, 0.000001928, 0, 1, 1, 0, 58.000000000
1646305751.226960897, 0.000000109, 0.000000297, 0.000000369, 0.000001595, 0.000002000, 0.000002942, 0.000000109, 0.000000297, 0.000000369, 0.000001595, 0.000002000, 0.000002942, 0, 1, 1, 0, 65.000000000
1646305751.276958942, 0.000000019, 0.000000040, 0.000000119, 0.000001098, 0.000001219, 0.000002406, 0.000000019, 0.000000040, 0.000000119, 0.000001098, 0.000001219, 0.000002406, 0, 1, 1, 0, 63.000000000
1646305751.401954174, 0.000000013, 0.000000043, 0.000000088, 0.000000932, 0.000001396, 0.000002308, 0.000000013, 0.000000043, 0.000000088, 0.000000932, 0.000001396, 0.000002308, 0, 1, 1, 1, 142.000000000
