# time(s), pre_rot_eig1, pre_rot_eig2, pre_rot_eig3, pre_trans_eig1, pre_trans_eig2, pre_trans_eig3, post_rot_eig1, post_rot_eig2, post_rot_eig3, post_trans_eig1, post_trans_eig2, post_trans_eig3, cam_used[0], cam_used[1], level0_avg_total_rows
1618223071.442012787, 0.000001265, 0.000001723, 0.000003896, 0.000005263, 0.000018996, 0.000024595, 0.000001265, 0.000001723, 0.000003896, 0.000005263, 0.000018996, 0.000024595, 1, 1, 0.000000000
1618223071.475345850, 0.000002515, 0.000003170, 0.000005070, 0.000021241, 0.000025858, 0.000033273, 0.000002515, 0.000003170, 0.000005070, 0.000021241, 0.000025858, 0.000033273, 1, 1, 0.000000000
1618223071.508678675, 0.000001594, 0.000002393, 0.000003798, 0.000016325, 0.000022069, 0.000041028, 0.000000376, 0.000000986, 0.000003519, 0.000007290, 0.000015076, 0.000029050, 1, 1, 5.000000000
1618223071.542011499, 0.000000819, 0.000000958, 0.000001071, 0.000004013, 0.000009911, 0.000015566, 0.000000246, 0.000000292, 0.000000594, 0.000003061, 0.000007310, 0.000008370, 1, 1, 33.000000000
1618223071.608677387, 0.000000055, 0.000000060, 0.000000196, 0.000000582, 0.000001307, 0.000001370, 0.000000026, 0.000000048, 0.000000091, 0.000000537, 0.000000668, 0.000000714, 1, 1, 43.000000000
1618223071.642010450, 0.000000252, 0.000000327, 0.000000427, 0.000000924, 0.000001374, 0.000001437, 0.000000126, 0.000000163, 0.000000292, 0.000000901, 0.000001271, 0.000001340, 1, 1, 56.000000000
1618223071.675343275, 0.000000137, 0.000000184, 0.000000339, 0.000001018, 0.000001474, 0.000001838, 0.000000019, 0.000000100, 0.000000222, 0.000000401, 0.000000899, 0.000001065, 1, 1, 48.000000000
1618223071.708676100, 0.000000050, 0.000000067, 0.000000152, 0.000000413, 0.000000713, 0.000001143, 0.000000011, 0.000000046, 0.000000128, 0.000000179, 0.000000417, 0.000001032, 1, 1, 45.000000000
1618223071.742008924, 0.000000100, 0.000000197, 0.000000228, 0.000000493, 0.000000710, 0.000001365, 0.000000065, 0.000000113, 0.000000214, 0.000000473, 0.000000700, 0.000001349, 1, 1, 42.000000000
1618223071.808674812, 0.000000025, 0.000000027, 0.000000078, 0.000000279, 0.000000513, 0.000000563, 0.000000023, 0.000000025, 0.000000076, 0.000000276, 0.000000506, 0.000000520, 1, 1, 32.000000000
1618223071.842007637, 0.000000043, 0.000000123, 0.000000128, 0.000000475, 0.000000729, 0.000000850, 0.000000042, 0.000000104, 0.000000124, 0.000000471, 0.000000726, 0.000000831, 1, 1, 36.000000000
1618223071.875340700, 0.000000072, 0.000000099, 0.000000162, 0.000000603, 0.000000858, 0.000001012, 0.000000069, 0.000000093, 0.000000151, 0.000000575, 0.000000840, 0.000000951, 1, 1, 26.000000000
1618223071.908673525, 0.000000039, 0.000000047, 0.000000114, 0.000000354, 0.000000672, 0.000000917, 0.000000038, 0.000000046, 0.000000113, 0.000000353, 0.000000642, 0.000000911, 1, 1, 29.000000000
1618223071.942006588, 0.000000033, 0.000000102, 0.000000124, 0.000000549, 0.000000958, 0.000000973, 0.000000033, 0.000000098, 0.000000111, 0.000000547, 0.000000866, 0.000000954, 1, 0, 17.000000000
1618223072.008672237, 0.000000020, 0.000000024, 0.000000058, 0.000000250, 0.000000377, 0.000000522, 0.000000020, 0.000000024, 0.000000058, 0.000000250, 0.000000377, 0.000000522, 1, 1, 30.000000000
1618223072.042005062, 0.000000024, 0.000000087, 0.000000107, 0.000000427, 0.000000575, 0.000000790, 0.000000024, 0.000000087, 0.000000104, 0.000000426, 0.000000575, 0.000000786, 1, 1, 39.000000000
1618223072.075338125, 0.000000072, 0.000000082, 0.000000126, 0.000000549, 0.000000791, 0.000000879, 0.000000063, 0.000000082, 0.000000126, 0.000000543, 0.000000716, 0.000000871, 1, 1, 40.000000000
1618223072.108670950, 0.000000038, 0.000000043, 0.000000110, 0.000000352, 0.000000627, 0.000000882, 0.000000038, 0.000000043, 0.000000110, 0.000000352, 0.000000627, 0.000000881, 1, 1, 33.000000000
1618223072.142003775, 0.000000027, 0.000000094, 0.000000095, 0.000000528, 0.000000918, 0.000000930, 0.000000027, 0.000000093, 0.000000094, 0.000000527, 0.000000917, 0.000000929, 1, 1, 43.000000000
1618223072.208669662, 0.000000017, 0.000000022, 0.000000052, 0.000000240, 0.000000329, 0.000000477, 0.000000017, 0.000000022, 0.000000052, 0.000000240, 0.000000329, 0.000000477, 1, 1, 41.000000000
1618223072.242002726, 0.000000024, 0.000000075, 0.000000080, 0.000000402, 0.000000529, 0.000000727, 0.000000024, 0.000000074, 0.000000079, 0.000000402, 0.000000528, 0.000000723, 1, 1, 50.000000000
1618223072.275335550, 0.000000069, 0.000000077, 0.000000109, 0.000000513, 0.000000731, 0.000000826, 0.000000068, 0.000000077, 0.000000109, 0.000000509, 0.000000728, 0.000000824, 1, 1, 51.000000000
1618223072.308668375, 0.000000037, 0.000000040, 0.000000104, 0.000000338, 0.000000604, 0.000000838, 0.000000037, 0.000000040, 0.000000104, 0.000000338, 0.000000603, 0.000000838, 1, 1, 46.000000000
1618223072.342001438, 0.000000042, 0.000000079, 0.000000088, 0.000000494, 0.000000895, 0.000000960, 0.000000042, 0.000000079, 0.000000088, 0.000000494, 0.000000894, 0.000000957, 1, 1, 45.000000000
1618223072.408667088, 0.000000019, 0.000000021, 0.000000048, 0.000000226, 0.000000314, 0.000000442, 0.000000019, 0.000000021, 0.000000048, 0.000000226, 0.000000314, 0.000000442, 1, 1, 43.000000000
1618223072.442000151, 0.000000037, 0.000000068, 0.000000073, 0.000000378, 0.000000525, 0.000000691, 0.000000037, 0.000000066, 0.000000073, 0.000000378, 0.000000525, 0.000000681, 1, 1, 47.000000000
1618223072.475332975, 0.000000063, 0.000000077, 0.000000112, 0.000000484, 0.000000692, 0.000000842, 0.000000063, 0.000000077, 0.000000112, 0.000000484, 0.000000692, 0.000000841, 1, 1, 47.000000000
1618223072.508665800, 0.000000035, 0.000000042, 0.000000104, 0.000000329, 0.000000575, 0.000000838, 0.000000035, 0.000000042, 0.000000104, 0.000000329, 0.000000574, 0.000000838, 1, 1, 53.000000000
1618223072.541998625, 0.000000038, 0.000000059, 0.000000074, 0.000000461, 0.000000831, 0.000000883, 0.000000038, 0.000000059, 0.000000074, 0.000000461, 0.000000829, 0.000000883, 1, 1, 40.000000000
1618223072.608664751, 0.000000020, 0.000000036, 0.000000052, 0.000000278, 0.000000335, 0.000000594, 0.000000020, 0.000000035, 0.000000052, 0.000000276, 0.000000334, 0.000000588, 1, 1, 46.000000000
1618223072.641997576, 0.000000030, 0.000000069, 0.000000072, 0.000000424, 0.000000527, 0.000000845, 0.000000030, 0.000000069, 0.000000072, 0.000000424, 0.000000527, 0.000000845, 1, 1, 36.000000000
1618223072.675330400, 0.000000082, 0.000000092, 0.000000130, 0.000000566, 0.000000825, 0.000000929, 0.000000082, 0.000000092, 0.000000130, 0.000000566, 0.000000825, 0.000000929, 1, 1, 38.000000000
1618223072.708663225, 0.000000052, 0.000000067, 0.000000122, 0.000000382, 0.000000807, 0.000000932, 0.000000052, 0.000000067, 0.000000122, 0.000000382, 0.000000807, 0.000000932, 1, 1, 44.000000000
1618223072.741996288, 0.000000034, 0.000000078, 0.000000082, 0.000000527, 0.000000944, 0.000001089, 0.000000034, 0.000000078, 0.000000082, 0.000000527, 0.000000944, 0.000001088, 1, 1, 49.000000000
1618223072.808661938, 0.000000032, 0.000000040, 0.000000068, 0.000000281, 0.000000511, 0.000000614, 0.000000032, 0.000000040, 0.000000068, 0.000000281, 0.000000511, 0.000000614, 1, 1, 64.000000000
1618223072.841994762, 0.000000023, 0.000000072, 0.000000086, 0.000000442, 0.000000658, 0.000000891, 0.000000023, 0.000000072, 0.000000086, 0.000000442, 0.000000658, 0.000000891, 1, 1, 63.000000000
1618223072.875327826, 0.000000088, 0.000000131, 0.000000196, 0.000000610, 0.000000818, 0.000001063, 0.000000088, 0.000000131, 0.000000196, 0.000000609, 0.000000817, 0.000001062, 1, 1, 72.000000000
1618223072.908660650, 0.000000068, 0.000000069, 0.000000131, 0.000000404, 0.000000821, 0.000001036, 0.000000068, 0.000000069, 0.000000131, 0.000000404, 0.000000821, 0.000001036, 1, 1, 90.000000000
1618223072.941993713, 0.000000039, 0.000000091, 0.000000106, 0.000000562, 0.000001043, 0.000001173, 0.000000039, 0.000000091, 0.000000106, 0.000000562, 0.000001043, 0.000001173, 1, 1, 87.000000000
1618223073.008659363, 0.000000053, 0.000000098, 0.000000173, 0.000000579, 0.000000828, 0.000001380, 0.000000053, 0.000000098, 0.000000173, 0.000000579, 0.000000828, 0.000001380, 1, 1, 69.000000000
1618223073.041992426, 0.000000052, 0.000000108, 0.000000481, 0.000000810, 0.000001038, 0.000002058, 0.000000052, 0.000000108, 0.000000478, 0.000000810, 0.000001038, 0.000002056, 1, 1, 65.000000000
1618223073.075325251, 0.000000174, 0.000000212, 0.000000327, 0.000001154, 0.000001350, 0.000001808, 0.000000174, 0.000000211, 0.000000326, 0.000001152, 0.000001349, 0.000001808, 1, 1, 81.000000000
1618223073.108658075, 0.000000113, 0.000000126, 0.000000169, 0.000000550, 0.000001179, 0.000001485, 0.000000113, 0.000000126, 0.000000169, 0.000000550, 0.000001179, 0.000001485, 1, 1, 79.000000000
1618223073.141991138, 0.000000041, 0.000000109, 0.000000137, 0.000000679, 0.000001182, 0.000001639, 0.000000041, 0.000000109, 0.000000137, 0.000000679, 0.000001182, 0.000001636, 1, 1, 99.000000000
1618223073.208656788, 0.000000041, 0.000000088, 0.000000215, 0.000000493, 0.000000902, 0.000001874, 0.000000041, 0.000000088, 0.000000213, 0.000000493, 0.000000900, 0.000001867, 1, 1, 96.000000000
1618223073.241989851, 0.000000045, 0.000000104, 0.000000320, 0.000000732, 0.000000965, 0.000002150, 0.000000045, 0.000000104, 0.000000317, 0.000000732, 0.000000965, 0.000002149, 1, 1, 90.000000000
1618223073.275322676, 0.000000097, 0.000000109, 0.000000127, 0.000000830, 0.000001020, 0.000001183, 0.000000097, 0.000000108, 0.000000127, 0.000000830, 0.000001020, 0.000001180, 1, 1, 88.000000000
1618223073.308655739, 0.000000059, 0.000000084, 0.000000148, 0.000000529, 0.000000964, 0.000001128, 0.000000059, 0.000000084, 0.000000148, 0.000000529, 0.000000964, 0.000001128, 1, 1, 94.000000000
1618223073.341988564, 0.000000037, 0.000000094, 0.000000100, 0.000000632, 0.000001091, 0.000001261, 0.000000037, 0.000000094, 0.000000100, 0.000000632, 0.000001091, 0.000001260, 1, 1, 102.000000000
1618223073.408654451, 0.000000034, 0.000000037, 0.000000071, 0.000000355, 0.000000479, 0.000000680, 0.000000034, 0.000000037, 0.000000071, 0.000000355, 0.000000479, 0.000000680, 1, 1, 109.000000000
1618223073.441987038, 0.000000031, 0.000000076, 0.000000078, 0.000000486, 0.000000667, 0.000000939, 0.000000031, 0.000000076, 0.000000078, 0.000000486, 0.000000667, 0.000000939, 1, 1, 110.000000000
1618223073.475319862, 0.000000083, 0.000000097, 0.000000125, 0.000000676, 0.000000852, 0.000000963, 0.000000083, 0.000000097, 0.000000125, 0.000000676, 0.000000852, 0.000000962, 1, 1, 114.000000000
1618223073.508652925, 0.000000056, 0.000000057, 0.000000142, 0.000000511, 0.000000788, 0.000001057, 0.000000056, 0.000000057, 0.000000142, 0.000000511, 0.000000788, 0.000001057, 1, 1, 108.000000000
1618223073.575318813, 0.000000017, 0.000000040, 0.000000053, 0.000000342, 0.000000465, 0.000000698, 0.000000017, 0.000000040, 0.000000053, 0.000000341, 0.000000465, 0.000000697, 1, 1, 104.000000000
1618223073.608651638, 0.000000062, 0.000000074, 0.000000110, 0.000000433, 0.000000579, 0.000000815, 0.000000062, 0.000000074, 0.000000110, 0.000000433, 0.000000579, 0.000000815, 1, 1, 112.000000000
1618223073.641984463, 0.000000035, 0.000000083, 0.000000085, 0.000000598, 0.000000819, 0.000001073, 0.000000035, 0.000000083, 0.000000085, 0.000000598, 0.000000819, 0.000001073, 1, 1, 107.000000000
1618223073.675317287, 0.000000121, 0.000000125, 0.000000143, 0.000000902, 0.000000967, 0.000001195, 0.000000121, 0.000000125, 0.000000143, 0.000000902, 0.000000967, 0.000001195, 1, 1, 116.000000000
1618223073.708650351, 0.000000068, 0.000000105, 0.000000160, 0.000000568, 0.000001110, 0.000001351, 0.000000068, 0.000000105, 0.000000160, 0.000000568, 0.000001110, 0.000001350, 1, 1, 115.000000000
1618223073.741983175, 0.000000041, 0.000000090, 0.000000099, 0.000000665, 0.000001058, 0.000001434, 0.000000041, 0.000000090, 0.000000099, 0.000000665, 0.000001058, 0.000001433, 1, 1, 107.000000000
1618223073.808648825, 0.000000025, 0.000000034, 0.000000059, 0.000000339, 0.000000397, 0.000000637, 0.000000025, 0.000000034, 0.000000059, 0.000000339, 0.000000397, 0.000000637, 1, 1, 107.000000000
1618223073.841981888, 0.000000035, 0.000000076, 0.000000086, 0.000000490, 0.000000596, 0.000000908, 0.000000035, 0.000000076, 0.000000086, 0.000000490, 0.000000596, 0.000000907, 1, 1, 114.000000000
1618223073.875314713, 0.000000078, 0.000000098, 0.000000114, 0.000000662, 0.000000842, 0.000000963, 0.000000078, 0.000000098, 0.000000114, 0.000000662, 0.000000842, 0.000000962, 1, 1, 110.000000000
1618223073.908647776, 0.000000052, 0.000000056, 0.000000131, 0.000000468, 0.000000770, 0.000000998, 0.000000052, 0.000000056, 0.000000131, 0.000000468, 0.000000770, 0.000000998, 1, 1, 111.000000000
1618223073.975313425, 0.000000016, 0.000000028, 0.000000045, 0.000000300, 0.000000397, 0.000000612, 0.000000016, 0.000000028, 0.000000045, 0.000000300, 0.000000397, 0.000000612, 1, 1, 115.000000000
1618223074.008646488, 0.000000066, 0.000000096, 0.000000110, 0.000000377, 0.000000533, 0.000000756, 0.000000066, 0.000000096, 0.000000110, 0.000000377, 0.000000533, 0.000000755, 1, 1, 105.000000000
1618223074.041979313, 0.000000035, 0.000000077, 0.000000095, 0.000000534, 0.000000781, 0.000001049, 0.000000035, 0.000000077, 0.000000095, 0.000000534, 0.000000781, 0.000001049, 1, 1, 100.000000000
1618223074.075312138, 0.000000072, 0.000000092, 0.000000109, 0.000000675, 0.000000871, 0.000001046, 0.000000072, 0.000000092, 0.000000109, 0.000000675, 0.000000869, 0.000001045, 1, 1, 100.000000000
1618223074.108645201, 0.000000060, 0.000000069, 0.000000137, 0.000000474, 0.000000853, 0.000001034, 0.000000060, 0.000000069, 0.000000137, 0.000000474, 0.000000852, 0.000001033, 1, 1, 91.000000000
1618223074.141978025, 0.000000039, 0.000000084, 0.000000087, 0.000000553, 0.000000988, 0.000001108, 0.000000039, 0.000000084, 0.000000087, 0.000000553, 0.000000987, 0.000001108, 1, 1, 85.000000000
1618223074.208643913, 0.000000031, 0.000000060, 0.000000084, 0.000000386, 0.000000512, 0.000001191, 0.000000031, 0.000000060, 0.000000084, 0.000000386, 0.000000512, 0.000001191, 1, 1, 81.000000000
1618223074.241976738, 0.000000041, 0.000000082, 0.000000174, 0.000000572, 0.000000649, 0.000001478, 0.000000041, 0.000000082, 0.000000174, 0.000000572, 0.000000649, 0.000001478, 1, 1, 87.000000000
1618223074.275309801, 0.000000097, 0.000000128, 0.000000258, 0.000000913, 0.000001019, 0.000001442, 0.000000097, 0.000000128, 0.000000258, 0.000000913, 0.000001019, 0.000001442, 1, 1, 93.000000000
1618223074.308642626, 0.000000070, 0.000000103, 0.000000149, 0.000000563, 0.000001062, 0.000001454, 0.000000070, 0.000000103, 0.000000149, 0.000000563, 0.000001062, 0.000001454, 1, 1, 97.000000000
1618223074.341975451, 0.000000035, 0.000000085, 0.000000097, 0.000000601, 0.000001011, 0.000001432, 0.000000035, 0.000000085, 0.000000097, 0.000000601, 0.000001011, 0.000001432, 1, 1, 107.000000000
1618223074.408641338, 0.000000024, 0.000000034, 0.000000050, 0.000000323, 0.000000384, 0.000000703, 0.000000024, 0.000000034, 0.000000050, 0.000000323, 0.000000384, 0.000000703, 1, 1, 107.000000000
1618223074.441974163, 0.000000030, 0.000000065, 0.000000076, 0.000000450, 0.000000567, 0.000000911, 0.000000030, 0.000000065, 0.000000076, 0.000000450, 0.000000567, 0.000000911, 1, 1, 125.000000000
1618223074.475306988, 0.000000067, 0.000000076, 0.000000088, 0.000000660, 0.000000817, 0.000000917, 0.000000067, 0.000000076, 0.000000088, 0.000000660, 0.000000817, 0.000000917, 1, 1, 122.000000000
1618223074.508640051, 0.000000072, 0.000000147, 0.000000160, 0.000000543, 0.000001029, 0.000001295, 0.000000072, 0.000000147, 0.000000160, 0.000000543, 0.000001029, 0.000001295, 1, 1, 104.000000000
1618223074.541972876, 0.000000043, 0.000000103, 0.000000289, 0.000000760, 0.000001083, 0.000001795, 0.000000043, 0.000000103, 0.000000289, 0.000000760, 0.000001083, 0.000001795, 1, 1, 102.000000000
1618223074.608638763, 0.000000028, 0.000000059, 0.000000096, 0.000000382, 0.000000585, 0.000001372, 0.000000028, 0.000000059, 0.000000096, 0.000000382, 0.000000585, 0.000001372, 1, 1, 102.000000000
1618223074.641971588, 0.000000036, 0.000000074, 0.000000125, 0.000000553, 0.000000647, 0.000001409, 0.000000036, 0.000000074, 0.000000125, 0.000000553, 0.000000647, 0.000001409, 1, 1, 114.000000000
1618223074.675304413, 0.000000115, 0.000000132, 0.000000228, 0.000000931, 0.000001038, 0.000001466, 0.000000115, 0.000000132, 0.000000228, 0.000000931, 0.000001038, 0.000001466, 1, 1, 120.000000000
1618223074.708637476, 0.000000103, 0.000000189, 0.000000287, 0.000000871, 0.000001260, 0.000001918, 0.000000103, 0.000000189, 0.000000287, 0.000000871, 0.000001260, 0.000001918, 1, 1, 100.000000000
1618223074.741970301, 0.000000057, 0.000000119, 0.000000324, 0.000001011, 0.000001226, 0.000002453, 0.000000057, 0.000000119, 0.000000324, 0.000001011, 0.000001226, 0.000002453, 1, 1, 82.000000000
1618223074.775303125, 0.000000138, 0.000000165, 0.000000469, 0.000001420, 0.000001622, 0.000002502, 0.000000138, 0.000000165, 0.000000469, 0.000001420, 0.000001622, 0.000002502, 1, 0, 36.000000000
1618223074.841969013, 0.000000056, 0.000000198, 0.000000327, 0.000000718, 0.000000940, 0.000002667, 0.000000056, 0.000000198, 0.000000327, 0.000000718, 0.000000940, 0.000002667, 1, 1, 47.000000000
1618223074.875301838, 0.000000137, 0.000000240, 0.000000267, 0.000001016, 0.000001195, 0.000002047, 0.000000137, 0.000000240, 0.000000267, 0.000001016, 0.000001195, 0.000002047, 1, 1, 45.000000000
1618223074.908634901, 0.000000193, 0.000000264, 0.000000385, 0.000000667, 0.000001604, 0.000002321, 0.000000193, 0.000000264, 0.000000385, 0.000000667, 0.000001604, 0.000002321, 1, 1, 34.000000000
1618223074.941967726, 0.000000293, 0.000000717, 0.000000741, 0.000000987, 0.000002191, 0.000003188, 0.000000293, 0.000000717, 0.000000741, 0.000000987, 0.000002191, 0.000003188, 1, 1, 36.000000000
1618223075.008633614, 0.000000201, 0.000000264, 0.000000354, 0.000001255, 0.000002081, 0.000004029, 0.000000201, 0.000000264, 0.000000354, 0.000001255, 0.000002081, 0.000004029, 1, 1, 37.000000000
1618223075.041966438, 0.000000242, 0.000000559, 0.000000717, 0.000001443, 0.000002306, 0.000004629, 0.000000242, 0.000000559, 0.000000717, 0.000001443, 0.000002306, 0.000004629, 1, 1, 44.000000000
1618223075.075299501, 0.000000129, 0.000000426, 0.000000460, 0.000001667, 0.000002571, 0.000002896, 0.000000129, 0.000000426, 0.000000460, 0.000001667, 0.000002571, 0.000002896, 1, 1, 45.000000000
1618223075.108632326, 0.000000216, 0.000000228, 0.000000354, 0.000001058, 0.000002349, 0.000002917, 0.000000216, 0.000000228, 0.000000354, 0.000001058, 0.000002349, 0.000002917, 1, 1, 56.000000000
1618223075.175298214, 0.000000076, 0.000000163, 0.000000208, 0.000001066, 0.000001354, 0.000002499, 0.000000076, 0.000000163, 0.000000208, 0.000001066, 0.000001354, 0.000002499, 1, 1, 68.000000000
1618223075.208631039, 0.000000241, 0.000000256, 0.000000322, 0.000001072, 0.000001447, 0.000002784, 0.000000241, 0.000000256, 0.000000322, 0.000001072, 0.000001447, 0.000002784, 1, 1, 73.000000000
1618223075.241964102, 0.000000124, 0.000000276, 0.000000397, 0.000001471, 0.000001749, 0.000003387, 0.000000124, 0.000000276, 0.000000397, 0.000001471, 0.000001749, 0.000003387, 1, 1, 84.000000000
1618223075.275296926, 0.000000206, 0.000000223, 0.000000291, 0.000001763, 0.000002098, 0.000002542, 0.000000206, 0.000000223, 0.000000291, 0.000001763, 0.000002098, 0.000002542, 1, 1, 98.000000000
1618223075.308629751, 0.000000212, 0.000000330, 0.000000498, 0.000001152, 0.000002294, 0.000002788, 0.000000212, 0.000000330, 0.000000498, 0.000001152, 0.000002294, 0.000002788, 1, 1, 89.000000000
1618223075.341962576, 0.000000305, 0.000000570, 0.000000701, 0.000001578, 0.000002572, 0.000003457, 0.000000305, 0.000000570, 0.000000701, 0.000001578, 0.000002572, 0.000003457, 1, 1, 91.000000000
1618223075.408628464, 0.000000120, 0.000000133, 0.000000239, 0.000000933, 0.000001547, 0.000002620, 0.000000120, 0.000000133, 0.000000239, 0.000000933, 0.000001547, 0.000002620, 1, 1, 84.000000000
1618223075.441961288, 0.000000251, 0.000000462, 0.000000530, 0.000001282, 0.000001934, 0.000003293, 0.000000251, 0.000000462, 0.000000530, 0.000001282, 0.000001934, 0.000003293, 1, 1, 69.000000000
1618223075.475294113, 0.000000150, 0.000000258, 0.000000327, 0.000001927, 0.000002208, 0.000003160, 0.000000150, 0.000000258, 0.000000327, 0.000001927, 0.000002208, 0.000003160, 1, 1, 84.000000000
1618223075.508627176, 0.000000196, 0.000000316, 0.000000437, 0.000000933, 0.000002507, 0.000002821, 0.000000196, 0.000000316, 0.000000437, 0.000000933, 0.000002507, 0.000002821, 1, 1, 76.000000000
1618223075.575293064, 0.000000074, 0.000000115, 0.000000125, 0.000001053, 0.000001349, 0.000002449, 0.000000074, 0.000000115, 0.000000125, 0.000001053, 0.000001349, 0.000002449, 1, 1, 76.000000000
1618223075.608625889, 0.000000310, 0.000000318, 0.000000439, 0.000001054, 0.000001704, 0.000002699, 0.000000310, 0.000000318, 0.000000439, 0.000001054, 0.000001704, 0.000002699, 1, 1, 67.000000000
1618223075.641958714, 0.000000243, 0.000000355, 0.000000630, 0.000001314, 0.000002020, 0.000003270, 0.000000243, 0.000000355, 0.000000630, 0.000001314, 0.000002020, 0.000003270, 1, 1, 65.000000000
1618223075.675291777, 0.000000108, 0.000000174, 0.000000216, 0.000001681, 0.000001942, 0.000002310, 0.000000108, 0.000000174, 0.000000216, 0.000001681, 0.000001942, 0.000002310, 1, 1, 75.000000000
1618223075.708624601, 0.000000198, 0.000000223, 0.000000366, 0.000001348, 0.000002070, 0.000002326, 0.000000198, 0.000000223, 0.000000366, 0.000001348, 0.000002070, 0.000002326, 1, 1, 67.000000000
1618223075.741957426, 0.000000072, 0.000000171, 0.000000269, 0.000001449, 0.000001541, 0.000002681, 0.000000072, 0.000000171, 0.000000269, 0.000001449, 0.000001541, 0.000002681, 1, 1, 90.000000000
1618223075.808623314, 0.000000042, 0.000000081, 0.000000091, 0.000000619, 0.000000881, 0.000002069, 0.000000042, 0.000000081, 0.000000091, 0.000000619, 0.000000881, 0.000002069, 1, 1, 83.000000000
1618223075.841956139, 0.000000062, 0.000000183, 0.000000469, 0.000000855, 0.000001186, 0.000002512, 0.000000062, 0.000000183, 0.000000469, 0.000000855, 0.000001186, 0.000002512, 1, 1, 79.000000000
1618223075.875289202, 0.000000105, 0.000000155, 0.000000308, 0.000001305, 0.000001811, 0.000002653, 0.000000105, 0.000000155, 0.000000308, 0.000001305, 0.000001811, 0.000002653, 1, 1, 76.000000000
1618223075.908622026, 0.000000130, 0.000000261, 0.000000349, 0.000001300, 0.000001573, 0.000002786, 0.000000130, 0.000000261, 0.000000349, 0.000001300, 0.000001573, 0.000002786, 1, 1, 72.000000000
1618223075.941955090, 0.000000077, 0.000000179, 0.000000440, 0.000001386, 0.000001615, 0.000002896, 0.000000077, 0.000000179, 0.000000440, 0.000001386, 0.000001615, 0.000002896, 1, 1, 74.000000000
1618223076.041953802, 0.000000019, 0.000000041, 0.000000089, 0.000000284, 0.000001059, 0.000001444, 0.000000019, 0.000000041, 0.000000089, 0.000000284, 0.000001059, 0.000001444, 1, 1, 62.000000000
1618223076.075286627, 0.000000073, 0.000000109, 0.000000182, 0.000000551, 0.000001369, 0.000001508, 0.000000073, 0.000000109, 0.000000182, 0.000000551, 0.000001369, 0.000001508, 1, 1, 69.000000000
1618223076.108619452, 0.000000129, 0.000000206, 0.000000246, 0.000001002, 0.000001142, 0.000001677, 0.000000129, 0.000000206, 0.000000246, 0.000001002, 0.000001142, 0.000001677, 1, 1, 69.000000000
1618223076.141952276, 0.000000083, 0.000000187, 0.000000497, 0.000001325, 0.000001637, 0.000002299, 0.000000083, 0.000000187, 0.000000497, 0.000001325, 0.000001637, 0.000002299, 1, 1, 50.000000000
1618223076.208618164, 0.000000052, 0.000000099, 0.000000140, 0.000000760, 0.000001064, 0.000001704, 0.000000052, 0.000000099, 0.000000140, 0.000000760, 0.000001064, 0.000001704, 1, 1, 61.000000000
1618223076.241951227, 0.000000124, 0.000000208, 0.000000381, 0.000001049, 0.000001370, 0.000002107, 0.000000124, 0.000000208, 0.000000381, 0.000001049, 0.000001370, 0.000002107, 1, 1, 54.000000000
1618223076.275284052, 0.000000135, 0.000000190, 0.000000243, 0.000001478, 0.000001840, 0.000002312, 0.000000135, 0.000000190, 0.000000243, 0.000001478, 0.000001840, 0.000002312, 1, 1, 65.000000000
1618223076.308616877, 0.000000245, 0.000000360, 0.000000386, 0.000001424, 0.000001811, 0.000002507, 0.000000245, 0.000000360, 0.000000386, 0.000001424, 0.000001811, 0.000002507, 1, 1, 66.000000000
1618223076.341949940, 0.000000178, 0.000000253, 0.000000554, 0.000001694, 0.000001805, 0.000002802, 0.000000178, 0.000000253, 0.000000554, 0.000001694, 0.000001805, 0.000002802, 1, 1, 64.000000000
1618223076.408615589, 0.000000045, 0.000000078, 0.000000122, 0.000000727, 0.000001032, 0.000001863, 0.000000045, 0.000000078, 0.000000122, 0.000000727, 0.000001032, 0.000001863, 1, 1, 62.000000000
1618223076.441948414, 0.000000085, 0.000000176, 0.000000364, 0.000000979, 0.000001224, 0.000002238, 0.000000085, 0.000000176, 0.000000364, 0.000000979, 0.000001224, 0.000002238, 1, 1, 77.000000000
1618223076.475281477, 0.000000104, 0.000000142, 0.000000171, 0.000001344, 0.000001691, 0.000001992, 0.000000104, 0.000000142, 0.000000171, 0.000001344, 0.000001691, 0.000001992, 1, 1, 77.000000000
1618223076.508614302, 0.000000193, 0.000000297, 0.000000344, 0.000001352, 0.000001606, 0.000002142, 0.000000193, 0.000000297, 0.000000344, 0.000001352, 0.000001606, 0.000002142, 1, 1, 96.000000000
1618223076.575280190, 0.000000045, 0.000000105, 0.000000116, 0.000000825, 0.000001340, 0.000001879, 0.000000045, 0.000000105, 0.000000116, 0.000000825, 0.000001340, 0.000001879, 1, 1, 83.000000000
1618223076.641946077, 0.000000077, 0.000000088, 0.000000137, 0.000000708, 0.000001025, 0.000001691, 0.000000077, 0.000000088, 0.000000137, 0.000000708, 0.000001025, 0.000001691, 1, 1, 80.000000000
1618223076.675278902, 0.000000076, 0.000000106, 0.000000150, 0.000000998, 0.000001453, 0.000001805, 0.000000076, 0.000000106, 0.000000150, 0.000000998, 0.000001453, 0.000001805, 1, 1, 91.000000000
1618223076.708611727, 0.000000177, 0.000000294, 0.000000319, 0.000001151, 0.000001350, 0.000002051, 0.000000177, 0.000000294, 0.000000319, 0.000001151, 0.000001350, 0.000002051, 1, 1, 96.000000000
1618223076.741944790, 0.000000109, 0.000000201, 0.000000309, 0.000001382, 0.000001454, 0.000002167, 0.000000109, 0.000000201, 0.000000309, 0.000001382, 0.000001454, 0.000002167, 1, 1, 100.000000000
1618223076.808610439, 0.000000046, 0.000000088, 0.000000091, 0.000000742, 0.000001086, 0.000001728, 0.000000046, 0.000000088, 0.000000091, 0.000000742, 0.000001086, 0.000001728, 1, 1, 87.000000000
1618223076.841943502, 0.000000088, 0.000000175, 0.000000332, 0.000000990, 0.000001181, 0.000001957, 0.000000088, 0.000000175, 0.000000332, 0.000000990, 0.000001181, 0.000001957, 1, 1, 87.000000000
1618223076.875276327, 0.000000089, 0.000000123, 0.000000131, 0.000001303, 0.000001758, 0.000002020, 0.000000089, 0.000000123, 0.000000131, 0.000001303, 0.000001758, 0.000002020, 1, 1, 86.000000000
1618223076.908609390, 0.000000222, 0.000000308, 0.000000410, 0.000001537, 0.000001630, 0.000002335, 0.000000222, 0.000000308, 0.000000410, 0.000001537, 0.000001630, 0.000002335, 1, 1, 87.000000000
1618223076.941942215, 0.000000120, 0.000000199, 0.000000335, 0.000001580, 0.000001689, 0.000002274, 0.000000120, 0.000000199, 0.000000335, 0.000001580, 0.000001689, 0.000002274, 1, 1, 75.000000000
1618223077.008607864, 0.000000049, 0.000000086, 0.000000096, 0.000000759, 0.000001289, 0.000001618, 0.000000049, 0.000000086, 0.000000096, 0.000000759, 0.000001289, 0.000001618, 1, 1, 68.000000000
1618223077.041940928, 0.000000096, 0.000000184, 0.000000293, 0.000001000, 0.000001344, 0.000001833, 0.000000096, 0.000000184, 0.000000293, 0.000001000, 0.000001344, 0.000001833, 1, 1, 77.000000000
1618223077.075273752, 0.000000119, 0.000000138, 0.000000208, 0.000001297, 0.000001737, 0.000001935, 0.000000119, 0.000000138, 0.000000208, 0.000001297, 0.000001737, 0.000001935, 1, 1, 85.000000000
1618223077.108606577, 0.000000195, 0.000000265, 0.000000323, 0.000001441, 0.000001572, 0.000002252, 0.000000195, 0.000000265, 0.000000323, 0.000001441, 0.000001572, 0.000002252, 1, 1, 89.000000000
1618223077.175272465, 0.000000043, 0.000000124, 0.000000139, 0.000000823, 0.000001470, 0.000001872, 0.000000043, 0.000000124, 0.000000139, 0.000000823, 0.000001470, 0.000001872, 1, 1, 80.000000000
1618223077.208605289, 0.000000253, 0.000000329, 0.000000460, 0.000001151, 0.000001601, 0.000002341, 0.000000253, 0.000000329, 0.000000460, 0.000001151, 0.000001601, 0.000002341, 1, 1, 74.000000000
1618223077.241938353, 0.000000171, 0.000000289, 0.000000390, 0.000001498, 0.000001687, 0.000002342, 0.000000171, 0.000000289, 0.000000390, 0.000001498, 0.000001687, 0.000002342, 1, 1, 46.000000000
1618223077.275271177, 0.000000123, 0.000000209, 0.000000252, 0.000001941, 0.000002089, 0.000002222, 0.000000123, 0.000000209, 0.000000252, 0.000001941, 0.000002089, 0.000002222, 1, 1, 53.000000000
1618223077.308604240, 0.000000277, 0.000000417, 0.000000436, 0.000001773, 0.000002164, 0.000002616, 0.000000277, 0.000000417, 0.000000436, 0.000001773, 0.000002164, 0.000002616, 1, 1, 58.000000000
1618223077.341937065, 0.000000265, 0.000000295, 0.000000384, 0.000001836, 0.000002171, 0.000002631, 0.000000265, 0.000000295, 0.000000384, 0.000001836, 0.000002171, 0.000002631, 1, 1, 63.000000000
1618223077.408602715, 0.000000070, 0.000000127, 0.000000181, 0.000001225, 0.000001265, 0.000001995, 0.000000070, 0.000000127, 0.000000181, 0.000001225, 0.000001265, 0.000001995, 1, 1, 62.000000000
1618223077.441935778, 0.000000149, 0.000000240, 0.000000311, 0.000001393, 0.000001424, 0.000002154, 0.000000149, 0.000000240, 0.000000311, 0.000001393, 0.000001424, 0.000002154, 1, 1, 83.000000000
1618223077.475268841, 0.000000110, 0.000000182, 0.000000221, 0.000001655, 0.000001820, 0.000001956, 0.000000110, 0.000000182, 0.000000221, 0.000001655, 0.000001820, 0.000001956, 1, 1, 81.000000000
1618223077.508601665, 0.000000223, 0.000000246, 0.000000298, 0.000001446, 0.000001785, 0.000002188, 0.000000223, 0.000000246, 0.000000298, 0.000001446, 0.000001785, 0.000002188, 1, 1, 83.000000000
1618223077.541934490, 0.000000151, 0.000000226, 0.000000274, 0.000001493, 0.000001747, 0.000002249, 0.000000151, 0.000000226, 0.000000274, 0.000001493, 0.000001747, 0.000002249, 1, 1, 93.000000000
1618223077.641933441, 0.000000029, 0.000000053, 0.000000054, 0.000000461, 0.000000807, 0.000001225, 0.000000029, 0.000000053, 0.000000054, 0.000000461, 0.000000807, 0.000001225, 1, 1, 95.000000000
1618223077.675266504, 0.000000069, 0.000000150, 0.000000179, 0.000000754, 0.000001135, 0.000001382, 0.000000069, 0.000000150, 0.000000179, 0.000000754, 0.000001135, 0.000001382, 1, 1, 108.000000000
1618223077.708599329, 0.000000140, 0.000000200, 0.000000321, 0.000001072, 0.000001229, 0.000001624, 0.000000140, 0.000000200, 0.000000321, 0.000001072, 0.000001229, 0.000001624, 1, 1, 93.000000000
1618223077.741932392, 0.000000203, 0.000000254, 0.000000327, 0.000001539, 0.000001634, 0.000001954, 0.000000203, 0.000000254, 0.000000327, 0.000001539, 0.000001634, 0.000001954, 1, 1, 84.000000000
1618223077.775265217, 0.000000107, 0.000000179, 0.000000244, 0.000001838, 0.000001947, 0.000002141, 0.000000107, 0.000000179, 0.000000244, 0.000001838, 0.000001947, 0.000002141, 1, 0, 44.000000000
1618223077.841931105, 0.000000091, 0.000000165, 0.000000215, 0.000001039, 0.000001422, 0.000001867, 0.000000091, 0.000000165, 0.000000215, 0.000001039, 0.000001422, 0.000001867, 1, 1, 73.000000000
1618223077.875264168, 0.000000094, 0.000000156, 0.000000228, 0.000001339, 0.000001689, 0.000001854, 0.000000094, 0.000000156, 0.000000228, 0.000001339, 0.000001689, 0.000001854, 1, 1, 74.000000000
1618223077.908597231, 0.000000218, 0.000000265, 0.000000302, 0.000001376, 0.000001665, 0.000002135, 0.000000218, 0.000000265, 0.000000302, 0.000001376, 0.000001665, 0.000002135, 1, 1, 73.000000000
1618223077.941930056, 0.000000184, 0.000000286, 0.000000347, 0.000001594, 0.000001914, 0.000002308, 0.000000184, 0.000000286, 0.000000347, 0.000001594, 0.000001914, 0.000002308, 1, 1, 78.000000000
1618223078.041929007, 0.000000046, 0.000000078, 0.000000091, 0.000000690, 0.000001336, 0.000001390, 0.000000046, 0.000000078, 0.000000091, 0.000000690, 0.000001336, 0.000001390, 1, 1, 41.000000000
1618223078.075261831, 0.000000179, 0.000000247, 0.000000357, 0.000001130, 0.000001762, 0.000001904, 0.000000179, 0.000000247, 0.000000357, 0.000001130, 0.000001762, 0.000001904, 1, 1, 52.000000000
1618223078.108594894, 0.000000284, 0.000000343, 0.000000586, 0.000001668, 0.000001771, 0.000002310, 0.000000284, 0.000000343, 0.000000586, 0.000001668, 0.000001771, 0.000002310, 1, 1, 35.000000000
1618223078.175260782, 0.000000170, 0.000000238, 0.000000395, 0.000002105, 0.000002591, 0.000003192, 0.000000170, 0.000000238, 0.000000395, 0.000002105, 0.000002591, 0.000003192, 1, 1, 22.000000000
1618223078.208593607, 0.000000406, 0.000000462, 0.000000730, 0.000001863, 0.000002751, 0.000003477, 0.000000406, 0.000000462, 0.000000730, 0.000001863, 0.000002751, 0.000003477, 1, 1, 20.000000000
1618223078.241926670, 0.000000553, 0.000000631, 0.000000853, 0.000002533, 0.000003191, 0.000004111, 0.000000553, 0.000000631, 0.000000853, 0.000002533, 0.000003191, 0.000004111, 1, 1, 13.000000000
1618223078.275259733, 0.000000220, 0.000000259, 0.000000512, 0.000003191, 0.000003544, 0.000003953, 0.000000220, 0.000000259, 0.000000512, 0.000003191, 0.000003544, 0.000003953, 1, 1, 9.000000000
1618223078.308592558, 0.000000112, 0.000000294, 0.000000378, 0.000001896, 0.000002687, 0.000003332, 0.000000112, 0.000000294, 0.000000378, 0.000001896, 0.000002687, 0.000003332, 1, 1, 15.000000000
1618223078.341925621, 0.000000229, 0.000000351, 0.000000620, 0.000002031, 0.000002435, 0.000003523, 0.000000229, 0.000000351, 0.000000620, 0.000002031, 0.000002435, 0.000003523, 1, 1, 27.000000000
1618223078.441926718, 0.000000048, 0.000000072, 0.000000095, 0.000000633, 0.000001098, 0.000001910, 0.000000048, 0.000000072, 0.000000095, 0.000000633, 0.000001098, 0.000001910, 1, 1, 24.000000000
1618223078.475259542, 0.000000158, 0.000000217, 0.000000343, 0.000001058, 0.000001506, 0.000001961, 0.000000158, 0.000000217, 0.000000343, 0.000001058, 0.000001506, 0.000001961, 1, 1, 44.000000000
1618223078.508592606, 0.000000308, 0.000000338, 0.000000358, 0.000001626, 0.000001696, 0.000002554, 0.000000308, 0.000000338, 0.000000358, 0.000001626, 0.000001696, 0.000002554, 1, 1, 50.000000000
1618223078.541925669, 0.000000183, 0.000000309, 0.000000484, 0.000001897, 0.000002278, 0.000003276, 0.000000183, 0.000000309, 0.000000484, 0.000001897, 0.000002278, 0.000003276, 1, 1, 55.000000000
1618223078.575258732, 0.000000207, 0.000000297, 0.000000573, 0.000002621, 0.000003119, 0.000003484, 0.000000207, 0.000000297, 0.000000573, 0.000002621, 0.000003119, 0.000003484, 1, 0, 21.000000000
1618223078.641924620, 0.000000133, 0.000000198, 0.000000255, 0.000001561, 0.000001950, 0.000002870, 0.000000133, 0.000000198, 0.000000255, 0.000001561, 0.000001950, 0.000002870, 1, 1, 45.000000000
1618223078.675257444, 0.000000203, 0.000000239, 0.000000617, 0.000002065, 0.000002379, 0.000002559, 0.000000203, 0.000000239, 0.000000617, 0.000002065, 0.000002379, 0.000002559, 1, 1, 48.000000000
1618223078.708590269, 0.000000126, 0.000000339, 0.000000477, 0.000001849, 0.000002417, 0.000003121, 0.000000126, 0.000000339, 0.000000477, 0.000001849, 0.000002417, 0.000003121, 1, 1, 44.000000000
1618223078.775256157, 0.000000082, 0.000000155, 0.000000241, 0.000001256, 0.000002029, 0.000002382, 0.000000082, 0.000000155, 0.000000241, 0.000001256, 0.000002029, 0.000002382, 1, 1, 55.000000000
1618223078.808589220, 0.000000362, 0.000000432, 0.000000503, 0.000001669, 0.000002147, 0.000002932, 0.000000362, 0.000000432, 0.000000503, 0.000001669, 0.000002147, 0.000002932, 1, 1, 60.000000000
1618223078.841922045, 0.000000327, 0.000000356, 0.000000645, 0.000002109, 0.000002525, 0.000003386, 0.000000327, 0.000000356, 0.000000645, 0.000002109, 0.000002525, 0.000003386, 1, 1, 50.000000000
1618223078.875255108, 0.000000163, 0.000000180, 0.000000288, 0.000001875, 0.000002267, 0.000002803, 0.000000163, 0.000000180, 0.000000288, 0.000001875, 0.000002267, 0.000002803, 1, 1, 60.000000000
1618223078.908588171, 0.000000382, 0.000000502, 0.000000625, 0.000002226, 0.000002880, 0.000002945, 0.000000382, 0.000000502, 0.000000625, 0.000002226, 0.000002880, 0.000002945, 1, 1, 63.000000000
1618223078.941920996, 0.000000528, 0.000000544, 0.000000842, 0.000002716, 0.000003130, 0.000003383, 0.000000528, 0.000000544, 0.000000842, 0.000002716, 0.000003130, 0.000003383, 1, 1, 45.000000000
1618223079.008586884, 0.000000133, 0.000000141, 0.000000294, 0.000001634, 0.000002863, 0.000003296, 0.000000133, 0.000000141, 0.000000294, 0.000001634, 0.000002863, 0.000003296, 1, 1, 39.000000000
1618223079.041919947, 0.000000488, 0.000000604, 0.000000657, 0.000002365, 0.000002838, 0.000003614, 0.000000488, 0.000000604, 0.000000657, 0.000002365, 0.000002838, 0.000003614, 1, 1, 53.000000000
1618223079.075252771, 0.000000162, 0.000000209, 0.000000338, 0.000001669, 0.000003283, 0.000003297, 0.000000162, 0.000000209, 0.000000338, 0.000001669, 0.000003283, 0.000003297, 1, 1, 50.000000000
1618223079.108585835, 0.000000334, 0.000000538, 0.000000614, 0.000002223, 0.000002946, 0.000003630, 0.000000334, 0.000000538, 0.000000614, 0.000002223, 0.000002946, 0.000003630, 1, 1, 46.000000000
1618223079.175251722, 0.000000103, 0.000000174, 0.000000221, 0.000001942, 0.000002293, 0.000003052, 0.000000103, 0.000000174, 0.000000221, 0.000001942, 0.000002293, 0.000003052, 1, 1, 49.000000000
1618223079.208584547, 0.000000192, 0.000000294, 0.000000473, 0.000001874, 0.000002209, 0.000003045, 0.000000192, 0.000000294, 0.000000473, 0.000001874, 0.000002209, 0.000003045, 1, 1, 53.000000000
1618223079.241917610, 0.000000299, 0.000000481, 0.000000509, 0.000002265, 0.000002594, 0.000003326, 0.000000299, 0.000000481, 0.000000509, 0.000002265, 0.000002594, 0.000003326, 1, 1, 54.000000000
1618223079.275250673, 0.000000143, 0.000000170, 0.000000279, 0.000001871, 0.000002527, 0.000003030, 0.000000143, 0.000000170, 0.000000279, 0.000001871, 0.000002527, 0.000003030, 1, 1, 68.000000000
