# time(s), pre_rot_eig1, pre_rot_eig2, pre_rot_eig3, pre_trans_eig1, pre_trans_eig2, pre_trans_eig3, post_rot_eig1, post_rot_eig2, post_rot_eig3, post_trans_eig1, post_trans_eig2, post_trans_eig3, cam_used[0], cam_used[1], level0_avg_total_rows
1618223071.442012787, 0.000001265, 0.000001723, 0.000003896, 0.000005263, 0.000018996, 0.000024595, 0.000001265, 0.000001723, 0.000003896, 0.000005263, 0.000018996, 0.000024595, 1, 1, 0.000000000
1618223071.475345850, 0.000002515, 0.000003170, 0.000005070, 0.000021241, 0.000025858, 0.000033273, 0.000002515, 0.000003170, 0.000005070, 0.000021241, 0.000025858, 0.000033273, 1, 1, 0.000000000
1618223071.508678675, 0.000001594, 0.000002393, 0.000003798, 0.000016325, 0.000022069, 0.000041028, 0.000000248, 0.000000587, 0.000001189, 0.000005099, 0.000011509, 0.000029246, 1, 1, 16.000000000
1618223071.542011499, 0.000000781, 0.000000886, 0.000000980, 0.000003716, 0.000009733, 0.000014762, 0.000000025, 0.000000049, 0.000000128, 0.000000692, 0.000000903, 0.000001672, 1, 1, 84.000000000
1618223071.608677387, 0.000000059, 0.000000063, 0.000000204, 0.000000588, 0.000001337, 0.000001392, 0.000000009, 0.000000012, 0.000000016, 0.000000157, 0.000000306, 0.000000362, 1, 1, 118.000000000
1618223071.642010450, 0.000000208, 0.000000339, 0.000000443, 0.000000555, 0.000000753, 0.000000858, 0.000000003, 0.000000011, 0.000000023, 0.000000025, 0.000000325, 0.000000362, 1, 1, 142.000000000
1618223071.675343275, 0.000000111, 0.000000134, 0.000000345, 0.000000201, 0.000000742, 0.000000846, 0.000000013, 0.000000020, 0.000000061, 0.000000132, 0.000000329, 0.000000402, 1, 1, 135.000000000
1618223071.708676100, 0.000000065, 0.000000070, 0.000000121, 0.000000412, 0.000000452, 0.000000654, 0.000000011, 0.000000023, 0.000000030, 0.000000153, 0.000000306, 0.000000367, 1, 1, 140.000000000
1618223071.742008924, 0.000000110, 0.000000203, 0.000000282, 0.000000451, 0.000000642, 0.000000785, 0.000000006, 0.000000009, 0.000000029, 0.000000077, 0.000000357, 0.000000475, 1, 1, 132.000000000
1618223071.808674812, 0.000000027, 0.000000034, 0.000000079, 0.000000318, 0.000000438, 0.000000538, 0.000000002, 0.000000007, 0.000000016, 0.000000100, 0.000000168, 0.000000261, 1, 1, 129.000000000
1618223071.842007637, 0.000000061, 0.000000132, 0.000000164, 0.000000320, 0.000000416, 0.000000494, 0.000000011, 0.000000032, 0.000000041, 0.000000171, 0.000000381, 0.000000460, 1, 1, 108.000000000
1618223071.875340700, 0.000000090, 0.000000101, 0.000000187, 0.000000402, 0.000000786, 0.000000839, 0.000000009, 0.000000013, 0.000000045, 0.000000149, 0.000000284, 0.000000468, 1, 1, 79.000000000
1618223071.908673525, 0.000000042, 0.000000048, 0.000000091, 0.000000319, 0.000000364, 0.000000588, 0.000000011, 0.000000042, 0.000000065, 0.000000195, 0.000000320, 0.000000462, 1, 1, 80.000000000
1618223071.942006588, 0.000000050, 0.000000119, 0.000000127, 0.000000471, 0.000000595, 0.000000807, 0.000000016, 0.000000036, 0.000000095, 0.000000182, 0.000000510, 0.000000743, 1, 0, 44.000000000
1618223072.008672237, 0.000000022, 0.000000027, 0.000000059, 0.000000266, 0.000000383, 0.000000485, 0.000000020, 0.000000022, 0.000000051, 0.000000259, 0.000000343, 0.000000384, 1, 1, 86.000000000
1618223072.042005062, 0.000000036, 0.000000099, 0.000000110, 0.000000438, 0.000000582, 0.000000717, 0.000000025, 0.000000038, 0.000000078, 0.000000325, 0.000000432, 0.000000572, 1, 1, 101.000000000
1618223072.075338125, 0.000000085, 0.000000086, 0.000000131, 0.000000467, 0.000000776, 0.000000856, 0.000000028, 0.000000043, 0.000000102, 0.000000265, 0.000000494, 0.000000556, 1, 1, 101.000000000
1618223072.108670950, 0.000000041, 0.000000043, 0.000000099, 0.000000347, 0.000000496, 0.000000747, 0.000000023, 0.000000040, 0.000000088, 0.000000308, 0.000000365, 0.000000680, 1, 1, 94.000000000
1618223072.142003775, 0.000000038, 0.000000091, 0.000000104, 0.000000501, 0.000000715, 0.000000911, 0.000000036, 0.000000055, 0.000000088, 0.000000443, 0.000000659, 0.000000878, 1, 1, 96.000000000
1618223072.208669662, 0.000000018, 0.000000025, 0.000000052, 0.000000250, 0.000000330, 0.000000537, 0.000000016, 0.000000018, 0.000000049, 0.000000245, 0.000000313, 0.000000372, 1, 1, 92.000000000
1618223072.242002726, 0.000000036, 0.000000076, 0.000000087, 0.000000401, 0.000000547, 0.000000651, 0.000000031, 0.000000034, 0.000000071, 0.000000324, 0.000000398, 0.000000534, 1, 1, 104.000000000
1618223072.275335550, 0.000000069, 0.000000082, 0.000000108, 0.000000440, 0.000000675, 0.000000801, 0.000000026, 0.000000061, 0.000000090, 0.000000302, 0.000000445, 0.000000634, 1, 1, 102.000000000
1618223072.308668375, 0.000000037, 0.000000042, 0.000000100, 0.000000327, 0.000000494, 0.000000775, 0.000000024, 0.000000034, 0.000000081, 0.000000298, 0.000000325, 0.000000661, 1, 1, 110.000000000
1618223072.342001438, 0.000000053, 0.000000079, 0.000000086, 0.000000475, 0.000000654, 0.000000911, 0.000000041, 0.000000047, 0.000000077, 0.000000367, 0.000000483, 0.000000847, 1, 1, 106.000000000
1618223072.408667088, 0.000000018, 0.000000021, 0.000000048, 0.000000225, 0.000000303, 0.000000443, 0.000000018, 0.000000019, 0.000000046, 0.000000223, 0.000000297, 0.000000402, 1, 1, 100.000000000
1618223072.442000151, 0.000000042, 0.000000070, 0.000000073, 0.000000373, 0.000000520, 0.000000690, 0.000000040, 0.000000055, 0.000000069, 0.000000366, 0.000000503, 0.000000556, 1, 1, 93.000000000
1618223072.475332975, 0.000000064, 0.000000079, 0.000000105, 0.000000463, 0.000000677, 0.000000822, 0.000000048, 0.000000071, 0.000000100, 0.000000420, 0.000000558, 0.000000755, 1, 1, 93.000000000
1618223072.508665800, 0.000000035, 0.000000042, 0.000000104, 0.000000332, 0.000000551, 0.000000828, 0.000000028, 0.000000039, 0.000000092, 0.000000328, 0.000000402, 0.000000754, 1, 1, 108.000000000
1618223072.541998625, 0.000000045, 0.000000064, 0.000000074, 0.000000453, 0.000000717, 0.000000882, 0.000000044, 0.000000058, 0.000000072, 0.000000445, 0.000000669, 0.000000870, 1, 1, 95.000000000
1618223072.608664751, 0.000000020, 0.000000036, 0.000000050, 0.000000271, 0.000000321, 0.000000627, 0.000000020, 0.000000030, 0.000000049, 0.000000269, 0.000000318, 0.000000525, 1, 1, 103.000000000
1618223072.641997576, 0.000000035, 0.000000070, 0.000000075, 0.000000420, 0.000000525, 0.000000809, 0.000000035, 0.000000066, 0.000000073, 0.000000420, 0.000000523, 0.000000748, 1, 1, 109.000000000
1618223072.675330400, 0.000000082, 0.000000095, 0.000000122, 0.000000571, 0.000000801, 0.000000946, 0.000000082, 0.000000094, 0.000000121, 0.000000567, 0.000000797, 0.000000939, 1, 1, 86.000000000
1618223072.708663225, 0.000000050, 0.000000065, 0.000000122, 0.000000390, 0.000000821, 0.000000956, 0.000000050, 0.000000065, 0.000000122, 0.000000390, 0.000000820, 0.000000955, 1, 1, 97.000000000
1618223072.741996288, 0.000000039, 0.000000078, 0.000000080, 0.000000527, 0.000000971, 0.000001127, 0.000000039, 0.000000077, 0.000000080, 0.000000527, 0.000000970, 0.000001110, 1, 1, 113.000000000
1618223072.808661938, 0.000000033, 0.000000039, 0.000000067, 0.000000286, 0.000000498, 0.000000664, 0.000000033, 0.000000039, 0.000000067, 0.000000286, 0.000000498, 0.000000662, 1, 1, 115.000000000
1618223072.841994762, 0.000000030, 0.000000073, 0.000000090, 0.000000439, 0.000000670, 0.000000935, 0.000000030, 0.000000073, 0.000000090, 0.000000439, 0.000000670, 0.000000931, 1, 1, 145.000000000
1618223072.875327826, 0.000000094, 0.000000143, 0.000000220, 0.000000619, 0.000000876, 0.000001146, 0.000000093, 0.000000143, 0.000000219, 0.000000615, 0.000000875, 0.000001144, 1, 1, 165.000000000
1618223072.908660650, 0.000000068, 0.000000074, 0.000000139, 0.000000421, 0.000000896, 0.000001091, 0.000000068, 0.000000074, 0.000000139, 0.000000421, 0.000000895, 0.000001091, 1, 1, 180.000000000
1618223072.941993713, 0.000000043, 0.000000090, 0.000000109, 0.000000569, 0.000001087, 0.000001236, 0.000000043, 0.000000090, 0.000000109, 0.000000569, 0.000001086, 0.000001230, 1, 1, 192.000000000
1618223073.008659363, 0.000000052, 0.000000103, 0.000000174, 0.000000561, 0.000000843, 0.000001459, 0.000000052, 0.000000103, 0.000000169, 0.000000560, 0.000000839, 0.000001443, 1, 1, 157.000000000
1618223073.041992426, 0.000000053, 0.000000104, 0.000000433, 0.000000805, 0.000001083, 0.000002131, 0.000000053, 0.000000104, 0.000000431, 0.000000805, 0.000001083, 0.000002124, 1, 1, 147.000000000
1618223073.075325251, 0.000000186, 0.000000223, 0.000000378, 0.000001178, 0.000001464, 0.000001908, 0.000000186, 0.000000223, 0.000000378, 0.000001177, 0.000001464, 0.000001908, 1, 1, 146.000000000
1618223073.108658075, 0.000000099, 0.000000109, 0.000000158, 0.000000595, 0.000001138, 0.000001408, 0.000000099, 0.000000109, 0.000000158, 0.000000595, 0.000001138, 0.000001408, 1, 1, 158.000000000
1618223073.141991138, 0.000000045, 0.000000100, 0.000000135, 0.000000686, 0.000001150, 0.000001492, 0.000000045, 0.000000100, 0.000000135, 0.000000686, 0.000001150, 0.000001489, 1, 1, 194.000000000
1618223073.208656788, 0.000000037, 0.000000087, 0.000000198, 0.000000478, 0.000000966, 0.000001766, 0.000000037, 0.000000087, 0.000000198, 0.000000478, 0.000000966, 0.000001764, 1, 1, 188.000000000
1618223073.241989851, 0.000000052, 0.000000101, 0.000000397, 0.000000733, 0.000001118, 0.000002219, 0.000000052, 0.000000101, 0.000000391, 0.000000733, 0.000001117, 0.000002196, 1, 1, 185.000000000
1618223073.275322676, 0.000000116, 0.000000137, 0.000000155, 0.000001030, 0.000001261, 0.000001511, 0.000000116, 0.000000137, 0.000000155, 0.000001030, 0.000001261, 0.000001511, 1, 1, 194.000000000
1618223073.308655739, 0.000000055, 0.000000080, 0.000000142, 0.000000544, 0.000001041, 0.000001210, 0.000000055, 0.000000080, 0.000000142, 0.000000544, 0.000001041, 0.000001210, 1, 1, 199.000000000
1618223073.341988564, 0.000000043, 0.000000094, 0.000000101, 0.000000664, 0.000001105, 0.000001339, 0.000000043, 0.000000094, 0.000000101, 0.000000664, 0.000001105, 0.000001339, 1, 1, 230.000000000
1618223073.408654451, 0.000000034, 0.000000035, 0.000000071, 0.000000369, 0.000000479, 0.000000699, 0.000000034, 0.000000035, 0.000000071, 0.000000369, 0.000000479, 0.000000699, 1, 1, 240.000000000
1618223073.441987038, 0.000000034, 0.000000071, 0.000000088, 0.000000505, 0.000000664, 0.000000976, 0.000000034, 0.000000071, 0.000000088, 0.000000505, 0.000000664, 0.000000976, 1, 1, 240.000000000
1618223073.475319862, 0.000000084, 0.000000102, 0.000000132, 0.000000695, 0.000000889, 0.000001002, 0.000000084, 0.000000102, 0.000000132, 0.000000695, 0.000000889, 0.000001002, 1, 1, 216.000000000
1618223073.508652925, 0.000000057, 0.000000063, 0.000000140, 0.000000523, 0.000000822, 0.000001062, 0.000000057, 0.000000063, 0.000000140, 0.000000523, 0.000000822, 0.000001062, 1, 1, 226.000000000
1618223073.541985750, 0.000000039, 0.000000082, 0.000000087, 0.000000622, 0.000001030, 0.000001120, 0.000000039, 0.000000082, 0.000000087, 0.000000622, 0.000001030, 0.000001120, 1, 1, 241.000000000
1618223073.608651638, 0.000000028, 0.000000041, 0.000000067, 0.000000379, 0.000000449, 0.000000764, 0.000000028, 0.000000041, 0.000000067, 0.000000379, 0.000000449, 0.000000764, 1, 1, 237.000000000
1618223073.641984463, 0.000000034, 0.000000072, 0.000000091, 0.000000520, 0.000000630, 0.000001022, 0.000000034, 0.000000072, 0.000000091, 0.000000520, 0.000000630, 0.000001022, 1, 1, 234.000000000
1618223073.675317287, 0.000000104, 0.000000111, 0.000000131, 0.000000789, 0.000000936, 0.000001059, 0.000000104, 0.000000111, 0.000000131, 0.000000789, 0.000000936, 0.000001059, 1, 1, 240.000000000
1618223073.708650351, 0.000000067, 0.000000095, 0.000000152, 0.000000575, 0.000001051, 0.000001185, 0.000000067, 0.000000095, 0.000000152, 0.000000575, 0.000001051, 0.000001185, 1, 1, 220.000000000
1618223073.741983175, 0.000000041, 0.000000087, 0.000000090, 0.000000654, 0.000001054, 0.000001356, 0.000000041, 0.000000087, 0.000000090, 0.000000654, 0.000001054, 0.000001356, 1, 1, 227.000000000
1618223073.808648825, 0.000000024, 0.000000034, 0.000000059, 0.000000343, 0.000000409, 0.000000670, 0.000000024, 0.000000034, 0.000000059, 0.000000343, 0.000000409, 0.000000670, 1, 1, 251.000000000
1618223073.841981888, 0.000000037, 0.000000073, 0.000000097, 0.000000490, 0.000000607, 0.000000949, 0.000000037, 0.000000073, 0.000000097, 0.000000490, 0.000000607, 0.000000949, 1, 1, 227.000000000
1618223073.875314713, 0.000000082, 0.000000092, 0.000000112, 0.000000684, 0.000000888, 0.000000975, 0.000000082, 0.000000092, 0.000000112, 0.000000684, 0.000000888, 0.000000975, 1, 1, 222.000000000
1618223073.908647776, 0.000000059, 0.000000064, 0.000000132, 0.000000488, 0.000000846, 0.000001013, 0.000000059, 0.000000064, 0.000000132, 0.000000488, 0.000000846, 0.000001013, 1, 1, 225.000000000
1618223073.941980600, 0.000000035, 0.000000077, 0.000000080, 0.000000565, 0.000000943, 0.000001081, 0.000000035, 0.000000077, 0.000000080, 0.000000565, 0.000000943, 0.000001081, 1, 1, 237.000000000
1618223074.041979313, 0.000000017, 0.000000022, 0.000000024, 0.000000168, 0.000000275, 0.000000512, 0.000000017, 0.000000022, 0.000000024, 0.000000168, 0.000000275, 0.000000512, 1, 1, 214.000000000
1618223074.075312138, 0.000000078, 0.000000097, 0.000000160, 0.000000419, 0.000000511, 0.000000647, 0.000000078, 0.000000097, 0.000000160, 0.000000419, 0.000000511, 0.000000647, 1, 1, 188.000000000
1618223074.108645201, 0.000000062, 0.000000074, 0.000000115, 0.000000459, 0.000000775, 0.000000837, 0.000000062, 0.000000074, 0.000000115, 0.000000459, 0.000000775, 0.000000836, 1, 1, 220.000000000
1618223074.141978025, 0.000000040, 0.000000085, 0.000000094, 0.000000570, 0.000000960, 0.000001152, 0.000000040, 0.000000085, 0.000000094, 0.000000570, 0.000000960, 0.000001152, 1, 1, 197.000000000
1618223074.208643913, 0.000000028, 0.000000062, 0.000000084, 0.000000384, 0.000000540, 0.000001222, 0.000000028, 0.000000062, 0.000000084, 0.000000384, 0.000000540, 0.000001222, 1, 1, 180.000000000
1618223074.241976738, 0.000000043, 0.000000079, 0.000000166, 0.000000586, 0.000000662, 0.000001484, 0.000000043, 0.000000079, 0.000000166, 0.000000586, 0.000000662, 0.000001484, 1, 1, 181.000000000
1618223074.275309801, 0.000000099, 0.000000123, 0.000000235, 0.000000912, 0.000001054, 0.000001461, 0.000000099, 0.000000123, 0.000000235, 0.000000912, 0.000001054, 0.000001461, 1, 1, 180.000000000
1618223074.308642626, 0.000000068, 0.000000119, 0.000000146, 0.000000588, 0.000001048, 0.000001523, 0.000000068, 0.000000119, 0.000000146, 0.000000588, 0.000001048, 0.000001523, 1, 1, 198.000000000
1618223074.375308514, 0.000000016, 0.000000033, 0.000000042, 0.000000313, 0.000000427, 0.000000723, 0.000000016, 0.000000033, 0.000000042, 0.000000313, 0.000000427, 0.000000723, 1, 1, 195.000000000
1618223074.408641338, 0.000000060, 0.000000080, 0.000000094, 0.000000398, 0.000000529, 0.000000838, 0.000000060, 0.000000080, 0.000000094, 0.000000398, 0.000000529, 0.000000838, 1, 1, 193.000000000
1618223074.441974163, 0.000000038, 0.000000077, 0.000000085, 0.000000533, 0.000000786, 0.000001074, 0.000000038, 0.000000077, 0.000000085, 0.000000533, 0.000000786, 0.000001074, 1, 1, 214.000000000
1618223074.475306988, 0.000000076, 0.000000086, 0.000000099, 0.000000762, 0.000000955, 0.000001108, 0.000000076, 0.000000086, 0.000000099, 0.000000762, 0.000000955, 0.000001108, 1, 1, 207.000000000
1618223074.508640051, 0.000000080, 0.000000151, 0.000000168, 0.000000567, 0.000001112, 0.000001427, 0.000000080, 0.000000151, 0.000000168, 0.000000567, 0.000001112, 0.000001427, 1, 1, 216.000000000
1618223074.608638763, 0.000000019, 0.000000026, 0.000000068, 0.000000199, 0.000000580, 0.000001135, 0.000000019, 0.000000026, 0.000000068, 0.000000199, 0.000000580, 0.000001135, 1, 1, 193.000000000
1618223074.641971588, 0.000000038, 0.000000069, 0.000000135, 0.000000413, 0.000000597, 0.000001273, 0.000000038, 0.000000069, 0.000000135, 0.000000413, 0.000000597, 0.000001273, 1, 1, 204.000000000
1618223074.675304413, 0.000000104, 0.000000120, 0.000000171, 0.000000851, 0.000000984, 0.000001262, 0.000000104, 0.000000120, 0.000000171, 0.000000851, 0.000000984, 0.000001262, 1, 1, 203.000000000
1618223074.708637476, 0.000000095, 0.000000181, 0.000000316, 0.000000820, 0.000001189, 0.000001824, 0.000000095, 0.000000181, 0.000000316, 0.000000820, 0.000001189, 0.000001824, 1, 1, 204.000000000
1618223074.741970301, 0.000000059, 0.000000116, 0.000000321, 0.000001117, 0.000001227, 0.000002420, 0.000000059, 0.000000116, 0.000000321, 0.000001117, 0.000001227, 0.000002420, 1, 1, 176.000000000
1618223074.808636189, 0.000000072, 0.000000159, 0.000000198, 0.000001089, 0.000001360, 0.000002504, 0.000000072, 0.000000159, 0.000000198, 0.000001089, 0.000001360, 0.000002504, 1, 1, 163.000000000
1618223074.841969013, 0.000000159, 0.000000560, 0.000000595, 0.000001199, 0.000001561, 0.000003245, 0.000000159, 0.000000560, 0.000000595, 0.000001199, 0.000001561, 0.000003245, 1, 1, 122.000000000
1618223074.875301838, 0.000000154, 0.000000227, 0.000000299, 0.000001243, 0.000001805, 0.000002202, 0.000000154, 0.000000227, 0.000000299, 0.000001243, 0.000001805, 0.000002201, 1, 1, 133.000000000
1618223074.908634901, 0.000000214, 0.000000271, 0.000000437, 0.000000698, 0.000001957, 0.000002431, 0.000000214, 0.000000271, 0.000000437, 0.000000698, 0.000001957, 0.000002431, 1, 1, 121.000000000
1618223074.941967726, 0.000000335, 0.000000641, 0.000000911, 0.000001008, 0.000002454, 0.000003183, 0.000000335, 0.000000641, 0.000000911, 0.000001008, 0.000002454, 0.000003183, 1, 1, 105.000000000
1618223075.008633614, 0.000000183, 0.000000246, 0.000000344, 0.000001264, 0.000002018, 0.000003846, 0.000000183, 0.000000246, 0.000000344, 0.000001264, 0.000002018, 0.000003846, 1, 1, 115.000000000
1618223075.041966438, 0.000000269, 0.000000586, 0.000000825, 0.000001517, 0.000002264, 0.000004760, 0.000000269, 0.000000586, 0.000000825, 0.000001517, 0.000002264, 0.000004760, 1, 1, 99.000000000
1618223075.075299501, 0.000000155, 0.000000434, 0.000000458, 0.000001885, 0.000002655, 0.000002989, 0.000000155, 0.000000434, 0.000000458, 0.000001885, 0.000002655, 0.000002989, 1, 1, 118.000000000
1618223075.108632326, 0.000000210, 0.000000267, 0.000000359, 0.000001267, 0.000002312, 0.000003030, 0.000000210, 0.000000267, 0.000000359, 0.000001267, 0.000002312, 0.000003030, 1, 1, 107.000000000
1618223075.141965151, 0.000000164, 0.000000284, 0.000000474, 0.000001468, 0.000002191, 0.000003381, 0.000000164, 0.000000284, 0.000000474, 0.000001468, 0.000002191, 0.000003381, 1, 1, 122.000000000
1618223075.241964102, 0.000000076, 0.000000093, 0.000000119, 0.000000692, 0.000001136, 0.000002152, 0.000000076, 0.000000093, 0.000000119, 0.000000692, 0.000001136, 0.000002152, 1, 1, 152.000000000
1618223075.275296926, 0.000000199, 0.000000232, 0.000000318, 0.000001090, 0.000001427, 0.000001999, 0.000000199, 0.000000232, 0.000000318, 0.000001090, 0.000001427, 0.000001998, 1, 1, 180.000000000
1618223075.308629751, 0.000000252, 0.000000271, 0.000000375, 0.000001257, 0.000001716, 0.000002486, 0.000000252, 0.000000271, 0.000000375, 0.000001256, 0.000001716, 0.000002486, 1, 1, 177.000000000
1618223075.341962576, 0.000000299, 0.000000367, 0.000000493, 0.000001703, 0.000002164, 0.000003252, 0.000000299, 0.000000367, 0.000000492, 0.000001703, 0.000002164, 0.000003251, 1, 1, 189.000000000
1618223075.408628464, 0.000000119, 0.000000141, 0.000000180, 0.000001188, 0.000001759, 0.000002867, 0.000000119, 0.000000141, 0.000000180, 0.000001188, 0.000001758, 0.000002865, 1, 1, 192.000000000
1618223075.441961288, 0.000000462, 0.000000534, 0.000000579, 0.000001638, 0.000002281, 0.000003620, 0.000000461, 0.000000534, 0.000000578, 0.000001638, 0.000002281, 0.000003613, 1, 1, 196.000000000
1618223075.475294113, 0.000000345, 0.000000419, 0.000000677, 0.000002274, 0.000003201, 0.000003635, 0.000000345, 0.000000419, 0.000000676, 0.000002272, 0.000003198, 0.000003632, 1, 1, 187.000000000
1618223075.508627176, 0.000000258, 0.000000297, 0.000000429, 0.000001148, 0.000003129, 0.000003362, 0.000000257, 0.000000297, 0.000000429, 0.000001148, 0.000003124, 0.000003356, 1, 1, 193.000000000
1618223075.541960001, 0.000000128, 0.000000306, 0.000000393, 0.000001519, 0.000002968, 0.000003655, 0.000000128, 0.000000306, 0.000000393, 0.000001519, 0.000002967, 0.000003654, 1, 0, 108.000000000
1618223075.608625889, 0.000000096, 0.000000135, 0.000000212, 0.000001011, 0.000001176, 0.000002030, 0.000000096, 0.000000134, 0.000000211, 0.000001011, 0.000001175, 0.000002025, 1, 1, 217.000000000
1618223075.641958714, 0.000000125, 0.000000174, 0.000000344, 0.000001225, 0.000001445, 0.000002359, 0.000000125, 0.000000174, 0.000000344, 0.000001224, 0.000001445, 0.000002358, 1, 1, 202.000000000
1618223075.675291777, 0.000000154, 0.000000214, 0.000000250, 0.000001712, 0.000001782, 0.000002294, 0.000000154, 0.000000214, 0.000000250, 0.000001712, 0.000001782, 0.000002294, 1, 1, 230.000000000
1618223075.708624601, 0.000000195, 0.000000209, 0.000000312, 0.000001171, 0.000001902, 0.000002095, 0.000000195, 0.000000209, 0.000000312, 0.000001171, 0.000001902, 0.000002095, 1, 1, 242.000000000
1618223075.741957426, 0.000000109, 0.000000206, 0.000000386, 0.000001612, 0.000001722, 0.000002520, 0.000000109, 0.000000206, 0.000000386, 0.000001612, 0.000001722, 0.000002520, 1, 1, 203.000000000
1618223075.775290489, 0.000000157, 0.000000191, 0.000000208, 0.000001998, 0.000002030, 0.000002467, 0.000000157, 0.000000191, 0.000000208, 0.000001998, 0.000002030, 0.000002467, 1, 1, 220.000000000
1618223075.841956139, 0.000000083, 0.000000107, 0.000000157, 0.000000866, 0.000001179, 0.000002313, 0.000000083, 0.000000107, 0.000000157, 0.000000866, 0.000001179, 0.000002313, 1, 1, 176.000000000
1618223075.875289202, 0.000000122, 0.000000140, 0.000000252, 0.000001169, 0.000001477, 0.000002617, 0.000000122, 0.000000140, 0.000000252, 0.000001169, 0.000001477, 0.000002617, 1, 1, 181.000000000
1618223075.908622026, 0.000000136, 0.000000259, 0.000000382, 0.000001327, 0.000001551, 0.000002763, 0.000000136, 0.000000259, 0.000000382, 0.000001327, 0.000001551, 0.000002763, 1, 1, 186.000000000
1618223075.941955090, 0.000000107, 0.000000210, 0.000000400, 0.000001444, 0.000001728, 0.000002897, 0.000000107, 0.000000210, 0.000000400, 0.000001444, 0.000001728, 0.000002897, 1, 1, 174.000000000
1618223076.008620739, 0.000000039, 0.000000070, 0.000000106, 0.000000619, 0.000001191, 0.000001611, 0.000000039, 0.000000070, 0.000000106, 0.000000619, 0.000001191, 0.000001611, 1, 1, 170.000000000
1618223076.041953802, 0.000000085, 0.000000200, 0.000000372, 0.000000889, 0.000001406, 0.000001939, 0.000000085, 0.000000200, 0.000000372, 0.000000889, 0.000001406, 0.000001939, 1, 1, 163.000000000
1618223076.075286627, 0.000000096, 0.000000147, 0.000000185, 0.000001321, 0.000001442, 0.000001991, 0.000000096, 0.000000147, 0.000000185, 0.000001321, 0.000001442, 0.000001991, 1, 1, 180.000000000
1618223076.108619452, 0.000000149, 0.000000248, 0.000000283, 0.000001385, 0.000001591, 0.000002154, 0.000000149, 0.000000248, 0.000000283, 0.000001385, 0.000001591, 0.000002154, 1, 1, 167.000000000
1618223076.141952276, 0.000000119, 0.000000232, 0.000000411, 0.000001612, 0.000001804, 0.000002374, 0.000000119, 0.000000232, 0.000000411, 0.000001612, 0.000001804, 0.000002374, 1, 1, 170.000000000
1618223076.208618164, 0.000000058, 0.000000135, 0.000000159, 0.000000861, 0.000001375, 0.000001939, 0.000000058, 0.000000135, 0.000000159, 0.000000861, 0.000001375, 0.000001939, 1, 1, 148.000000000
1618223076.241951227, 0.000000171, 0.000000246, 0.000000332, 0.000001128, 0.000001594, 0.000002167, 0.000000171, 0.000000246, 0.000000332, 0.000001128, 0.000001594, 0.000002167, 1, 1, 162.000000000
1618223076.275284052, 0.000000169, 0.000000209, 0.000000244, 0.000001569, 0.000001833, 0.000002272, 0.000000169, 0.000000209, 0.000000244, 0.000001569, 0.000001833, 0.000002272, 1, 1, 157.000000000
1618223076.308616877, 0.000000220, 0.000000285, 0.000000430, 0.000001652, 0.000001878, 0.000002332, 0.000000220, 0.000000285, 0.000000430, 0.000001652, 0.000001878, 0.000002332, 1, 1, 143.000000000
1618223076.341949940, 0.000000265, 0.000000306, 0.000000468, 0.000001912, 0.000002076, 0.000002514, 0.000000265, 0.000000306, 0.000000468, 0.000001912, 0.000002076, 0.000002514, 1, 1, 153.000000000
1618223076.408615589, 0.000000063, 0.000000085, 0.000000136, 0.000000971, 0.000001226, 0.000001796, 0.000000063, 0.000000085, 0.000000136, 0.000000971, 0.000001226, 0.000001796, 1, 1, 151.000000000
1618223076.441948414, 0.000000181, 0.000000244, 0.000000288, 0.000001231, 0.000001381, 0.000002110, 0.000000181, 0.000000244, 0.000000288, 0.000001231, 0.000001381, 0.000002110, 1, 1, 156.000000000
1618223076.475281477, 0.000000077, 0.000000110, 0.000000141, 0.000001331, 0.000001641, 0.000001886, 0.000000077, 0.000000110, 0.000000141, 0.000001331, 0.000001641, 0.000001886, 1, 1, 156.000000000
1618223076.508614302, 0.000000223, 0.000000307, 0.000000329, 0.000001534, 0.000001631, 0.000002280, 0.000000223, 0.000000307, 0.000000329, 0.000001534, 0.000001631, 0.000002280, 1, 1, 178.000000000
1618223076.541947126, 0.000000184, 0.000000234, 0.000000341, 0.000001625, 0.000001712, 0.000002357, 0.000000184, 0.000000234, 0.000000341, 0.000001625, 0.000001712, 0.000002357, 1, 1, 204.000000000
1618223076.608613014, 0.000000062, 0.000000099, 0.000000142, 0.000000830, 0.000001271, 0.000001789, 0.000000062, 0.000000099, 0.000000142, 0.000000830, 0.000001271, 0.000001789, 1, 1, 189.000000000
1618223076.641946077, 0.000000165, 0.000000191, 0.000000367, 0.000001119, 0.000001358, 0.000002081, 0.000000165, 0.000000191, 0.000000367, 0.000001119, 0.000001358, 0.000002081, 1, 1, 188.000000000
1618223076.675278902, 0.000000089, 0.000000123, 0.000000156, 0.000001354, 0.000001688, 0.000002118, 0.000000089, 0.000000123, 0.000000156, 0.000001354, 0.000001688, 0.000002118, 1, 1, 209.000000000
1618223076.708611727, 0.000000245, 0.000000281, 0.000000312, 0.000001363, 0.000001607, 0.000002312, 0.000000245, 0.000000281, 0.000000312, 0.000001363, 0.000001607, 0.000002312, 1, 1, 199.000000000
1618223076.741944790, 0.000000156, 0.000000235, 0.000000380, 0.000001537, 0.000001685, 0.000002421, 0.000000156, 0.000000235, 0.000000380, 0.000001537, 0.000001685, 0.000002421, 1, 1, 175.000000000
1618223076.808610439, 0.000000047, 0.000000082, 0.000000090, 0.000000831, 0.000001046, 0.000001739, 0.000000047, 0.000000082, 0.000000090, 0.000000831, 0.000001046, 0.000001739, 1, 1, 173.000000000
1618223076.841943502, 0.000000141, 0.000000226, 0.000000347, 0.000001120, 0.000001216, 0.000001884, 0.000000141, 0.000000226, 0.000000347, 0.000001120, 0.000001216, 0.000001884, 1, 1, 168.000000000
1618223076.875276327, 0.000000103, 0.000000135, 0.000000200, 0.000001372, 0.000001621, 0.000001904, 0.000000103, 0.000000135, 0.000000200, 0.000001372, 0.000001621, 0.000001904, 1, 1, 160.000000000
1618223076.908609390, 0.000000266, 0.000000331, 0.000000374, 0.000001277, 0.000001661, 0.000002343, 0.000000266, 0.000000331, 0.000000374, 0.000001277, 0.000001661, 0.000002343, 1, 1, 146.000000000
1618223076.941942215, 0.000000150, 0.000000266, 0.000000382, 0.000001666, 0.000001819, 0.000002344, 0.000000150, 0.000000266, 0.000000382, 0.000001666, 0.000001819, 0.000002344, 1, 1, 163.000000000
1618223077.041940928, 0.000000038, 0.000000059, 0.000000086, 0.000000533, 0.000001078, 0.000001308, 0.000000038, 0.000000059, 0.000000086, 0.000000533, 0.000001078, 0.000001308, 1, 1, 121.000000000
1618223077.075273752, 0.000000086, 0.000000132, 0.000000194, 0.000000822, 0.000001358, 0.000001566, 0.000000086, 0.000000132, 0.000000194, 0.000000822, 0.000001358, 0.000001566, 1, 1, 168.000000000
1618223077.108606577, 0.000000224, 0.000000285, 0.000000330, 0.000001058, 0.000001276, 0.000001941, 0.000000224, 0.000000285, 0.000000330, 0.000001058, 0.000001276, 0.000001941, 1, 1, 174.000000000
1618223077.141939640, 0.000000175, 0.000000271, 0.000000338, 0.000001403, 0.000001688, 0.000002141, 0.000000175, 0.000000271, 0.000000338, 0.000001403, 0.000001688, 0.000002141, 1, 1, 176.000000000
1618223077.208605289, 0.000000069, 0.000000139, 0.000000154, 0.000001144, 0.000001523, 0.000001817, 0.000000069, 0.000000139, 0.000000154, 0.000001144, 0.000001523, 0.000001817, 1, 1, 123.000000000
1618223077.241938353, 0.000000242, 0.000000331, 0.000000442, 0.000001475, 0.000001509, 0.000002125, 0.000000242, 0.000000331, 0.000000442, 0.000001475, 0.000001509, 0.000002125, 1, 1, 116.000000000
1618223077.275271177, 0.000000140, 0.000000202, 0.000000279, 0.000001934, 0.000002089, 0.000002409, 0.000000140, 0.000000202, 0.000000279, 0.000001934, 0.000002089, 0.000002409, 1, 1, 125.000000000
1618223077.308604240, 0.000000325, 0.000000410, 0.000000550, 0.000001533, 0.000002236, 0.000002834, 0.000000325, 0.000000410, 0.000000550, 0.000001533, 0.000002236, 0.000002834, 1, 1, 123.000000000
1618223077.341937065, 0.000000337, 0.000000373, 0.000000480, 0.000001649, 0.000002411, 0.000002956, 0.000000337, 0.000000373, 0.000000480, 0.000001649, 0.000002411, 0.000002956, 1, 1, 143.000000000
1618223077.408602715, 0.000000082, 0.000000092, 0.000000222, 0.000001114, 0.000001522, 0.000002087, 0.000000082, 0.000000092, 0.000000222, 0.000001114, 0.000001522, 0.000002087, 1, 1, 122.000000000
1618223077.441935778, 0.000000228, 0.000000295, 0.000000371, 0.000001275, 0.000001748, 0.000002297, 0.000000228, 0.000000295, 0.000000371, 0.000001275, 0.000001748, 0.000002297, 1, 1, 151.000000000
1618223077.475268841, 0.000000134, 0.000000204, 0.000000309, 0.000001709, 0.000001986, 0.000002360, 0.000000134, 0.000000204, 0.000000309, 0.000001709, 0.000001986, 0.000002360, 1, 1, 136.000000000
1618223077.508601665, 0.000000282, 0.000000321, 0.000000365, 0.000001441, 0.000002109, 0.000002467, 0.000000282, 0.000000321, 0.000000365, 0.000001441, 0.000002109, 0.000002467, 1, 1, 153.000000000
1618223077.575267553, 0.000000062, 0.000000104, 0.000000155, 0.000001165, 0.000001330, 0.000001885, 0.000000062, 0.000000104, 0.000000155, 0.000001165, 0.000001330, 0.000001885, 1, 1, 143.000000000
1618223077.608600616, 0.000000182, 0.000000290, 0.000000349, 0.000001213, 0.000001470, 0.000001840, 0.000000182, 0.000000290, 0.000000349, 0.000001213, 0.000001470, 0.000001840, 1, 1, 163.000000000
1618223077.641933441, 0.000000242, 0.000000287, 0.000000362, 0.000001382, 0.000001829, 0.000002222, 0.000000242, 0.000000287, 0.000000362, 0.000001382, 0.000001829, 0.000002222, 1, 1, 172.000000000
1618223077.675266504, 0.000000120, 0.000000168, 0.000000225, 0.000001749, 0.000001869, 0.000002071, 0.000000120, 0.000000168, 0.000000225, 0.000001749, 0.000001869, 0.000002071, 1, 1, 183.000000000
1618223077.708599329, 0.000000310, 0.000000329, 0.000000340, 0.000001629, 0.000002083, 0.000002331, 0.000000310, 0.000000329, 0.000000340, 0.000001629, 0.000002083, 0.000002331, 1, 1, 151.000000000
1618223077.775265217, 0.000000060, 0.000000143, 0.000000185, 0.000001183, 0.000001682, 0.000002201, 0.000000060, 0.000000143, 0.000000185, 0.000001183, 0.000001682, 0.000002201, 1, 1, 127.000000000
1618223077.808598280, 0.000000306, 0.000000316, 0.000000535, 0.000001519, 0.000001579, 0.000002479, 0.000000306, 0.000000316, 0.000000535, 0.000001519, 0.000001579, 0.000002479, 1, 1, 128.000000000
1618223077.841931105, 0.000000272, 0.000000364, 0.000000414, 0.000001540, 0.000001965, 0.000002917, 0.000000272, 0.000000364, 0.000000414, 0.000001540, 0.000001965, 0.000002917, 1, 1, 138.000000000
1618223077.875264168, 0.000000122, 0.000000164, 0.000000257, 0.000001770, 0.000002141, 0.000002314, 0.000000122, 0.000000164, 0.000000257, 0.000001770, 0.000002141, 0.000002314, 1, 1, 171.000000000
1618223077.908597231, 0.000000284, 0.000000319, 0.000000433, 0.000001449, 0.000002360, 0.000002568, 0.000000284, 0.000000319, 0.000000433, 0.000001449, 0.000002360, 0.000002568, 1, 1, 136.000000000
1618223077.941930056, 0.000000304, 0.000000364, 0.000000474, 0.000001718, 0.000002474, 0.000002943, 0.000000304, 0.000000364, 0.000000474, 0.000001718, 0.000002474, 0.000002943, 1, 1, 137.000000000
1618223078.008595943, 0.000000091, 0.000000128, 0.000000161, 0.000001640, 0.000001887, 0.000002024, 0.000000091, 0.000000128, 0.000000161, 0.000001640, 0.000001887, 0.000002024, 1, 1, 130.000000000
1618223078.041929007, 0.000000373, 0.000000482, 0.000000655, 0.000001840, 0.000002250, 0.000002464, 0.000000373, 0.000000482, 0.000000655, 0.000001840, 0.000002250, 0.000002464, 1, 1, 135.000000000
1618223078.075261831, 0.000000228, 0.000000271, 0.000000386, 0.000002478, 0.000002610, 0.000003000, 0.000000228, 0.000000271, 0.000000386, 0.000002478, 0.000002610, 0.000003000, 1, 1, 138.000000000
1618223078.108594894, 0.000000359, 0.000000452, 0.000000624, 0.000002194, 0.000003036, 0.000003194, 0.000000359, 0.000000452, 0.000000624, 0.000002194, 0.000003036, 0.000003194, 1, 1, 121.000000000
1618223078.141927719, 0.000000440, 0.000000529, 0.000000719, 0.000002408, 0.000003202, 0.000003725, 0.000000440, 0.000000529, 0.000000719, 0.000002408, 0.000003202, 0.000003725, 1, 1, 123.000000000
1618223078.208593607, 0.000000209, 0.000000211, 0.000000497, 0.000002859, 0.000003029, 0.000003434, 0.000000209, 0.000000211, 0.000000497, 0.000002859, 0.000003029, 0.000003434, 1, 1, 108.000000000
1618223078.241926670, 0.000000509, 0.000000616, 0.000000893, 0.000002844, 0.000003172, 0.000004257, 0.000000509, 0.000000616, 0.000000893, 0.000002844, 0.000003172, 0.000004257, 1, 1, 113.000000000
1618223078.275259733, 0.000000277, 0.000000306, 0.000000598, 0.000003205, 0.000003531, 0.000003877, 0.000000277, 0.000000306, 0.000000598, 0.000003205, 0.000003531, 0.000003877, 1, 1, 117.000000000
1618223078.308592558, 0.000000250, 0.000000309, 0.000000402, 0.000002553, 0.000003098, 0.000004073, 0.000000250, 0.000000309, 0.000000402, 0.000002553, 0.000003098, 0.000004073, 1, 1, 122.000000000
1618223078.341925621, 0.000000252, 0.000000319, 0.000000480, 0.000002089, 0.000002919, 0.000004188, 0.000000252, 0.000000319, 0.000000480, 0.000002089, 0.000002919, 0.000004188, 1, 1, 135.000000000
1618223078.408591509, 0.000000074, 0.000000103, 0.000000210, 0.000001443, 0.000001507, 0.000002622, 0.000000074, 0.000000103, 0.000000210, 0.000001443, 0.000001507, 0.000002622, 1, 1, 145.000000000
1618223078.441926718, 0.000000234, 0.000000352, 0.000000428, 0.000001604, 0.000001785, 0.000003180, 0.000000234, 0.000000352, 0.000000428, 0.000001604, 0.000001785, 0.000003180, 1, 1, 160.000000000
1618223078.475259542, 0.000000219, 0.000000243, 0.000000462, 0.000002023, 0.000002321, 0.000003066, 0.000000219, 0.000000243, 0.000000462, 0.000002023, 0.000002321, 0.000003066, 1, 1, 160.000000000
1618223078.508592606, 0.000000313, 0.000000370, 0.000000520, 0.000002110, 0.000002540, 0.000003583, 0.000000313, 0.000000370, 0.000000520, 0.000002110, 0.000002540, 0.000003583, 1, 1, 174.000000000
1618223078.541925669, 0.000000271, 0.000000443, 0.000000635, 0.000002543, 0.000002589, 0.000004035, 0.000000271, 0.000000443, 0.000000635, 0.000002543, 0.000002589, 0.000004035, 1, 1, 179.000000000
1618223078.608591557, 0.000000131, 0.000000196, 0.000000393, 0.000002216, 0.000002940, 0.000003283, 0.000000131, 0.000000196, 0.000000393, 0.000002216, 0.000002940, 0.000003283, 1, 1, 145.000000000
1618223078.641924620, 0.000000249, 0.000000476, 0.000000842, 0.000002398, 0.000002893, 0.000003828, 0.000000249, 0.000000476, 0.000000842, 0.000002398, 0.000002893, 0.000003828, 1, 1, 128.000000000
1618223078.675257444, 0.000000237, 0.000000260, 0.000000786, 0.000002985, 0.000003122, 0.000003495, 0.000000237, 0.000000260, 0.000000786, 0.000002985, 0.000003122, 0.000003495, 1, 1, 122.000000000
1618223078.708590269, 0.000000145, 0.000000313, 0.000000675, 0.000002487, 0.000003163, 0.000003563, 0.000000145, 0.000000313, 0.000000675, 0.000002487, 0.000003163, 0.000003563, 1, 1, 128.000000000
1618223078.741923332, 0.000000306, 0.000000509, 0.000000664, 0.000002702, 0.000003283, 0.000003902, 0.000000306, 0.000000509, 0.000000664, 0.000002702, 0.000003283, 0.000003902, 1, 1, 150.000000000
1618223078.841922045, 0.000000079, 0.000000121, 0.000000164, 0.000001120, 0.000001873, 0.000001892, 0.000000079, 0.000000121, 0.000000164, 0.000001120, 0.000001873, 0.000001892, 1, 1, 114.000000000
1618223078.875255108, 0.000000113, 0.000000182, 0.000000322, 0.000001468, 0.000001586, 0.000002304, 0.000000113, 0.000000182, 0.000000322, 0.000001468, 0.000001586, 0.000002304, 1, 1, 129.000000000
1618223078.908588171, 0.000000356, 0.000000458, 0.000000641, 0.000002028, 0.000002099, 0.000002334, 0.000000356, 0.000000458, 0.000000641, 0.000002028, 0.000002099, 0.000002334, 1, 1, 127.000000000
1618223078.941920996, 0.000000512, 0.000000604, 0.000000812, 0.000002585, 0.000002816, 0.000002984, 0.000000512, 0.000000604, 0.000000812, 0.000002585, 0.000002816, 0.000002984, 1, 1, 110.000000000
1618223079.008586884, 0.000000121, 0.000000124, 0.000000287, 0.000001667, 0.000002614, 0.000002717, 0.000000121, 0.000000124, 0.000000287, 0.000001667, 0.000002614, 0.000002717, 1, 1, 91.000000000
1618223079.041919947, 0.000000558, 0.000000605, 0.000000738, 0.000002371, 0.000002781, 0.000002959, 0.000000558, 0.000000605, 0.000000738, 0.000002371, 0.000002781, 0.000002959, 1, 1, 111.000000000
1618223079.075252771, 0.000000164, 0.000000185, 0.000000381, 0.000001583, 0.000003052, 0.000003221, 0.000000164, 0.000000185, 0.000000381, 0.000001583, 0.000003052, 0.000003221, 1, 1, 121.000000000
1618223079.108585835, 0.000000352, 0.000000549, 0.000000557, 0.000002231, 0.000002997, 0.000003220, 0.000000352, 0.000000549, 0.000000557, 0.000002231, 0.000002997, 0.000003220, 1, 1, 111.000000000
1618223079.141918659, 0.000000466, 0.000000580, 0.000000990, 0.000003125, 0.000003193, 0.000003406, 0.000000466, 0.000000580, 0.000000990, 0.000003125, 0.000003193, 0.000003406, 1, 1, 104.000000000
1618223079.208584547, 0.000000078, 0.000000101, 0.000000221, 0.000001370, 0.000001832, 0.000002077, 0.000000078, 0.000000101, 0.000000221, 0.000001370, 0.000001832, 0.000002077, 1, 1, 102.000000000
1618223079.241917610, 0.000000426, 0.000000464, 0.000000555, 0.000001688, 0.000002396, 0.000002408, 0.000000426, 0.000000464, 0.000000555, 0.000001688, 0.000002396, 0.000002408, 1, 1, 102.000000000
1618223079.275250673, 0.000000140, 0.000000153, 0.000000278, 0.000001625, 0.000002340, 0.000002556, 0.000000140, 0.000000153, 0.000000278, 0.000001625, 0.000002340, 0.000002556, 1, 1, 116.000000000
1618223079.308583498, 0.000000348, 0.000000493, 0.000000679, 0.000001795, 0.000002656, 0.000003210, 0.000000348, 0.000000493, 0.000000679, 0.000001795, 0.000002656, 0.000003210, 1, 1, 103.000000000
1618223079.341916561, 0.000000673, 0.000000720, 0.000000983, 0.000002773, 0.000003211, 0.000003586, 0.000000673, 0.000000720, 0.000000983, 0.000002773, 0.000003211, 0.000003586, 1, 1, 103.000000000
1618223079.408582449, 0.000000148, 0.000000157, 0.000000254, 0.000001785, 0.000002742, 0.000002939, 0.000000148, 0.000000157, 0.000000254, 0.000001785, 0.000002742, 0.000002939, 1, 1, 85.000000000
1618223079.441915274, 0.000000542, 0.000000671, 0.000000783, 0.000002567, 0.000002924, 0.000003228, 0.000000542, 0.000000671, 0.000000783, 0.000002567, 0.000002924, 0.000003228, 1, 1, 74.000000000
1618223079.475248337, 0.000000209, 0.000000251, 0.000000346, 0.000001677, 0.000003213, 0.000003259, 0.000000209, 0.000000251, 0.000000346, 0.000001677, 0.000003213, 0.000003259, 1, 1, 91.000000000
1618223079.508581161, 0.000000165, 0.000000300, 0.000000440, 0.000001577, 0.000002805, 0.000002996, 0.000000165, 0.000000300, 0.000000440, 0.000001577, 0.000002805, 0.000002996, 1, 1, 103.000000000
1618223079.541914225, 0.000000513, 0.000000638, 0.000000725, 0.000002386, 0.000003345, 0.000003386, 0.000000513, 0.000000638, 0.000000725, 0.000002386, 0.000003345, 0.000003386, 1, 1, 101.000000000
1618223079.608580112, 0.000000085, 0.000000127, 0.000000222, 0.000001865, 0.000001948, 0.000002888, 0.000000085, 0.000000127, 0.000000222, 0.000001865, 0.000001948, 0.000002888, 1, 1, 114.000000000
1618223079.641912937, 0.000000558, 0.000000595, 0.000000624, 0.000002334, 0.000002585, 0.000003364, 0.000000558, 0.000000595, 0.000000624, 0.000002334, 0.000002585, 0.000003364, 1, 1, 106.000000000
1618223079.675246000, 0.000000170, 0.000000203, 0.000000303, 0.000001940, 0.000002733, 0.000003853, 0.000000170, 0.000000203, 0.000000303, 0.000001940, 0.000002733, 0.000003853, 1, 1, 134.000000000
1618223079.708579063, 0.000000211, 0.000000496, 0.000000500, 0.000002275, 0.000003037, 0.000003152, 0.000000211, 0.000000496, 0.000000500, 0.000002275, 0.000003037, 0.000003152, 1, 1, 129.000000000
1618223079.775244951, 0.000000139, 0.000000179, 0.000000266, 0.000002356, 0.000002507, 0.000002813, 0.000000139, 0.000000179, 0.000000266, 0.000002356, 0.000002507, 0.000002813, 1, 1, 104.000000000
1618223079.841910839, 0.000000204, 0.000000329, 0.000000413, 0.000002285, 0.000002469, 0.000002970, 0.000000204, 0.000000329, 0.000000413, 0.000002285, 0.000002469, 0.000002970, 1, 1, 108.000000000
1618223079.875243664, 0.000000202, 0.000000259, 0.000000458, 0.000002676, 0.000002742, 0.000002993, 0.000000202, 0.000000259, 0.000000458, 0.000002676, 0.000002742, 0.000002993, 1, 1, 160.000000000
1618223079.908576727, 0.000000224, 0.000000388, 0.000000450, 0.000002382, 0.000002857, 0.000003471, 0.000000224, 0.000000388, 0.000000450, 0.000002382, 0.000002857, 0.000003471, 1, 1, 164.000000000
1618223079.975242615, 0.000000136, 0.000000172, 0.000000286, 0.000002150, 0.000002720, 0.000003375, 0.000000136, 0.000000172, 0.000000286, 0.000002150, 0.000002720, 0.000003375, 1, 1, 180.000000000
1618223080.008575439, 0.000000216, 0.000000432, 0.000000563, 0.000002404, 0.000002678, 0.000003342, 0.000000216, 0.000000432, 0.000000563, 0.000002404, 0.000002678, 0.000003342, 1, 1, 173.000000000
1618223080.041908503, 0.000000631, 0.000000657, 0.000001143, 0.000003042, 0.000003181, 0.000003585, 0.000000631, 0.000000657, 0.000001143, 0.000003042, 0.000003181, 0.000003585, 1, 1, 143.000000000
1618223080.075241566, 0.000000234, 0.000000267, 0.000000452, 0.000003216, 0.000003749, 0.000004527, 0.000000234, 0.000000267, 0.000000452, 0.000003216, 0.000003749, 0.000004527, 1, 1, 168.000000000
1618223080.108574390, 0.000000261, 0.000000349, 0.000000530, 0.000003270, 0.000003578, 0.000003735, 0.000000261, 0.000000349, 0.000000530, 0.000003270, 0.000003578, 0.000003735, 1, 1, 197.000000000
1618223080.141907454, 0.000000615, 0.000000661, 0.000000735, 0.000003385, 0.000003524, 0.000004240, 0.000000615, 0.000000661, 0.000000735, 0.000003385, 0.000003524, 0.000004240, 1, 1, 159.000000000
1618223080.208573341, 0.000000103, 0.000000221, 0.000000267, 0.000002308, 0.000003202, 0.000004430, 0.000000103, 0.000000221, 0.000000267, 0.000002308, 0.000003202, 0.000004430, 1, 1, 163.000000000
1618223080.241906166, 0.000000601, 0.000000896, 0.000001078, 0.000002634, 0.000003667, 0.000004959, 0.000000601, 0.000000896, 0.000001078, 0.000002634, 0.000003667, 0.000004959, 1, 1, 143.000000000
1618223080.275239229, 0.000000349, 0.000000553, 0.000000713, 0.000003376, 0.000004268, 0.000005303, 0.000000349, 0.000000553, 0.000000713, 0.000003376, 0.000004268, 0.000005303, 1, 1, 181.000000000
1618223080.308572054, 0.000000222, 0.000000352, 0.000000464, 0.000002856, 0.000003314, 0.000004715, 0.000000222, 0.000000352, 0.000000464, 0.000002856, 0.000003314, 0.000004715, 1, 1, 191.000000000
1618223080.341905117, 0.000000605, 0.000000895, 0.000001479, 0.000003371, 0.000003781, 0.000005115, 0.000000605, 0.000000895, 0.000001479, 0.000003371, 0.000003781, 0.000005115, 1, 1, 146.000000000
1618223080.408571005, 0.000000138, 0.000000207, 0.000000252, 0.000002529, 0.000002655, 0.000004481, 0.000000138, 0.000000207, 0.000000252, 0.000002529, 0.000002655, 0.000004481, 1, 1, 122.000000000
1618223080.441904068, 0.000000642, 0.000000787, 0.000000852, 0.000002753, 0.000003274, 0.000005352, 0.000000642, 0.000000787, 0.000000852, 0.000002753, 0.000003274, 0.000005352, 1, 1, 115.000000000
1618223080.475236893, 0.000000416, 0.000000485, 0.000000729, 0.000003466, 0.000004016, 0.000005468, 0.000000416, 0.000000485, 0.000000729, 0.000003466, 0.000004016, 0.000005468, 1, 1, 164.000000000
1618223080.508569956, 0.000000170, 0.000000321, 0.000000362, 0.000002973, 0.000003406, 0.000005431, 0.000000170, 0.000000321, 0.000000362, 0.000002973, 0.000003406, 0.000005431, 1, 1, 153.000000000
1618223080.541902781, 0.000000546, 0.000000724, 0.000001187, 0.000003633, 0.000004182, 0.000006082, 0.000000546, 0.000000724, 0.000001187, 0.000003633, 0.000004182, 0.000006082, 1, 1, 127.000000000
1618223080.608568668, 0.000000091, 0.000000212, 0.000000254, 0.000002158, 0.000002716, 0.000005446, 0.000000091, 0.000000212, 0.000000254, 0.000002158, 0.000002716, 0.000005446, 1, 1, 124.000000000
1618223080.641901731, 0.000000333, 0.000000456, 0.000000923, 0.000002561, 0.000003579, 0.000005794, 0.000000333, 0.000000456, 0.000000923, 0.000002561, 0.000003579, 0.000005794, 1, 1, 105.000000000
1618223080.675234556, 0.000000399, 0.000000498, 0.000000728, 0.000003137, 0.000004030, 0.000006156, 0.000000399, 0.000000498, 0.000000728, 0.000003137, 0.000004030, 0.000006156, 1, 1, 133.000000000
1618223080.708567619, 0.000000155, 0.000000315, 0.000000379, 0.000003059, 0.000003498, 0.000005822, 0.000000155, 0.000000315, 0.000000379, 0.000003059, 0.000003498, 0.000005822, 1, 1, 133.000000000
1618223080.775233507, 0.000000171, 0.000000321, 0.000000397, 0.000002216, 0.000004354, 0.000006474, 0.000000171, 0.000000321, 0.000000397, 0.000002216, 0.000004354, 0.000006474, 1, 1, 120.000000000
1618223080.808566332, 0.000000130, 0.000000301, 0.000000397, 0.000002349, 0.000003512, 0.000005589, 0.000000130, 0.000000301, 0.000000397, 0.000002349, 0.000003512, 0.000005589, 1, 1, 128.000000000
1618223080.841899395, 0.000000397, 0.000000608, 0.000001163, 0.000002601, 0.000004580, 0.000006315, 0.000000397, 0.000000608, 0.000001163, 0.000002601, 0.000004580, 0.000006315, 1, 1, 130.000000000
1618223080.875232220, 0.000000277, 0.000000411, 0.000000539, 0.000002853, 0.000004199, 0.000006076, 0.000000277, 0.000000411, 0.000000539, 0.000002853, 0.000004199, 0.000006076, 1, 1, 148.000000000
1618223080.908565283, 0.000000158, 0.000000277, 0.000000339, 0.000002865, 0.000003504, 0.000006183, 0.000000158, 0.000000277, 0.000000339, 0.000002865, 0.000003504, 0.000006183, 1, 1, 125.000000000
1618223080.941898346, 0.000000366, 0.000000560, 0.000001193, 0.000002883, 0.000003916, 0.000006713, 0.000000366, 0.000000560, 0.000001193, 0.000002883, 0.000003916, 0.000006713, 1, 1, 118.000000000
1618223081.008564234, 0.000000064, 0.000000155, 0.000000206, 0.000001578, 0.000002730, 0.000005817, 0.000000064, 0.000000155, 0.000000206, 0.000001578, 0.000002730, 0.000005817, 1, 1, 96.000000000
1618223081.041897058, 0.000000288, 0.000000412, 0.000001401, 0.000001736, 0.000003485, 0.000006826, 0.000000288, 0.000000412, 0.000001401, 0.000001736, 0.000003485, 0.000006826, 1, 1, 107.000000000
1618223081.075230122, 0.000000250, 0.000000424, 0.000000534, 0.000002312, 0.000003780, 0.000007027, 0.000000250, 0.000000424, 0.000000534, 0.000002312, 0.000003780, 0.000007027, 1, 1, 127.000000000
1618223081.108562946, 0.000000119, 0.000000317, 0.000000382, 0.000002686, 0.000003360, 0.000007369, 0.000000119, 0.000000317, 0.000000382, 0.000002686, 0.000003360, 0.000007369, 1, 1, 109.000000000
1618223081.141896009, 0.000000329, 0.000000413, 0.000001495, 0.000002654, 0.000004318, 0.000007760, 0.000000329, 0.000000413, 0.000001495, 0.000002654, 0.000004318, 0.000007760, 1, 1, 115.000000000
1618223081.208561897, 0.000000073, 0.000000173, 0.000000193, 0.000001774, 0.000002771, 0.000006252, 0.000000073, 0.000000173, 0.000000193, 0.000001774, 0.000002771, 0.000006252, 1, 1, 112.000000000
1618223081.241894960, 0.000000303, 0.000000491, 0.000001564, 0.000002041, 0.000003678, 0.000007183, 0.000000303, 0.000000491, 0.000001564, 0.000002041, 0.000003678, 0.000007183, 1, 1, 133.000000000
1618223081.275227785, 0.000000251, 0.000000343, 0.000000613, 0.000002344, 0.000004348, 0.000007960, 0.000000251, 0.000000343, 0.000000613, 0.000002344, 0.000004348, 0.000007960, 1, 1, 132.000000000
1618223081.308560848, 0.000000116, 0.000000203, 0.000000301, 0.000002338, 0.000002967, 0.000007123, 0.000000116, 0.000000203, 0.000000301, 0.000002338, 0.000002967, 0.000007123, 1, 1, 137.000000000
1618223081.341893673, 0.000000364, 0.000000544, 0.000001354, 0.000003083, 0.000003948, 0.000007089, 0.000000364, 0.000000544, 0.000001354, 0.000003083, 0.000003948, 0.000007089, 1, 1, 126.000000000
1618223081.408559561, 0.000000064, 0.000000115, 0.000000154, 0.000001365, 0.000002677, 0.000005508, 0.000000064, 0.000000115, 0.000000154, 0.000001365, 0.000002677, 0.000005508, 1, 1, 117.000000000
1618223081.441892624, 0.000000332, 0.000000430, 0.000001414, 0.000001694, 0.000003557, 0.000005981, 0.000000332, 0.000000430, 0.000001414, 0.000001694, 0.000003557, 0.000005981, 1, 1, 110.000000000
1618223081.475225449, 0.000000170, 0.000000219, 0.000000740, 0.000002041, 0.000004564, 0.000006721, 0.000000170, 0.000000219, 0.000000740, 0.000002041, 0.000004564, 0.000006721, 1, 1, 140.000000000
1618223081.508558273, 0.000000133, 0.000000180, 0.000000333, 0.000002346, 0.000002884, 0.000006051, 0.000000133, 0.000000180, 0.000000333, 0.000002346, 0.000002884, 0.000006051, 1, 1, 129.000000000
1618223081.541891336, 0.000000437, 0.000000924, 0.000001385, 0.000002710, 0.000003361, 0.000006023, 0.000000437, 0.000000924, 0.000001385, 0.000002710, 0.000003361, 0.000006023, 1, 1, 112.000000000
1618223081.608557463, 0.000000056, 0.000000144, 0.000000213, 0.000001711, 0.000003296, 0.000006521, 0.000000056, 0.000000144, 0.000000213, 0.000001711, 0.000003296, 0.000006521, 1, 1, 81.000000000
1618223081.641890287, 0.000000326, 0.000000587, 0.000001333, 0.000001976, 0.000004289, 0.000006825, 0.000000326, 0.000000587, 0.000001333, 0.000001976, 0.000004289, 0.000006825, 1, 1, 52.000000000
1618223081.675223351, 0.000000378, 0.000000552, 0.000000607, 0.000002545, 0.000005017, 0.000006140, 0.000000378, 0.000000552, 0.000000607, 0.000002545, 0.000005017, 0.000006140, 1, 1, 71.000000000
1618223081.708556175, 0.000000106, 0.000000219, 0.000000280, 0.000001902, 0.000003868, 0.000006040, 0.000000106, 0.000000219, 0.000000280, 0.000001902, 0.000003868, 0.000006040, 1, 1, 65.000000000
1618223081.741889000, 0.000000280, 0.000000651, 0.000001537, 0.000002261, 0.000004082, 0.000005638, 0.000000280, 0.000000651, 0.000001537, 0.000002261, 0.000004082, 0.000005638, 1, 1, 41.000000000
1618223081.808554888, 0.000000077, 0.000000185, 0.000000245, 0.000001874, 0.000003474, 0.000005699, 0.000000077, 0.000000185, 0.000000245, 0.000001874, 0.000003474, 0.000005699, 1, 1, 76.000000000
1618223081.841887951, 0.000000575, 0.000000996, 0.000001446, 0.000002405, 0.000004092, 0.000006211, 0.000000575, 0.000000996, 0.000001446, 0.000002405, 0.000004092, 0.000006211, 1, 1, 31.000000000
1618223081.875220776, 0.000000244, 0.000000332, 0.000000421, 0.000002856, 0.000004666, 0.000005889, 0.000000244, 0.000000332, 0.000000421, 0.000002856, 0.000004666, 0.000005889, 1, 1, 57.000000000
1618223081.908553839, 0.000000114, 0.000000228, 0.000000409, 0.000002664, 0.000004291, 0.000006063, 0.000000114, 0.000000228, 0.000000409, 0.000002664, 0.000004291, 0.000006063, 1, 1, 44.000000000
1618223081.941886902, 0.000000407, 0.000001018, 0.000001558, 0.000002863, 0.000005469, 0.000007103, 0.000000407, 0.000001018, 0.000001558, 0.000002863, 0.000005469, 0.000007103, 1, 1, 24.000000000
1618223082.008552790, 0.000000104, 0.000000196, 0.000000203, 0.000002306, 0.000003689, 0.000006908, 0.000000104, 0.000000196, 0.000000203, 0.000002306, 0.000003689, 0.000006908, 1, 1, 39.000000000
1618223082.041885614, 0.000000434, 0.000000990, 0.000001530, 0.000002590, 0.000004713, 0.000007621, 0.000000434, 0.000000990, 0.000001530, 0.000002590, 0.000004713, 0.000007621, 1, 1, 39.000000000
1618223082.075218678, 0.000000535, 0.000000564, 0.000000731, 0.000003442, 0.000004591, 0.000007894, 0.000000535, 0.000000564, 0.000000731, 0.000003442, 0.000004591, 0.000007894, 1, 1, 73.000000000
1618223082.108551502, 0.000000136, 0.000000210, 0.000000657, 0.000003484, 0.000004431, 0.000008454, 0.000000136, 0.000000210, 0.000000657, 0.000003484, 0.000004431, 0.000008454, 1, 1, 42.000000000
1618223082.141884565, 0.000000551, 0.000000906, 0.000001389, 0.000003981, 0.000005556, 0.000009104, 0.000000551, 0.000000906, 0.000001389, 0.000003981, 0.000005556, 0.000009104, 1, 1, 35.000000000
1618223082.208550453, 0.000000088, 0.000000169, 0.000000201, 0.000002213, 0.000004435, 0.000008691, 0.000000088, 0.000000169, 0.000000201, 0.000002213, 0.000004435, 0.000008691, 1, 1, 13.000000000
1618223082.241883516, 0.000000289, 0.000000575, 0.000001395, 0.000002439, 0.000005374, 0.000008295, 0.000000289, 0.000000575, 0.000001395, 0.000002439, 0.000005374, 0.000008295, 1, 1, 32.000000000
1618223082.275216341, 0.000000255, 0.000000292, 0.000000610, 0.000002787, 0.000005084, 0.000008505, 0.000000255, 0.000000292, 0.000000610, 0.000002787, 0.000005084, 0.000008505, 1, 1, 84.000000000
1618223082.308549404, 0.000000119, 0.000000178, 0.000000503, 0.000002974, 0.000004920, 0.000009163, 0.000000119, 0.000000178, 0.000000503, 0.000002974, 0.000004920, 0.000009163, 1, 1, 49.000000000
1618223082.341882229, 0.000000343, 0.000001465, 0.000001524, 0.000003531, 0.000006499, 0.000010053, 0.000000343, 0.000001465, 0.000001524, 0.000003531, 0.000006499, 0.000010053, 1, 1, 25.000000000
1618223082.408548117, 0.000000052, 0.000000172, 0.000000223, 0.000002325, 0.000005264, 0.000008186, 0.000000052, 0.000000172, 0.000000223, 0.000002325, 0.000005264, 0.000008186, 1, 1, 21.000000000
1618223082.441880941, 0.000000409, 0.000000593, 0.000001634, 0.000002651, 0.000006495, 0.000009087, 0.000000409, 0.000000593, 0.000001634, 0.000002651, 0.000006495, 0.000009087, 1, 1, 20.000000000
1618223082.475214005, 0.000000227, 0.000000340, 0.000000543, 0.000003093, 0.000006619, 0.000007716, 0.000000227, 0.000000340, 0.000000543, 0.000003093, 0.000006619, 0.000007716, 1, 1, 47.000000000
1618223082.508547068, 0.000000094, 0.000000277, 0.000000323, 0.000003078, 0.000005720, 0.000007632, 0.000000094, 0.000000277, 0.000000323, 0.000003078, 0.000005720, 0.000007632, 1, 1, 33.000000000
1618223082.541879892, 0.000000456, 0.000001251, 0.000001351, 0.000004108, 0.000006908, 0.000009339, 0.000000456, 0.000001251, 0.000001351, 0.000004108, 0.000006908, 0.000009339, 1, 1, 38.000000000
1618223082.608546019, 0.000000094, 0.000000235, 0.000000268, 0.000002879, 0.000005965, 0.000008634, 0.000000094, 0.000000235, 0.000000268, 0.000002879, 0.000005965, 0.000008634, 1, 1, 36.000000000
1618223082.641878843, 0.000000562, 0.000000895, 0.000001543, 0.000003283, 0.000005632, 0.000009319, 0.000000562, 0.000000895, 0.000001543, 0.000003283, 0.000005632, 0.000009319, 1, 1, 24.000000000
1618223082.675211668, 0.000000390, 0.000000619, 0.000000745, 0.000003673, 0.000004261, 0.000009055, 0.000000390, 0.000000619, 0.000000745, 0.000003673, 0.000004261, 0.000009055, 1, 1, 57.000000000
1618223082.708544731, 0.000000103, 0.000000201, 0.000000387, 0.000002977, 0.000004776, 0.000008188, 0.000000103, 0.000000201, 0.000000387, 0.000002977, 0.000004776, 0.000008188, 1, 1, 41.000000000
1618223082.741877556, 0.000000465, 0.000000761, 0.000001533, 0.000003262, 0.000005062, 0.000009385, 0.000000465, 0.000000761, 0.000001533, 0.000003262, 0.000005062, 0.000009385, 1, 1, 26.000000000
1618223082.808543444, 0.000000067, 0.000000123, 0.000000215, 0.000001441, 0.000005444, 0.000007947, 0.000000067, 0.000000123, 0.000000215, 0.000001441, 0.000005444, 0.000007947, 1, 1, 34.000000000
1618223082.841876507, 0.000000440, 0.000000710, 0.000001543, 0.000001862, 0.000006229, 0.000009329, 0.000000440, 0.000000710, 0.000001543, 0.000001862, 0.000006229, 0.000009329, 1, 1, 34.000000000
1618223082.875209570, 0.000000151, 0.000000231, 0.000000631, 0.000002337, 0.000005672, 0.000007922, 0.000000151, 0.000000231, 0.000000631, 0.000002337, 0.000005672, 0.000007922, 1, 1, 53.000000000
1618223082.908542395, 0.000000091, 0.000000204, 0.000000376, 0.000002478, 0.000007107, 0.000008779, 0.000000091, 0.000000204, 0.000000376, 0.000002478, 0.000007107, 0.000008779, 1, 1, 26.000000000
1618223082.941875458, 0.000000469, 0.000000905, 0.000001670, 0.000002971, 0.000008598, 0.000010871, 0.000000469, 0.000000905, 0.000001670, 0.000002971, 0.000008598, 0.000010871, 1, 1, 29.000000000
1618223083.008541346, 0.000000139, 0.000000146, 0.000000403, 0.000003251, 0.000005950, 0.000007478, 0.000000139, 0.000000146, 0.000000403, 0.000003251, 0.000005950, 0.000007478, 1, 1, 17.000000000
1618223083.041874170, 0.000001181, 0.000001388, 0.000001483, 0.000004220, 0.000007102, 0.000009310, 0.000001181, 0.000001388, 0.000001483, 0.000004220, 0.000007102, 0.000009310, 1, 1, 7.000000000
1618223083.075207233, 0.000000534, 0.000000815, 0.000001113, 0.000004886, 0.000006497, 0.000009586, 0.000000534, 0.000000815, 0.000001113, 0.000004886, 0.000006497, 0.000009586, 1, 1, 30.000000000
1618223083.108540058, 0.000000224, 0.000000251, 0.000000718, 0.000004004, 0.000008148, 0.000010725, 0.000000224, 0.000000251, 0.000000718, 0.000004004, 0.000008148, 0.000010725, 1, 1, 9.000000000
1618223083.141873121, 0.000001447, 0.000001692, 0.000001776, 0.000005278, 0.000010629, 0.000013898, 0.000001447, 0.000001692, 0.000001776, 0.000005278, 0.000010629, 0.000013898, 1, 1, 33.000000000
1618223083.208539009, 0.000000156, 0.000000235, 0.000000507, 0.000003983, 0.000008574, 0.000010503, 0.000000156, 0.000000235, 0.000000507, 0.000003983, 0.000008574, 0.000010503, 1, 1, 19.000000000
1618223083.241872072, 0.000000735, 0.000001836, 0.000002047, 0.000004758, 0.000010607, 0.000013100, 0.000000735, 0.000001836, 0.000002047, 0.000004758, 0.000010607, 0.000013100, 1, 1, 18.000000000
1618223083.275204897, 0.000000193, 0.000000453, 0.000000506, 0.000003941, 0.000009038, 0.000011410, 0.000000193, 0.000000453, 0.000000506, 0.000003941, 0.000009038, 0.000011410, 1, 1, 34.000000000
1618223083.308537960, 0.000000166, 0.000000254, 0.000000789, 0.000004149, 0.000009115, 0.000012573, 0.000000166, 0.000000254, 0.000000789, 0.000004149, 0.000009115, 0.000012573, 1, 1, 24.000000000
1618223083.375203848, 0.000000310, 0.000000491, 0.000000532, 0.000004432, 0.000009596, 0.000013807, 0.000000310, 0.000000491, 0.000000532, 0.000004432, 0.000009596, 0.000013807, 1, 1, 29.000000000
1618223083.408536673, 0.000000149, 0.000000303, 0.000000854, 0.000004604, 0.000009068, 0.000015206, 0.000000149, 0.000000303, 0.000000854, 0.000004604, 0.000009068, 0.000015206, 1, 1, 20.000000000
1618223083.441869736, 0.000001297, 0.000002019, 0.000002208, 0.000006097, 0.000012092, 0.000019835, 0.000001297, 0.000002019, 0.000002208, 0.000006097, 0.000012092, 0.000019835, 1, 1, 25.000000000
1618223083.475202560, 0.000000247, 0.000000420, 0.000000591, 0.000004365, 0.000009282, 0.000014878, 0.000000247, 0.000000420, 0.000000591, 0.000004365, 0.000009282, 0.000014878, 1, 1, 38.000000000
1618223083.508535624, 0.000000107, 0.000000282, 0.000000314, 0.000003452, 0.000007515, 0.000014080, 0.000000107, 0.000000282, 0.000000314, 0.000003452, 0.000007515, 0.000014080, 1, 1, 26.000000000
1618223083.575201511, 0.000000315, 0.000000969, 0.000001259, 0.000004759, 0.000010711, 0.000016169, 0.000000315, 0.000000969, 0.000001259, 0.000004759, 0.000010711, 0.000016169, 1, 1, 45.000000000
1618223083.608534336, 0.000000215, 0.000000303, 0.000000690, 0.000004504, 0.000010304, 0.000016855, 0.000000215, 0.000000303, 0.000000690, 0.000004504, 0.000010304, 0.000016855, 1, 1, 29.000000000
1618223083.641867399, 0.000001360, 0.000001802, 0.000002326, 0.000006348, 0.000013429, 0.000020769, 0.000001360, 0.000001802, 0.000002326, 0.000006348, 0.000013429, 0.000020769, 1, 1, 38.000000000
1618223083.675200462, 0.000000479, 0.000001028, 0.000001238, 0.000006117, 0.000012959, 0.000018630, 0.000000479, 0.000001028, 0.000001238, 0.000006117, 0.000012959, 0.000018630, 1, 1, 40.000000000
1618223083.708533287, 0.000000213, 0.000000252, 0.000000489, 0.000004452, 0.000011265, 0.000017535, 0.000000213, 0.000000252, 0.000000489, 0.000004452, 0.000011265, 0.000017535, 1, 1, 21.000000000
1618223083.741866350, 0.000000738, 0.000002045, 0.000002282, 0.000006218, 0.000014247, 0.000021277, 0.000000738, 0.000002045, 0.000002282, 0.000006218, 0.000014247, 0.000021277, 1, 1, 33.000000000
1618223083.808532238, 0.000000271, 0.000000487, 0.000000675, 0.000005243, 0.000011426, 0.000016232, 0.000000271, 0.000000487, 0.000000675, 0.000005243, 0.000011426, 0.000016232, 1, 1, 26.000000000
1618223083.841865063, 0.000001675, 0.000002319, 0.000002541, 0.000007308, 0.000014519, 0.000020456, 0.000001675, 0.000002319, 0.000002541, 0.000007308, 0.000014519, 0.000020456, 1, 1, 27.000000000
1618223083.875198126, 0.000000399, 0.000000803, 0.000000956, 0.000006868, 0.000008968, 0.000017657, 0.000000399, 0.000000803, 0.000000956, 0.000006868, 0.000008968, 0.000017657, 1, 1, 29.000000000
1618223083.908530951, 0.000000715, 0.000001277, 0.000001826, 0.000008136, 0.000009924, 0.000017435, 0.000000715, 0.000001277, 0.000001826, 0.000008136, 0.000009924, 0.000017435, 1, 1, 5.000000000
1618223083.941864014, 0.000001279, 0.000002781, 0.000003183, 0.000009882, 0.000011539, 0.000022006, 0.000001279, 0.000002781, 0.000003183, 0.000009882, 0.000011539, 0.000022006, 1, 1, 14.000000000
1618223084.008529902, 0.000000246, 0.000000798, 0.000000954, 0.000009675, 0.000010814, 0.000017949, 0.000000246, 0.000000798, 0.000000954, 0.000009675, 0.000010814, 0.000017949, 1, 1, 2.000000000
1618223084.041862965, 0.000000990, 0.000002238, 0.000002551, 0.000009599, 0.000011327, 0.000021158, 0.000000990, 0.000002238, 0.000002551, 0.000009599, 0.000011327, 0.000021158, 1, 1, 13.000000000
1618223084.075195789, 0.000000707, 0.000001705, 0.000003006, 0.000010812, 0.000012143, 0.000024725, 0.000000707, 0.000001705, 0.000003006, 0.000010812, 0.000012143, 0.000024725, 1, 1, 42.000000000
1618223084.108528852, 0.000001483, 0.000002460, 0.000002854, 0.000014283, 0.000015287, 0.000026177, 0.000001483, 0.000002460, 0.000002854, 0.000014283, 0.000015287, 0.000026177, 1, 1, 27.000000000
1618223084.141861677, 0.000001731, 0.000003627, 0.000004616, 0.000015639, 0.000018847, 0.000031311, 0.000001731, 0.000003627, 0.000004616, 0.000015639, 0.000018847, 0.000031311, 1, 1, 15.000000000
1618223084.208527565, 0.000000339, 0.000001046, 0.000002097, 0.000017602, 0.000020444, 0.000029491, 0.000000339, 0.000001046, 0.000002097, 0.000017602, 0.000020444, 0.000029491, 1, 1, 10.000000000
1618223084.241860628, 0.000001320, 0.000003022, 0.000003718, 0.000017163, 0.000024865, 0.000036512, 0.000001320, 0.000003022, 0.000003718, 0.000017163, 0.000024865, 0.000036512, 1, 1, 13.000000000
1618223084.275193453, 0.000001055, 0.000001775, 0.000004477, 0.000016973, 0.000021252, 0.000028511, 0.000001055, 0.000001775, 0.000004477, 0.000016973, 0.000021252, 0.000028511, 1, 1, 39.000000000
1618223084.308526516, 0.000001644, 0.000001992, 0.000004418, 0.000019201, 0.000021522, 0.000032028, 0.000001644, 0.000001992, 0.000004418, 0.000019201, 0.000021522, 0.000032028, 1, 1, 18.000000000
1618223084.341859341, 0.000002138, 0.000003688, 0.000006184, 0.000021698, 0.000026492, 0.000037192, 0.000002138, 0.000003688, 0.000006184, 0.000021698, 0.000026492, 0.000037192, 1, 1, 27.000000000
1618223084.408525467, 0.000001023, 0.000001503, 0.000004337, 0.000018579, 0.000023950, 0.000029919, 0.000001023, 0.000001503, 0.000004337, 0.000018579, 0.000023950, 0.000029919, 1, 1, 12.000000000
1618223084.441858292, 0.000001510, 0.000003110, 0.000005910, 0.000020082, 0.000029433, 0.000033264, 0.000001510, 0.000003110, 0.000005910, 0.000020082, 0.000029433, 0.000033264, 1, 1, 23.000000000
1618223084.475191116, 0.000000931, 0.000002802, 0.000005698, 0.000005856, 0.000022495, 0.000032879, 0.000000931, 0.000002802, 0.000005698, 0.000005856, 0.000022495, 0.000032879, 1, 1, 47.000000000
1618223084.508524179, 0.000001663, 0.000002033, 0.000004056, 0.000006724, 0.000022874, 0.000028853, 0.000001663, 0.000002033, 0.000004056, 0.000006724, 0.000022874, 0.000028853, 1, 1, 13.000000000
1618223084.541857004, 0.000002319, 0.000003920, 0.000005724, 0.000009336, 0.000023491, 0.000034073, 0.000002319, 0.000003920, 0.000005724, 0.000009336, 0.000023491, 0.000034073, 1, 1, 16.000000000
1618223084.608523130, 0.000000980, 0.000002019, 0.000003859, 0.000008840, 0.000021570, 0.000023946, 0.000000980, 0.000002019, 0.000003859, 0.000008840, 0.000021570, 0.000023946, 1, 1, 2.000000000
1618223084.641855955, 0.000001261, 0.000003831, 0.000004308, 0.000011978, 0.000022716, 0.000027505, 0.000001261, 0.000003831, 0.000004308, 0.000011978, 0.000022716, 0.000027505, 1, 1, 25.000000000
1618223084.675189018, 0.000001797, 0.000004817, 0.000005458, 0.000014888, 0.000017791, 0.000024071, 0.000001797, 0.000004817, 0.000005458, 0.000014888, 0.000017791, 0.000024071, 1, 1, 52.000000000
1618223084.708521843, 0.000001796, 0.000003804, 0.000004442, 0.000012470, 0.000017011, 0.000027863, 0.000001796, 0.000003804, 0.000004442, 0.000012470, 0.000017011, 0.000027863, 1, 1, 17.000000000
1618223084.741854906, 0.000002292, 0.000005220, 0.000006170, 0.000015762, 0.000020442, 0.000026528, 0.000002292, 0.000005220, 0.000006170, 0.000015762, 0.000020442, 0.000026528, 1, 1, 15.000000000
1618223084.808520794, 0.000001246, 0.000001450, 0.000004159, 0.000015211, 0.000019849, 0.000027920, 0.000001246, 0.000001450, 0.000004159, 0.000015211, 0.000019849, 0.000027920, 1, 1, 14.000000000
1618223084.841853619, 0.000001771, 0.000002581, 0.000005334, 0.000014414, 0.000019493, 0.000026168, 0.000001771, 0.000002581, 0.000005334, 0.000014414, 0.000019493, 0.000026168, 1, 1, 29.000000000
1618223084.875186682, 0.000002264, 0.000003272, 0.000003952, 0.000008098, 0.000012764, 0.000026563, 0.000002264, 0.000003272, 0.000003952, 0.000008098, 0.000012764, 0.000026563, 1, 1, 34.000000000
1618223084.908519745, 0.000001893, 0.000002389, 0.000003852, 0.000009194, 0.000013750, 0.000019040, 0.000001893, 0.000002389, 0.000003852, 0.000009194, 0.000013750, 0.000019040, 1, 1, 11.000000000
1618223084.941852570, 0.000002045, 0.000004213, 0.000005421, 0.000012505, 0.000016222, 0.000023725, 0.000002045, 0.000004213, 0.000005421, 0.000012505, 0.000016222, 0.000023725, 1, 1, 9.000000000
1618223085.008518457, 0.000001189, 0.000002447, 0.000003512, 0.000007569, 0.000015838, 0.000027453, 0.000001189, 0.000002447, 0.000003512, 0.000007569, 0.000015838, 0.000027453, 1, 1, 7.000000000
1618223085.041851521, 0.000001823, 0.000002968, 0.000004831, 0.000010374, 0.000017151, 0.000031192, 0.000001823, 0.000002968, 0.000004831, 0.000010374, 0.000017151, 0.000031192, 1, 1, 17.000000000
1618223085.075184345, 0.000003406, 0.000004352, 0.000005923, 0.000011192, 0.000021150, 0.000037758, 0.000003406, 0.000004352, 0.000005923, 0.000011192, 0.000021150, 0.000037758, 1, 1, 24.000000000
1618223085.108517408, 0.000002444, 0.000003050, 0.000004242, 0.000008037, 0.000020597, 0.000032342, 0.000002444, 0.000003050, 0.000004242, 0.000008037, 0.000020597, 0.000032342, 1, 1, 9.000000000
1618223085.141850233, 0.000002568, 0.000004327, 0.000005720, 0.000011182, 0.000020686, 0.000038517, 0.000002568, 0.000004327, 0.000005720, 0.000011182, 0.000020686, 0.000038517, 1, 1, 14.000000000
1618223085.208516121, 0.000001909, 0.000002374, 0.000003312, 0.000009251, 0.000016718, 0.000035515, 0.000001909, 0.000002374, 0.000003312, 0.000009251, 0.000016718, 0.000035515, 1, 1, 6.000000000
1618223085.241849184, 0.000002443, 0.000003731, 0.000004614, 0.000012587, 0.000015390, 0.000040929, 0.000002443, 0.000003731, 0.000004614, 0.000012587, 0.000015390, 0.000040929, 1, 1, 17.000000000
1618223085.275182247, 0.000002936, 0.000004581, 0.000005449, 0.000010538, 0.000015226, 0.000042742, 0.000002936, 0.000004581, 0.000005449, 0.000010538, 0.000015226, 0.000042742, 1, 1, 18.000000000
1618223085.308515072, 0.000001395, 0.000002738, 0.000003488, 0.000009252, 0.000014570, 0.000041516, 0.000001395, 0.000002738, 0.000003488, 0.000009252, 0.000014570, 0.000041516, 1, 1, 6.000000000
1618223085.375180960, 0.000001212, 0.000004355, 0.000005752, 0.000011907, 0.000016641, 0.000033619, 0.000001212, 0.000004355, 0.000005752, 0.000011907, 0.000016641, 0.000033619, 1, 1, 14.000000000
1618223085.441846848, 0.000001082, 0.000001605, 0.000001914, 0.000008883, 0.000012514, 0.000036053, 0.000001082, 0.000001605, 0.000001914, 0.000008883, 0.000012514, 0.000036053, 1, 1, 7.000000000
1618223085.475179672, 0.000001564, 0.000002249, 0.000003044, 0.000007504, 0.000013587, 0.000036498, 0.000001564, 0.000002249, 0.000003044, 0.000007504, 0.000013587, 0.000036498, 1, 1, 15.000000000
1618223085.508512735, 0.000001645, 0.000002088, 0.000002385, 0.000006150, 0.000012753, 0.000034977, 0.000001645, 0.000002088, 0.000002385, 0.000006150, 0.000012753, 0.000034977, 1, 1, 2.000000000
1618223085.541845560, 0.000001700, 0.000003088, 0.000003705, 0.000007995, 0.000013166, 0.000036813, 0.000001700, 0.000003088, 0.000003705, 0.000007995, 0.000013166, 0.000036813, 1, 1, 18.000000000
1618223085.608511448, 0.000001014, 0.000001944, 0.000002677, 0.000007007, 0.000014159, 0.000027834, 0.000001014, 0.000001944, 0.000002677, 0.000007007, 0.000014159, 0.000027834, 1, 1, 13.000000000
1618223085.641844273, 0.000002072, 0.000002394, 0.000003665, 0.000009151, 0.000014271, 0.000023656, 0.000002072, 0.000002394, 0.000003665, 0.000009151, 0.000014271, 0.000023656, 1, 1, 19.000000000
1618223085.675177336, 0.000001649, 0.000002847, 0.000003039, 0.000007002, 0.000011822, 0.000021982, 0.000001649, 0.000002847, 0.000003039, 0.000007002, 0.000011822, 0.000021982, 1, 1, 25.000000000
1618223085.708510160, 0.000001528, 0.000001633, 0.000002525, 0.000006772, 0.000012224, 0.000020773, 0.000001528, 0.000001633, 0.000002525, 0.000006772, 0.000012224, 0.000020773, 1, 1, 2.000000000
1618223085.741843224, 0.000001530, 0.000002664, 0.000004034, 0.000009462, 0.000012177, 0.000017370, 0.000001530, 0.000002664, 0.000004034, 0.000009462, 0.000012177, 0.000017370, 1, 1, 18.000000000
1618223085.775176048, 0.000002593, 0.000003285, 0.000004829, 0.000010124, 0.000014852, 0.000020030, 0.000002593, 0.000003285, 0.000004829, 0.000010124, 0.000014852, 0.000020030, 1, 1, 49.000000000
1618223085.841841936, 0.000000762, 0.000002013, 0.000002141, 0.000008534, 0.000015661, 0.000021471, 0.000000762, 0.000002013, 0.000002141, 0.000008534, 0.000015661, 0.000021471, 1, 1, 7.000000000
1618223085.875174761, 0.000002083, 0.000002432, 0.000002962, 0.000007262, 0.000016912, 0.000023116, 0.000002083, 0.000002432, 0.000002962, 0.000007262, 0.000016912, 0.000023116, 1, 1, 12.000000000
1618223085.908507824, 0.000001441, 0.000001848, 0.000002824, 0.000006654, 0.000016385, 0.000023282, 0.000001441, 0.000001848, 0.000002824, 0.000006654, 0.000016385, 0.000023282, 1, 1, 5.000000000
1618223085.941840649, 0.000001455, 0.000002646, 0.000004120, 0.000008791, 0.000014680, 0.000025559, 0.000001455, 0.000002646, 0.000004120, 0.000008791, 0.000014680, 0.000025559, 1, 1, 7.000000000
