# timestamp tx ty tz qx qy qz qw
1646305719.128250 -0.001301 0.000503 -0.000277 -0.000049 -0.000156 0.000106 1.000000
1646305719.203247 -0.001182 0.000428 -0.000574 0.000001 -0.000111 0.000101 1.000000
1646305719.228246 -0.002520 -0.000400 -0.000030 0.000014 -0.000089 0.000136 1.000000
1646305719.253245 -0.002047 -0.000404 -0.000002 -0.000023 -0.000014 0.000149 1.000000
1646305719.278244 -0.001686 -0.000480 -0.000124 -0.000102 -0.000065 -0.000042 1.000000
1646305719.303243 -0.000129 -0.000172 0.000006 -0.000131 -0.000021 -0.000083 1.000000
1646305719.328242 -0.000267 -0.000433 -0.000073 -0.000049 -0.000033 -0.000007 1.000000
1646305719.353241 -0.000133 -0.000462 -0.000090 -0.000097 0.000071 0.000044 1.000000
1646305719.378240 -0.000428 -0.000440 -0.000133 -0.000094 0.000019 0.000029 1.000000
1646305719.403239 -0.000460 -0.000516 -0.000433 -0.000087 -0.000016 -0.000007 1.000000
1646305719.428238 -0.017819 0.063386 0.063916 -0.004828 0.004614 0.002213 0.999975
1646305719.453237 -0.020171 0.071198 0.072211 -0.004400 0.005101 0.001688 0.999976
1646305719.478236 -0.018725 0.080231 0.077277 -0.005887 0.003973 -0.002237 0.999972
1646305719.503235 -0.019145 0.088278 0.084014 -0.006131 0.003810 -0.001757 0.999972
1646305719.528234 -0.016289 0.094486 0.092174 -0.012296 0.002147 0.001504 0.999921
1646305719.553233 -0.015774 0.100647 0.099603 -0.011600 0.003500 0.000801 0.999926
1646305719.578232 -0.014790 0.104269 0.107815 -0.010525 0.003134 -0.001308 0.999939
1646305719.603231 -0.014208 0.109296 0.115285 -0.010528 0.003010 -0.000905 0.999940
1646305719.628230 0.003289 0.104019 0.104054 -0.009676 -0.003697 -0.000903 0.999946
1646305719.653229 0.008302 0.103568 0.105272 -0.009143 -0.000360 -0.001271 0.999957
1646305719.678228 0.008142 0.100859 0.104708 -0.015072 0.002413 -0.000586 0.999883
1646305719.703227 0.010561 0.099073 0.104944 -0.015062 0.002817 -0.000484 0.999882
1646305719.728226 0.013823 0.104198 0.096259 -0.016100 0.009610 -0.001336 0.999823
1646305719.753225 0.016236 0.104577 0.093488 -0.015360 0.007734 -0.001174 0.999851
1646305719.778224 0.021331 0.107379 0.086596 -0.015509 0.009056 -0.000771 0.999838
1646305719.803223 0.023893 0.108474 0.082175 -0.015420 0.009521 -0.001384 0.999835
1646305719.828222 0.025963 0.108315 0.077524 -0.015307 0.009179 -0.001554 0.999839
1646305719.853221 0.025193 0.108556 0.072797 -0.015840 0.009814 -0.001672 0.999825
1646305719.878220 0.023919 0.107258 0.063587 -0.014634 0.008933 -0.000883 0.999853
1646305719.903219 0.023745 0.106433 0.058038 -0.014499 0.009372 -0.001113 0.999850
1646305719.953217 0.019689 0.099329 0.046636 -0.014014 0.008507 -0.001401 0.999865
1646305719.978216 0.019231 0.096297 0.038696 -0.014033 0.008216 -0.000777 0.999867
1646305720.003215 0.017246 0.093987 0.032313 -0.013969 0.008314 -0.000940 0.999867
1646305720.028214 0.012874 0.094774 0.028133 -0.013795 0.014194 -0.000478 0.999804
1646305720.053213 0.012010 0.093446 0.021167 -0.014968 0.013842 -0.000469 0.999792
1646305720.078212 0.011366 0.094381 0.013904 -0.013819 0.012366 -0.001310 0.999827
1646305720.103211 0.009805 0.093578 0.008371 -0.013702 0.012719 -0.001677 0.999824
1646305720.128211 0.010398 0.094228 0.002457 -0.014607 0.014967 -0.000654 0.999781
1646305720.153209 0.012475 0.092757 -0.003635 -0.015321 0.013062 -0.000565 0.999797
1646305720.178209 0.012902 0.093912 -0.010848 -0.013331 0.012457 -0.001249 0.999833
1646305720.203207 0.011826 0.092926 -0.016436 -0.013266 0.012975 -0.001289 0.999827
1646305720.228207 0.011554 0.093766 -0.022358 -0.014791 0.012411 -0.000683 0.999813
1646305720.253206 0.011579 0.092804 -0.027639 -0.015765 0.012354 -0.000496 0.999799
1646305720.278204 0.011760 0.092507 -0.034031 -0.012792 0.011937 -0.001216 0.999846
1646305720.303204 0.010674 0.091414 -0.039409 -0.012685 0.012289 -0.001484 0.999843
1646305720.353202 0.009850 0.093036 -0.053879 -0.015342 0.011174 -0.000713 0.999820
1646305720.378201 0.009406 0.091737 -0.057205 -0.012288 0.011387 -0.001235 0.999859
1646305720.403199 0.008386 0.090825 -0.061985 -0.012010 0.011796 -0.001709 0.999857
1646305720.428199 0.009200 0.089492 -0.068854 -0.013359 0.013847 -0.000477 0.999815
1646305720.453198 0.008099 0.089555 -0.074029 -0.015470 0.010477 -0.000514 0.999825
1646305720.478197 0.008318 0.088664 -0.076792 -0.011828 0.011006 -0.001235 0.999869
1646305720.503196 0.007404 0.088042 -0.080406 -0.011597 0.011399 -0.001696 0.999866
1646305720.528195 0.007153 0.086952 -0.083740 -0.011903 0.013613 -0.000150 0.999836
1646305720.553194 0.005732 0.086975 -0.087317 -0.013919 0.009650 -0.000381 0.999856
1646305720.578193 0.006950 0.087714 -0.082931 -0.011676 0.010852 -0.001225 0.999872
1646305720.603192 0.006392 0.086985 -0.085681 -0.011473 0.011140 -0.001895 0.999870
1646305720.628191 0.006016 0.086154 -0.089917 -0.011567 0.012311 -0.000119 0.999857
1646305720.653190 0.005602 0.086131 -0.092850 -0.013705 0.009392 -0.000404 0.999862
1646305720.678189 0.007387 0.085978 -0.094145 -0.011436 0.010514 -0.001182 0.999879
1646305720.703188 0.007284 0.085430 -0.095954 -0.011301 0.010792 -0.001953 0.999876
1646305720.728187 0.007163 0.085156 -0.098569 -0.011805 0.012781 -0.000255 0.999849
1646305720.753186 0.006210 0.085179 -0.101192 -0.013427 0.009197 -0.000436 0.999867
1646305720.778185 0.007038 0.085514 -0.100733 -0.011283 0.010472 -0.001183 0.999881
1646305720.803184 0.006938 0.085213 -0.101802 -0.011080 0.010776 -0.002029 0.999878
1646305720.828183 0.007174 0.086212 -0.100629 -0.012057 0.011359 -0.000303 0.999863
1646305720.853182 0.006388 0.086266 -0.100053 -0.013494 0.009188 -0.000471 0.999867
1646305720.878181 0.007192 0.086546 -0.096923 -0.011340 0.010474 -0.001199 0.999880
1646305720.903180 0.007080 0.086273 -0.097811 -0.011281 0.010631 -0.001995 0.999878
1646305720.928179 0.007034 0.086768 -0.095619 -0.011927 0.011239 -0.000299 0.999866
1646305720.953178 0.006684 0.086490 -0.094122 -0.013275 0.009433 -0.000456 0.999867
1646305720.978177 0.007118 0.086681 -0.090661 -0.011476 0.010528 -0.001183 0.999878
1646305721.003176 0.007061 0.086334 -0.089849 -0.011519 0.010661 -0.001842 0.999875
1646305721.028175 0.007177 0.086582 -0.088128 -0.011841 0.011329 -0.000311 0.999866
1646305721.053178 0.007179 0.086135 -0.087439 -0.013165 0.009708 -0.000445 0.999866
1646305721.078177 0.007593 0.086650 -0.085149 -0.011591 0.010554 -0.001172 0.999876
1646305721.103176 0.007263 0.086463 -0.084439 -0.011770 0.010597 -0.001905 0.999873
1646305721.128175 0.007106 0.086767 -0.083682 -0.011824 0.011076 -0.000295 0.999869
1646305721.153174 0.007386 0.086210 -0.083844 -0.013131 0.009838 -0.000443 0.999865
1646305721.178173 0.007830 0.086840 -0.081455 -0.011686 0.010631 -0.001175 0.999875
1646305721.203172 0.007484 0.086781 -0.080559 -0.011879 0.010655 -0.001864 0.999871
1646305721.228171 0.007314 0.086720 -0.082044 -0.011781 0.011223 -0.000323 0.999868
1646305721.253170 0.007467 0.086123 -0.082962 -0.013071 0.009892 -0.000441 0.999866
1646305721.278169 0.007774 0.086600 -0.081154 -0.011690 0.010698 -0.001195 0.999874
1646305721.303168 0.007352 0.086463 -0.080647 -0.011894 0.010697 -0.001813 0.999870
1646305721.328167 0.007145 0.086614 -0.082047 -0.011775 0.011219 -0.000332 0.999868
1646305721.353166 0.007314 0.086048 -0.082865 -0.012991 0.009892 -0.000438 0.999867
1646305721.378165 0.007543 0.086577 -0.081692 -0.011666 0.010612 -0.001185 0.999875
1646305721.403164 0.007268 0.086331 -0.081942 -0.011795 0.010640 -0.001745 0.999872
1646305721.428163 0.007136 0.086644 -0.081723 -0.011823 0.010969 -0.000302 0.999870
1646305721.453162 0.007395 0.086073 -0.082727 -0.012964 0.009891 -0.000425 0.999867
1646305721.478161 0.007705 0.086429 -0.081617 -0.011665 0.010595 -0.001183 0.999875
1646305721.503160 0.007322 0.086107 -0.082016 -0.011815 0.010548 -0.001801 0.999873
1646305721.528160 0.007253 0.086163 -0.082915 -0.011823 0.011122 -0.000354 0.999868
1646305721.553159 0.007367 0.085644 -0.083392 -0.012985 0.009852 -0.000422 0.999867
1646305721.578158 0.007559 0.086002 -0.082443 -0.011652 0.010576 -0.001180 0.999875
1646305721.603157 0.007242 0.085752 -0.082945 -0.011774 0.010613 -0.001754 0.999873
1646305721.628156 0.007169 0.086158 -0.083671 -0.011836 0.011090 -0.000301 0.999868
1646305721.653155 0.007378 0.085729 -0.083830 -0.012914 0.009841 -0.000405 0.999868
1646305721.678154 0.007569 0.086132 -0.082672 -0.011647 0.010563 -0.001174 0.999876
1646305721.703153 0.007350 0.085838 -0.083336 -0.011804 0.010537 -0.001743 0.999873
1646305721.728152 0.007319 0.086162 -0.083148 -0.011836 0.010992 -0.000332 0.999869
1646305721.753151 0.007456 0.085694 -0.083711 -0.012915 0.009841 -0.000425 0.999868
1646305721.778150 0.007643 0.086136 -0.082447 -0.011649 0.010549 -0.001173 0.999876
1646305721.803149 0.007305 0.085695 -0.082922 -0.011767 0.010500 -0.001685 0.999874
1646305721.828148 0.007162 0.086025 -0.082400 -0.011838 0.010943 -0.000350 0.999870
1646305721.853147 0.007361 0.085590 -0.082947 -0.012895 0.009865 -0.000443 0.999868
1646305721.878146 0.007647 0.086056 -0.081548 -0.011667 0.010569 -0.001172 0.999875
1646305721.903145 0.007342 0.085755 -0.081929 -0.011749 0.010573 -0.001598 0.999874
1646305721.928144 0.007200 0.086267 -0.081437 -0.011826 0.010935 -0.000329 0.999870
1646305721.953143 0.007481 0.085797 -0.082086 -0.012898 0.009883 -0.000425 0.999868
1646305721.978142 0.007638 0.086131 -0.080903 -0.011675 0.010577 -0.001167 0.999875
1646305722.003142 0.007382 0.085729 -0.081772 -0.011760 0.010498 -0.001603 0.999874
1646305722.028141 0.007271 0.086088 -0.082290 -0.011790 0.011066 -0.000328 0.999869
1646305722.053140 0.007315 0.085586 -0.082882 -0.012852 0.009865 -0.000410 0.999869
1646305722.078139 0.007423 0.086021 -0.082207 -0.011659 0.010577 -0.001171 0.999875
1646305722.103138 0.007047 0.085729 -0.082582 -0.011769 0.010557 -0.001522 0.999874
1646305722.128137 0.007072 0.086211 -0.082030 -0.011825 0.010900 -0.000330 0.999871
1646305722.153136 0.007327 0.085797 -0.082709 -0.012842 0.009836 -0.000405 0.999869
1646305722.178135 0.007510 0.086257 -0.081864 -0.011656 0.010547 -0.001182 0.999876
1646305722.203134 0.007137 0.085954 -0.082469 -0.011766 0.010512 -0.001618 0.999874
1646305722.228133 0.007077 0.086277 -0.081952 -0.011828 0.010902 -0.000320 0.999871
1646305722.253132 0.007393 0.085724 -0.082511 -0.012869 0.009867 -0.000421 0.999868
1646305722.278131 0.007547 0.086190 -0.081606 -0.011671 0.010579 -0.001161 0.999875
1646305722.303130 0.007280 0.085714 -0.081681 -0.011791 0.010571 -0.001647 0.999873
1646305722.328129 0.007289 0.086072 -0.081234 -0.011808 0.010858 -0.000365 0.999871
1646305722.353128 0.007594 0.085587 -0.081917 -0.012824 0.009892 -0.000416 0.999869
1646305722.378127 0.007713 0.085864 -0.080979 -0.011682 0.010564 -0.001165 0.999875
1646305722.403126 0.007471 0.085398 -0.080981 -0.011799 0.010593 -0.001608 0.999873
1646305722.428125 0.007411 0.085871 -0.080482 -0.011780 0.010917 -0.000362 0.999871
1646305722.453125 0.007573 0.085358 -0.081087 -0.012795 0.009943 -0.000399 0.999869
1646305722.478123 0.007691 0.085712 -0.080258 -0.011692 0.010589 -0.001172 0.999875
1646305722.503123 0.007494 0.085324 -0.080327 -0.011783 0.010566 -0.001559 0.999874
1646305722.528121 0.007428 0.085739 -0.079920 -0.011788 0.010827 -0.000339 0.999872
1646305722.553121 0.007424 0.085362 -0.080597 -0.012728 0.009934 -0.000404 0.999870
1646305722.578120 0.007491 0.085783 -0.080019 -0.011697 0.010580 -0.001170 0.999875
1646305722.603119 0.007236 0.085338 -0.080000 -0.011859 0.010558 -0.001667 0.999873
1646305722.628118 0.007270 0.085894 -0.079900 -0.011800 0.010810 -0.000348 0.999872
1646305722.653117 0.007515 0.085497 -0.080824 -0.012776 0.009912 -0.000402 0.999869
1646305722.678116 0.007502 0.085861 -0.080341 -0.011698 0.010561 -0.001175 0.999875
1646305722.703115 0.007193 0.085415 -0.080483 -0.011830 0.010504 -0.001600 0.999874
1646305722.728114 0.007255 0.085784 -0.080127 -0.011799 0.010843 -0.000353 0.999872
1646305722.753113 0.007449 0.085280 -0.080836 -0.012726 0.009913 -0.000402 0.999870
1646305722.778112 0.007527 0.085649 -0.080287 -0.011688 0.010550 -0.001157 0.999875
1646305722.803111 0.007211 0.085232 -0.080824 -0.011821 0.010466 -0.001682 0.999874
1646305722.828110 0.007197 0.085637 -0.081143 -0.011790 0.010900 -0.000341 0.999871
1646305722.853109 0.007414 0.085159 -0.081522 -0.012787 0.009917 -0.000381 0.999869
1646305722.878108 0.007520 0.085611 -0.080946 -0.011678 0.010551 -0.001162 0.999875
1646305722.903107 0.007000 0.085141 -0.081250 -0.011807 0.010481 -0.001673 0.999874
1646305722.928107 0.007111 0.085639 -0.080759 -0.011816 0.010818 -0.000357 0.999872
1646305722.953105 0.007331 0.085233 -0.081452 -0.012768 0.009875 -0.000412 0.999870
1646305722.978105 0.007458 0.085696 -0.080699 -0.011690 0.010523 -0.001164 0.999876
1646305723.003103 0.006989 0.085342 -0.081018 -0.011817 0.010471 -0.001667 0.999874
1646305723.028103 0.006987 0.085796 -0.080488 -0.011807 0.010560 -0.000362 0.999874
1646305723.053102 0.007320 0.085392 -0.081281 -0.012701 0.009886 -0.000392 0.999870
1646305723.078101 0.007391 0.085852 -0.080778 -0.011685 0.010537 -0.001158 0.999876
1646305723.103100 0.007047 0.085286 -0.081052 -0.011775 0.010553 -0.001625 0.999874
1646305723.153098 0.007348 0.085333 -0.080521 -0.012028 0.009868 -0.000488 0.999879
1646305723.178097 0.007378 0.085595 -0.080460 -0.011697 0.010565 -0.001167 0.999875
1646305723.203096 0.007124 0.085072 -0.080569 -0.011843 0.010487 -0.001657 0.999874
1646305723.228095 0.007110 0.085372 -0.080074 -0.011787 0.010807 -0.000331 0.999872
1646305723.253094 0.007315 0.084984 -0.080870 -0.012742 0.009903 -0.000394 0.999870
1646305723.278093 0.007486 0.085531 -0.080498 -0.011696 0.010526 -0.001179 0.999876
1646305723.303092 0.007232 0.085164 -0.080744 -0.011826 0.010416 -0.001680 0.999874
1646305723.328091 0.007271 0.085645 -0.081028 -0.011807 0.010843 -0.000343 0.999871
1646305723.353090 0.007290 0.085226 -0.081416 -0.012748 0.009897 -0.000399 0.999870
1646305723.378089 0.007342 0.085771 -0.080861 -0.011687 0.010532 -0.001156 0.999876
1646305723.403088 0.007064 0.085378 -0.081094 -0.011802 0.010472 -0.001644 0.999874
1646305723.428087 0.007198 0.085615 -0.080776 -0.011827 0.010787 -0.000336 0.999872
1646305723.453087 0.007481 0.085206 -0.081239 -0.012704 0.009892 -0.000399 0.999870
1646305723.478086 0.007709 0.085799 -0.080797 -0.011685 0.010519 -0.001150 0.999876
1646305723.503084 0.007420 0.085426 -0.081090 -0.011841 0.010409 -0.001657 0.999874
1646305723.528084 0.007351 0.085694 -0.080728 -0.011820 0.010797 -0.000345 0.999872
1646305723.553083 0.007579 0.085262 -0.081240 -0.012707 0.009911 -0.000403 0.999870
1646305723.578082 0.007645 0.085764 -0.080557 -0.011700 0.010522 -0.001149 0.999876
1646305723.603081 0.007409 0.085454 -0.080860 -0.011821 0.010397 -0.001664 0.999875
1646305723.628080 0.007600 0.085963 -0.080377 -0.011835 0.010725 -0.000334 0.999872
1646305723.653079 0.007018 0.085146 -0.077900 -0.012419 0.010061 -0.000345 0.999872
1646305723.678078 0.008166 0.085164 -0.076786 -0.012023 0.010653 -0.001208 0.999870
1646305723.703077 0.008207 0.083486 -0.078328 -0.013655 0.010258 -0.003184 0.999849
1646305723.728076 0.007333 0.081234 -0.083197 -0.015544 0.008689 -0.005132 0.999828
1646305723.753075 0.005284 0.078391 -0.089433 -0.015410 0.011617 -0.008347 0.999779
1646305723.778074 0.003369 0.077349 -0.104203 -0.018906 0.020862 -0.010954 0.999544
1646305723.803073 0.001384 0.074224 -0.120477 -0.018030 0.034003 -0.014216 0.999158
1646305723.828072 -0.000183 0.073669 -0.139910 -0.019236 0.046598 -0.015761 0.998604
1646305723.853071 -0.001350 0.071395 -0.166970 -0.018872 0.058514 -0.017234 0.997959
1646305723.878070 -0.001030 0.071920 -0.194518 -0.017124 0.062167 -0.018817 0.997741
1646305723.903069 0.000690 0.071820 -0.222538 -0.015096 0.060167 -0.018684 0.997899
1646305723.928068 0.004553 0.077066 -0.253245 -0.011477 0.053635 -0.014981 0.998382
1646305723.953068 0.011114 0.080304 -0.287228 -0.005650 0.041826 -0.010330 0.999056
1646305723.978066 0.016327 0.087525 -0.319559 0.003170 0.030001 -0.004288 0.999536
1646305724.003066 0.021151 0.095996 -0.354776 0.016071 0.020002 0.003704 0.999664
1646305724.028065 0.026674 0.107530 -0.392480 0.032492 0.012148 0.015385 0.999280
1646305724.053060 0.030840 0.119756 -0.429983 0.049940 0.005308 0.027318 0.998364
1646305724.078059 0.034746 0.133685 -0.465815 0.067976 0.001162 0.039295 0.996912
1646305724.103058 0.037486 0.148402 -0.505030 0.085363 0.000284 0.052631 0.994959
1646305724.128057 0.041574 0.165030 -0.544008 0.101615 0.003187 0.067924 0.992497
1646305724.153056 0.044505 0.181144 -0.582782 0.117108 0.007949 0.081285 0.989755
1646305724.178056 0.047522 0.198293 -0.616462 0.129973 0.014122 0.092335 0.987108
1646305724.203054 0.050258 0.214451 -0.652661 0.140349 0.021519 0.103960 0.984394
1646305724.228054 0.054510 0.231721 -0.687551 0.148867 0.029662 0.116302 0.981546
1646305724.253053 0.059421 0.247974 -0.720335 0.156993 0.037644 0.125454 0.978876
1646305724.278052 0.064451 0.266183 -0.748084 0.165210 0.045015 0.131766 0.976380
1646305724.303051 0.069538 0.284005 -0.774929 0.172664 0.052044 0.137359 0.973967
1646305724.328050 0.077142 0.303838 -0.799628 0.177890 0.057778 0.141594 0.972095
1646305724.353049 0.083270 0.322945 -0.822717 0.180456 0.061689 0.142199 0.971293
1646305724.378048 0.091533 0.342184 -0.842908 0.180248 0.064362 0.141226 0.971300
1646305724.403047 0.099722 0.361609 -0.860842 0.177786 0.066378 0.141497 0.971578
1646305724.428046 0.109877 0.384504 -0.876491 0.175099 0.068009 0.144024 0.971582
1646305724.453045 0.118747 0.405375 -0.889761 0.173578 0.068486 0.144952 0.971684
1646305724.478044 0.128143 0.427494 -0.901434 0.173302 0.068478 0.145378 0.971670
1646305724.503043 0.137579 0.449915 -0.910009 0.171794 0.067828 0.147720 0.971630
1646305724.528042 0.148223 0.476901 -0.916285 0.169326 0.065929 0.153072 0.971366
1646305724.553041 0.159158 0.502523 -0.921690 0.165950 0.062986 0.157866 0.971376
1646305724.578040 0.169162 0.528896 -0.925910 0.160324 0.058862 0.164449 0.971487
1646305724.603039 0.179311 0.555742 -0.928056 0.151053 0.054257 0.174371 0.971511
1646305724.628038 0.191472 0.585650 -0.927783 0.136437 0.048761 0.188533 0.971320
1646305724.653037 0.203140 0.615042 -0.927799 0.118334 0.043753 0.201600 0.971308
1646305724.678036 0.213541 0.647020 -0.928448 0.098066 0.038081 0.215185 0.970890
1646305724.703036 0.222889 0.679582 -0.926905 0.076617 0.032388 0.230909 0.969413
1646305724.728035 0.232554 0.715549 -0.924747 0.053567 0.025565 0.249299 0.966606
1646305724.753034 0.240703 0.752902 -0.923872 0.031937 0.016322 0.266284 0.963227
1646305724.778033 0.247242 0.792425 -0.926136 0.009851 0.003566 0.283489 0.958918
1646305724.803032 0.253403 0.832234 -0.929255 -0.011178 -0.010692 0.301879 0.953221
1646305724.828031 0.259621 0.874086 -0.933428 -0.029364 -0.025154 0.321386 0.946159
1646305724.853030 0.266645 0.918241 -0.940879 -0.045316 -0.039813 0.338936 0.938874
1646305724.878029 0.270759 0.959251 -0.950644 -0.063250 -0.053364 0.355807 0.930888
1646305724.903028 0.276138 0.998657 -0.962173 -0.085662 -0.066848 0.371115 0.922208
1646305724.928027 0.282642 1.035950 -0.970889 -0.113026 -0.080544 0.384070 0.912813
1646305724.953026 0.292150 1.074876 -0.985407 -0.141902 -0.093216 0.393737 0.903408
1646305724.978025 0.301430 1.109714 -0.998642 -0.172304 -0.107153 0.401270 0.893203
1646305725.003024 0.312792 1.143310 -1.011302 -0.204594 -0.120429 0.405034 0.882942
1646305725.028023 0.325547 1.174741 -1.019360 -0.240163 -0.133088 0.405143 0.872048
1646305725.053022 0.341587 1.207919 -1.029962 -0.275966 -0.142060 0.401805 0.861519
1646305725.078021 0.358262 1.237449 -1.039060 -0.311201 -0.149604 0.397398 0.850204
1646305725.103020 0.376034 1.265881 -1.046828 -0.344478 -0.153325 0.390214 0.839976
1646305725.128019 0.396561 1.291026 -1.057263 -0.374542 -0.153217 0.381785 0.830953
1646305725.153018 0.417973 1.317631 -1.062310 -0.396875 -0.148341 0.370061 0.826765
1646305725.178018 0.440214 1.341029 -1.068287 -0.416019 -0.144083 0.359182 0.822895
1646305725.203017 0.464752 1.362558 -1.073295 -0.430669 -0.139643 0.348052 0.820904
1646305725.228016 0.491147 1.384635 -1.078629 -0.440630 -0.134075 0.337564 0.820926
1646305725.253015 0.519023 1.407800 -1.080940 -0.443217 -0.126926 0.325721 0.825442
1646305725.278014 0.549068 1.424193 -1.083132 -0.444450 -0.120495 0.313512 0.830455
1646305725.303013 0.581655 1.437880 -1.083979 -0.443968 -0.114929 0.300148 0.836418
1646305725.328012 0.613157 1.450797 -1.083363 -0.441905 -0.108742 0.284992 0.843608
1646305725.353011 0.647536 1.464072 -1.081289 -0.433489 -0.101560 0.270125 0.853701
1646305725.378010 0.681398 1.471315 -1.078699 -0.420716 -0.093500 0.254065 0.865856
1646305725.403009 0.716194 1.475855 -1.076256 -0.404107 -0.085578 0.237268 0.879248
1646305725.428008 0.750986 1.478123 -1.074637 -0.384117 -0.077261 0.220865 0.893143
1646305725.453007 0.790943 1.483410 -1.072132 -0.362493 -0.069352 0.205209 0.906465
1646305725.478006 0.827089 1.483095 -1.068323 -0.341871 -0.061048 0.189535 0.918408
1646305725.503005 0.863256 1.481596 -1.065285 -0.321490 -0.051663 0.173696 0.929411
1646305725.528004 0.898000 1.479879 -1.063123 -0.302156 -0.040223 0.157243 0.939339
1646305725.553003 0.938503 1.479497 -1.060581 -0.282683 -0.027948 0.142010 0.948231
1646305725.578002 0.974048 1.476267 -1.056975 -0.264913 -0.015133 0.125160 0.955995
1646305725.603001 1.010155 1.472477 -1.055170 -0.249339 -0.002994 0.109639 0.962185
1646305725.628000 1.046394 1.461411 -1.060551 -0.235736 0.008155 0.097208 0.966909
1646305725.652999 1.083192 1.462125 -1.061796 -0.220237 0.017613 0.087351 0.971368
1646305725.677999 1.117722 1.459799 -1.065202 -0.206390 0.026221 0.079120 0.974913
1646305725.702998 1.153092 1.459496 -1.070928 -0.193040 0.035019 0.071053 0.977988
1646305725.727997 1.188293 1.464160 -1.080456 -0.179384 0.045082 0.064655 0.980616
1646305725.752996 1.224274 1.471277 -1.088173 -0.161004 0.054522 0.061218 0.983543
1646305725.777995 1.258982 1.479553 -1.098781 -0.140505 0.064758 0.060537 0.986103
1646305725.802994 1.294207 1.488647 -1.111196 -0.118733 0.074053 0.061176 0.988269
1646305725.827993 1.330410 1.501875 -1.126240 -0.095191 0.082396 0.065482 0.989880
1646305725.852992 1.364419 1.515773 -1.136723 -0.067970 0.087085 0.070657 0.991365
1646305725.877991 1.397637 1.531428 -1.149139 -0.041237 0.092232 0.076767 0.991917
1646305725.902990 1.430493 1.546664 -1.161899 -0.016702 0.096299 0.083598 0.991695
1646305725.927989 1.463497 1.565208 -1.171689 0.005382 0.099337 0.091505 0.990823
1646305725.952988 1.494960 1.583902 -1.177509 0.029237 0.103390 0.099587 0.989211
1646305726.002986 1.556058 1.625519 -1.192605 0.076825 0.114673 0.115003 0.983729
1646305726.027985 1.587513 1.648305 -1.195457 0.097982 0.121371 0.124985 0.979820
1646305726.052984 1.615945 1.670745 -1.197749 0.117214 0.128046 0.134159 0.975636
1646305726.077983 1.645587 1.694349 -1.198600 0.134021 0.134412 0.141454 0.971577
1646305726.102982 1.674599 1.716663 -1.198736 0.147444 0.140685 0.148267 0.967721
1646305726.127981 1.703269 1.740012 -1.200162 0.156515 0.146331 0.156894 0.964093
1646305726.152980 1.729646 1.763301 -1.199280 0.161049 0.149816 0.163335 0.961738
1646305726.177979 1.756727 1.787942 -1.196558 0.160865 0.152291 0.168311 0.960521
1646305726.202979 1.784575 1.811202 -1.193524 0.157819 0.153347 0.173481 0.959939
1646305726.227978 1.814516 1.834542 -1.189012 0.151567 0.152383 0.180509 0.959804
1646305726.252977 1.841530 1.860561 -1.185192 0.144331 0.147754 0.186125 0.960570
1646305726.277976 1.869857 1.885370 -1.181308 0.134572 0.140414 0.191756 0.961979
1646305726.302975 1.898221 1.910918 -1.177329 0.122807 0.129078 0.198872 0.963695
1646305726.327974 1.927518 1.937540 -1.171170 0.108901 0.113957 0.209491 0.965022
1646305726.352973 1.955643 1.963722 -1.166174 0.096649 0.095829 0.219083 0.966167
1646305726.402971 2.009232 2.015309 -1.157940 0.074777 0.060819 0.238747 0.966286
1646305726.427970 2.035702 2.043688 -1.153195 0.065552 0.048638 0.250213 0.964744
1646305726.452969 2.062765 2.073447 -1.149031 0.055890 0.039232 0.259574 0.963306
1646305726.477968 2.088143 2.101057 -1.146157 0.044708 0.032774 0.269143 0.961504
1646305726.502967 2.113655 2.129631 -1.141968 0.032241 0.029952 0.279337 0.959184
1646305726.527966 2.138101 2.160373 -1.139422 0.019873 0.030296 0.290731 0.956119
1646305726.552965 2.164000 2.193004 -1.136032 0.007718 0.031697 0.300777 0.953136
1646305726.577964 2.188499 2.221543 -1.133388 -0.003657 0.033166 0.311638 0.949615
1646305726.602963 2.212997 2.250966 -1.130465 -0.014582 0.035528 0.322316 0.945853
1646305726.627962 2.236826 2.280845 -1.130487 -0.024064 0.037746 0.332546 0.942024
1646305726.652961 2.262010 2.312515 -1.129049 -0.032891 0.037011 0.341612 0.938536
1646305726.677961 2.287533 2.340627 -1.129722 -0.042090 0.032837 0.351300 0.934740
1646305726.702960 2.313637 2.369545 -1.129948 -0.050996 0.026523 0.362310 0.930283
1646305726.727959 2.340025 2.398873 -1.133202 -0.057595 0.018860 0.373196 0.925771
1646305726.752958 2.366188 2.430904 -1.136407 -0.060962 0.010320 0.383403 0.921509
1646305726.777957 2.391809 2.458284 -1.140082 -0.064509 0.002941 0.392110 0.917649
1646305726.802956 2.416193 2.485945 -1.142975 -0.068910 -0.001898 0.398357 0.914636
1646305726.827955 2.439872 2.512553 -1.148035 -0.073875 -0.005339 0.402216 0.912544
1646305726.852954 2.464393 2.539864 -1.152695 -0.079760 -0.008240 0.403790 0.911331
1646305726.877953 2.489243 2.563425 -1.156721 -0.087498 -0.011484 0.404475 0.910281
1646305726.902952 2.513908 2.587038 -1.160813 -0.095822 -0.014357 0.403809 0.909698
1646305726.927951 2.538359 2.610131 -1.163564 -0.103150 -0.015876 0.401741 0.909787
1646305726.952950 2.564349 2.634982 -1.166651 -0.108384 -0.016038 0.399023 0.910372
1646305726.977949 2.591927 2.656623 -1.168926 -0.113742 -0.015267 0.396127 0.910996
1646305727.002948 2.619537 2.679241 -1.170295 -0.120027 -0.013912 0.392527 0.911769
1646305727.027947 2.647397 2.703126 -1.171643 -0.127398 -0.011092 0.387209 0.913080
1646305727.052946 2.675811 2.725791 -1.171160 -0.131659 -0.007895 0.380569 0.915298
1646305727.077945 2.705105 2.747240 -1.170071 -0.134197 -0.003802 0.372400 0.918311
1646305727.102944 2.734379 2.768866 -1.169233 -0.136573 -0.000718 0.362963 0.921740
1646305727.127944 2.764794 2.790623 -1.166511 -0.139949 0.000923 0.352626 0.925240
1646305727.152942 2.796243 2.813566 -1.165625 -0.141024 0.001960 0.342063 0.929032
1646305727.177942 2.827956 2.833358 -1.164431 -0.141782 0.002119 0.329937 0.933292
1646305727.202941 2.860807 2.852395 -1.164101 -0.143404 -0.000099 0.315931 0.937882
1646305727.227940 2.892197 2.872937 -1.164020 -0.145028 -0.003738 0.299589 0.942974
1646305727.252939 2.924679 2.889777 -1.164010 -0.143388 -0.007989 0.283252 0.948232
1646305727.277938 2.956848 2.904364 -1.163884 -0.140742 -0.012574 0.266694 0.953367
1646305727.302937 2.989147 2.918725 -1.164014 -0.137575 -0.017114 0.249541 0.958389
1646305727.327936 3.020310 2.932660 -1.162817 -0.133154 -0.021535 0.232365 0.963230
1646305727.352935 3.052674 2.947354 -1.163054 -0.126727 -0.025662 0.215775 0.967844
1646305727.377934 3.082892 2.959005 -1.161757 -0.119818 -0.028737 0.200591 0.971896
1646305727.402933 3.113785 2.971389 -1.160766 -0.113459 -0.030868 0.186178 0.975455
1646305727.427932 3.142113 2.986215 -1.157807 -0.108216 -0.032645 0.172782 0.978453
1646305727.452931 3.172320 2.999682 -1.156345 -0.103112 -0.033230 0.160112 0.981136
1646305727.477930 3.201526 3.010465 -1.153283 -0.098644 -0.033336 0.148262 0.983451
1646305727.502929 3.230663 3.021473 -1.150289 -0.095617 -0.032816 0.138396 0.985204
1646305727.527928 3.257590 3.035593 -1.149609 -0.091626 -0.030597 0.130808 0.986690
1646305727.552927 3.287181 3.047216 -1.146433 -0.085382 -0.028295 0.124330 0.988155
1646305727.577926 3.313578 3.057667 -1.143048 -0.078644 -0.025581 0.119633 0.989368
1646305727.602926 3.340863 3.067369 -1.140020 -0.072361 -0.023319 0.116620 0.990263
1646305727.627924 3.367108 3.078094 -1.137327 -0.067606 -0.022937 0.116306 0.990644
1646305727.652924 3.396212 3.087102 -1.134729 -0.061034 -0.023086 0.115258 0.991190
1646305727.677923 3.422844 3.095632 -1.132208 -0.052903 -0.023261 0.113949 0.991804
1646305727.702922 3.449994 3.103522 -1.129912 -0.045898 -0.024235 0.112848 0.992256
1646305727.727921 3.474650 3.113515 -1.129139 -0.039325 -0.025916 0.111998 0.992592
1646305727.752920 3.503847 3.121154 -1.127053 -0.031710 -0.028972 0.109738 0.993032
1646305727.777919 3.529517 3.127749 -1.125652 -0.024465 -0.032601 0.107603 0.993358
1646305727.802918 3.555670 3.133688 -1.124414 -0.017629 -0.035892 0.106955 0.993459
1646305727.852916 3.608293 3.150674 -1.121887 -0.008382 -0.040429 0.108397 0.993250
1646305727.877915 3.633374 3.156048 -1.120642 -0.004992 -0.040674 0.108681 0.993232
1646305727.902914 3.658873 3.160229 -1.119157 -0.003009 -0.039763 0.108898 0.993253
1646305727.927913 3.683197 3.165068 -1.118449 -0.005859 -0.037824 0.109768 0.993220
1646305727.952912 3.711410 3.167326 -1.116178 -0.008369 -0.035810 0.108231 0.993445
1646305727.977911 3.738166 3.169013 -1.114503 -0.011859 -0.033513 0.105971 0.993734
1646305728.002910 3.765365 3.170012 -1.112541 -0.014621 -0.031731 0.103720 0.993993
1646305728.027909 3.794425 3.170839 -1.111771 -0.016342 -0.030831 0.101685 0.994204
1646305728.052900 3.823912 3.171430 -1.109401 -0.016089 -0.030601 0.097736 0.994612
1646305728.077899 3.852956 3.171652 -1.108558 -0.015710 -0.030815 0.094086 0.994963
1646305728.102898 3.882292 3.171442 -1.108140 -0.013414 -0.031127 0.089639 0.995397
1646305728.127897 3.909177 3.173440 -1.109387 -0.009331 -0.032126 0.084764 0.995839
1646305728.152896 3.941545 3.173358 -1.109396 -0.004317 -0.032527 0.077128 0.996481
1646305728.177895 3.971185 3.172559 -1.111023 -0.000310 -0.032459 0.069663 0.997042
1646305728.177895 3.971185 3.172559 -1.111023 -0.000310 -0.032459 0.069663 0.997042
1646305728.227893 4.040371 3.169179 -1.121780 0.004052 -0.030857 0.057089 0.997884
1646305728.252892 4.071782 3.167064 -1.125899 0.006740 -0.029986 0.048470 0.998352
1646305728.252892 4.071782 3.167064 -1.125899 0.006740 -0.029986 0.048470 0.998352
1646305728.327889 4.157409 3.160767 -1.136759 0.014000 -0.026557 0.033422 0.998990
1646305728.327889 4.157409 3.160767 -1.136759 0.014000 -0.026557 0.033422 0.998990
1646305728.427885 4.280310 3.181342 -1.131028 0.013936 -0.007640 0.023929 0.999587
1646305728.427885 4.280310 3.181342 -1.131028 0.013936 -0.007640 0.023929 0.999587
1646305728.527881 4.402774 3.204099 -1.120387 0.012156 -0.000971 0.044370 0.998941
1646305728.527881 4.402774 3.204099 -1.120387 0.012156 -0.000971 0.044370 0.998941
1646305728.652876 4.556738 3.239884 -1.130329 0.003591 -0.016204 0.103605 0.994480
1646305728.652876 4.556738 3.239884 -1.130329 0.003591 -0.016204 0.103605 0.994480
1646305728.727873 4.640160 3.271294 -1.153643 -0.023669 -0.015840 0.140616 0.989655
1646305728.752872 4.666338 3.281603 -1.162480 -0.037678 -0.013671 0.153609 0.987318
1646305728.752872 4.666338 3.281603 -1.162480 -0.037678 -0.013671 0.153609 0.987318
1646305728.827869 4.751962 3.312461 -1.180688 -0.091830 -0.004136 0.187601 0.977935
1646305728.852868 4.780137 3.322696 -1.186886 -0.110567 -0.000398 0.197314 0.974085
1646305728.852868 4.780137 3.322696 -1.186886 -0.110567 -0.000398 0.197314 0.974085
1646305728.927865 4.869764 3.348216 -1.199878 -0.159081 0.015310 0.211355 0.964255
1646305728.952864 4.899905 3.354447 -1.203525 -0.172770 0.021213 0.210445 0.961984
1646305728.952864 4.899905 3.354447 -1.203525 -0.172770 0.021213 0.210445 0.961984
1646305729.027861 4.999121 3.367678 -1.213318 -0.208045 0.032693 0.187893 0.959346
1646305729.052860 5.032841 3.367290 -1.215469 -0.218024 0.035006 0.176402 0.959230
1646305729.052860 5.032841 3.367290 -1.215469 -0.218024 0.035006 0.176402 0.959230
1646305729.127857 5.139767 3.367539 -1.222010 -0.236879 0.033804 0.131766 0.961969
1646305729.152856 5.175288 3.361972 -1.223014 -0.240293 0.030061 0.115640 0.963319
1646305729.152856 5.175288 3.361972 -1.223014 -0.240293 0.030061 0.115640 0.963319
1646305729.227853 5.284899 3.340162 -1.222428 -0.255251 0.010824 0.068381 0.964393
1646305729.252852 5.320278 3.328436 -1.220713 -0.261674 0.005003 0.052485 0.963715
1646305729.252852 5.320278 3.328436 -1.220713 -0.261674 0.005003 0.052485 0.963715
1646305729.327849 5.425588 3.293804 -1.208824 -0.282837 0.007619 -0.000042 0.959138
1646305729.352848 5.459172 3.280772 -1.203365 -0.288719 0.011871 -0.017520 0.957180
1646305729.352848 5.459172 3.280772 -1.203365 -0.288719 0.011871 -0.017520 0.957180
1646305729.427845 5.562233 3.247946 -1.182826 -0.300248 0.022899 -0.052071 0.952163
1646305729.452844 5.596017 3.236072 -1.176957 -0.302865 0.025338 -0.058586 0.950894
1646305729.452844 5.596017 3.236072 -1.176957 -0.302865 0.025338 -0.058586 0.950894
1646305729.527841 5.704293 3.210022 -1.166651 -0.300090 0.010349 -0.060309 0.951946
1646305729.552840 5.742134 3.200855 -1.166212 -0.295494 0.000459 -0.057104 0.953636
1646305729.552840 5.742134 3.200855 -1.166212 -0.295494 0.000459 -0.057104 0.953636
1646305729.627837 5.883595 3.191792 -1.176055 -0.268331 -0.002927 -0.060796 0.961402
1646305729.652836 5.922736 3.185788 -1.181218 -0.257694 -0.002018 -0.061160 0.964287
1646305729.652836 5.922736 3.185788 -1.181218 -0.257694 -0.002018 -0.061160 0.964287
1646305729.727834 6.015480 3.172014 -1.193733 -0.225249 0.003848 -0.045415 0.973235
1646305729.752832 6.047781 3.169499 -1.197405 -0.212451 0.009113 -0.037560 0.976407
1646305729.752832 6.047781 3.169499 -1.197405 -0.212451 0.009113 -0.037560 0.976407
1646305729.827829 6.126689 3.153421 -1.201223 -0.165879 0.032679 -0.005419 0.985590
1646305729.852829 6.155147 3.150949 -1.200645 -0.150030 0.042449 0.005168 0.987756
1646305729.852829 6.155147 3.150949 -1.200645 -0.150030 0.042449 0.005168 0.987756
1646305729.927825 6.256267 3.134169 -1.191957 -0.109408 0.057451 0.031905 0.991822
1646305729.952825 6.288500 3.127982 -1.187988 -0.098385 0.058708 0.039692 0.992622
1646305729.952825 6.288500 3.127982 -1.187988 -0.098385 0.058708 0.039692 0.992622
1646305730.052820 6.433126 3.081612 -1.183360 -0.050606 0.043716 0.047981 0.996607
1646305730.052820 6.433126 3.081612 -1.183360 -0.050606 0.043716 0.047981 0.996607
1646305730.127818 6.540034 3.035752 -1.192012 -0.042533 0.025787 0.029589 0.998324
1646305730.152817 6.571353 3.017052 -1.195640 -0.042585 0.020748 0.020846 0.998660
1646305730.202815 6.632224 2.978281 -1.202562 -0.045658 0.014478 0.000941 0.998852
1646305730.227814 6.663620 2.983836 -1.202597 -0.048964 0.015867 -0.009123 0.998633
1646305730.252813 6.691971 2.971037 -1.202864 -0.052961 0.019429 -0.020033 0.998207
1646305730.277812 6.721928 2.959868 -1.202343 -0.056575 0.025546 -0.032975 0.997527
1646305730.302811 6.753073 2.944874 -1.201223 -0.061310 0.031178 -0.045714 0.996584
1646305730.327810 6.784514 2.939623 -1.198317 -0.065754 0.035364 -0.059562 0.995429
1646305730.352809 6.814277 2.924293 -1.195719 -0.068167 0.036955 -0.073129 0.994304
1646305730.377808 6.844583 2.905518 -1.193231 -0.068615 0.037792 -0.087371 0.993091
1646305730.402807 6.874114 2.885876 -1.191570 -0.068136 0.038184 -0.102805 0.991630
1646305730.427806 6.902347 2.864584 -1.189609 -0.068334 0.039028 -0.119853 0.989668
1646305730.452805 6.931801 2.838799 -1.188366 -0.068791 0.039684 -0.138612 0.987157
1646305730.477804 6.956005 2.807955 -1.187192 -0.070539 0.042202 -0.158871 0.983872
1646305730.502803 6.978504 2.776755 -1.187884 -0.070613 0.044102 -0.180184 0.980103
1646305730.527802 6.997780 2.739766 -1.189954 -0.068365 0.046343 -0.205884 0.975085
1646305730.552801 7.017682 2.703561 -1.188578 -0.061699 0.046663 -0.234993 0.968914
1646305730.577800 7.031155 2.665881 -1.189318 -0.054997 0.044684 -0.269223 0.960467
1646305730.602799 7.039840 2.627720 -1.191127 -0.050427 0.039701 -0.306516 0.949699
1646305730.627798 7.043173 2.589414 -1.195148 -0.048794 0.034414 -0.346432 0.936173
1646305730.652797 7.044228 2.550739 -1.197313 -0.047191 0.030541 -0.388542 0.919715
1646305730.677796 7.040003 2.512797 -1.198000 -0.044722 0.028836 -0.433134 0.899757
1646305730.702795 7.031209 2.476198 -1.198533 -0.040753 0.029374 -0.477483 0.877204
1646305730.727794 7.018504 2.444799 -1.199703 -0.036208 0.030835 -0.521585 0.851873
1646305730.752793 7.003860 2.414008 -1.200543 -0.030645 0.033865 -0.564475 0.824186
1646305730.777792 6.986053 2.387082 -1.200070 -0.024910 0.035905 -0.606607 0.793800
1646305730.802791 6.965219 2.362307 -1.199018 -0.019270 0.037234 -0.647083 0.761266
1646305730.827790 6.942368 2.346449 -1.196835 -0.015406 0.036521 -0.686219 0.726315
1646305730.852789 6.918231 2.335836 -1.194373 -0.012343 0.033898 -0.723177 0.689720
1646305730.877788 6.894657 2.326329 -1.191254 -0.009570 0.030428 -0.758216 0.651223
1646305730.902787 6.869794 2.322527 -1.188580 -0.007321 0.025701 -0.790830 0.611452
1646305730.927786 6.845463 2.324617 -1.186125 -0.004901 0.020051 -0.822023 0.569080
1646305730.952785 6.822247 2.336779 -1.182807 -0.004019 0.013823 -0.850888 0.525151
1646305730.977784 6.800614 2.349656 -1.181003 -0.003232 0.011301 -0.878125 0.478286
1646305731.002783 6.779412 2.367492 -1.178555 -0.003441 0.011510 -0.903543 0.428329
1646305731.027782 6.761022 2.389098 -1.178801 -0.005250 0.015354 -0.925896 0.377431
1646305731.052781 6.744728 2.418367 -1.176722 -0.009698 0.017993 -0.944848 0.326872
1646305731.077780 6.731733 2.451589 -1.177133 -0.013614 0.020712 -0.960189 0.278251
1646305731.102779 6.721506 2.485611 -1.177932 -0.014357 0.020725 -0.972616 0.231047
1646305731.127778 6.713635 2.522770 -1.180269 -0.011146 0.017573 -0.982739 0.183825
1646305731.152777 6.712108 2.562370 -1.181170 -0.005539 0.010953 -0.990611 0.136157
1646305731.177776 6.713445 2.607263 -1.183952 0.001272 0.003160 -0.996293 0.085952
1646305731.202775 6.718130 2.651932 -1.186568 0.007851 -0.000949 -0.999445 0.032362
1646305731.227774 6.728792 2.700532 -1.188162 -0.014419 0.001417 0.999568 0.025576
1646305731.252773 6.743512 2.750194 -1.189404 -0.018071 -0.000343 0.996374 0.083144
1646305731.277772 6.763928 2.803144 -1.190803 -0.021171 -0.001939 0.989834 0.140629
1646305731.302771 6.786339 2.853979 -1.193952 -0.022592 -0.003444 0.980014 0.197613
1646305731.327770 6.815718 2.903016 -1.197184 -0.023579 -0.002833 0.966952 0.253852
1646305731.352769 6.850115 2.947702 -1.200866 -0.024893 -0.000506 0.950786 0.308847
1646305731.377768 6.891608 2.992691 -1.200911 -0.026784 0.005128 0.931790 0.361971
1646305731.402767 6.935000 3.032943 -1.203726 -0.029482 0.010683 0.909753 0.413965
1646305731.427766 6.985189 3.069219 -1.207772 -0.033974 0.015875 0.884728 0.464597
1646305731.452765 7.037160 3.098359 -1.211014 -0.038814 0.019286 0.858328 0.511267
1646305731.477764 7.092318 3.123737 -1.212746 -0.043373 0.023331 0.830279 0.555168
1646305731.502763 7.147805 3.145763 -1.214995 -0.046721 0.026600 0.800525 0.596883
1646305731.527762 7.207367 3.162434 -1.215313 -0.047481 0.028683 0.769459 0.636282
1646305731.552761 7.262795 3.174486 -1.214207 -0.046013 0.031114 0.736997 0.673610
1646305731.577760 7.317877 3.181965 -1.214652 -0.044668 0.031884 0.703432 0.708641
1646305731.602759 7.371473 3.188289 -1.212491 -0.042888 0.033979 0.668428 0.741761
1646305731.627758 7.424381 3.191041 -1.207273 -0.040161 0.034802 0.632763 0.772520
1646305731.652757 7.474609 3.190512 -1.203411 -0.036507 0.035070 0.596348 0.801128
1646305731.677756 7.523290 3.187671 -1.199517 -0.032205 0.034482 0.560641 0.826714
1646305731.702755 7.570374 3.183906 -1.195067 -0.028056 0.033318 0.525476 0.849693
1646305731.727754 7.615893 3.182051 -1.186904 -0.024649 0.031845 0.492967 0.869115
1646305731.752753 7.658480 3.175927 -1.179753 -0.022907 0.029204 0.461429 0.886401
1646305731.777752 7.699058 3.167247 -1.173080 -0.022744 0.025596 0.432115 0.901168
1646305731.802751 7.738006 3.160957 -1.167153 -0.023285 0.022651 0.405123 0.913685
1646305731.827750 7.776772 3.161386 -1.163744 -0.025488 0.021556 0.381683 0.923690
1646305731.852749 7.812305 3.157950 -1.156971 -0.026473 0.020011 0.359256 0.932649
1646305731.877748 7.846307 3.154556 -1.151926 -0.026567 0.019337 0.338103 0.940535
1646305731.902747 7.880381 3.154560 -1.148809 -0.026138 0.020018 0.318565 0.947329
1646305731.927746 7.913449 3.161285 -1.149270 -0.025695 0.023665 0.300889 0.953019
1646305731.952745 7.946406 3.165095 -1.148551 -0.023091 0.028879 0.283183 0.958353
1646305731.977744 7.978433 3.168897 -1.149081 -0.018859 0.035439 0.266059 0.963121
1646305732.002743 8.010464 3.173556 -1.152593 -0.015408 0.040466 0.250543 0.967137
1646305732.027742 8.043491 3.185358 -1.158026 -0.015201 0.043793 0.237936 0.970174
1646305732.052737 8.074957 3.191707 -1.164321 -0.014425 0.045956 0.227197 0.972657
1646305732.077736 8.104561 3.195972 -1.173514 -0.012393 0.051072 0.219456 0.974206
1646305732.102735 8.132837 3.202205 -1.183918 -0.009588 0.057930 0.214213 0.975020
1646305732.127734 8.162337 3.215778 -1.193498 -0.008332 0.068072 0.210427 0.975201
1646305732.152733 8.188988 3.222935 -1.203687 -0.007427 0.078884 0.205926 0.975355
1646305732.177732 8.214696 3.226773 -1.213655 -0.006306 0.090958 0.200199 0.975504
1646305732.202731 8.239362 3.231643 -1.222959 -0.006057 0.102287 0.194952 0.975446
1646305732.227730 8.264599 3.240986 -1.230095 -0.008464 0.113790 0.190853 0.974964
1646305732.252729 8.287634 3.246379 -1.236177 -0.010929 0.124061 0.186978 0.974438
1646305732.277728 8.310357 3.248232 -1.241159 -0.012804 0.133335 0.183775 0.973799
1646305732.302727 8.332590 3.252517 -1.242808 -0.016539 0.142042 0.182023 0.972840
1646305732.327726 8.356428 3.261779 -1.241746 -0.021972 0.149708 0.182641 0.971466
1646305732.352725 8.378915 3.267499 -1.238647 -0.026733 0.154932 0.184173 0.970238
1646305732.377724 8.401527 3.269552 -1.232836 -0.031229 0.158055 0.186817 0.969094
1646305732.402723 8.424113 3.275458 -1.223459 -0.037213 0.159509 0.190425 0.967941
1646305732.427722 8.449706 3.288514 -1.210268 -0.044117 0.158769 0.196978 0.966460
1646305732.452721 8.472414 3.296984 -1.196518 -0.050738 0.156416 0.203989 0.965064
1646305732.477720 8.494451 3.303412 -1.180819 -0.054873 0.152331 0.212095 0.963743
1646305732.502719 8.515267 3.312344 -1.163206 -0.057480 0.147865 0.218628 0.962826
1646305732.527718 8.537779 3.326689 -1.145141 -0.059603 0.142251 0.225101 0.962051
1646305732.552717 8.556959 3.336775 -1.125610 -0.059716 0.136156 0.229407 0.961908
1646305732.577716 8.575519 3.344562 -1.104871 -0.056895 0.130134 0.233080 0.962030
1646305732.602715 8.592919 3.354248 -1.082867 -0.055115 0.124576 0.235523 0.962274
1646305732.627714 8.609917 3.367829 -1.060030 -0.055784 0.117912 0.238018 0.962462
1646305732.652713 8.625295 3.377391 -1.036558 -0.055065 0.111049 0.239455 0.962963
1646305732.677712 8.640547 3.384553 -1.013298 -0.052210 0.104046 0.240449 0.963656
1646305732.702711 8.654239 3.393368 -0.990412 -0.048811 0.097900 0.241466 0.964224
1646305732.727710 8.663117 3.403719 -0.967548 -0.044477 0.092390 0.242687 0.964670
1646305732.727710 8.663117 3.403719 -0.967548 -0.044477 0.092390 0.242687 0.964670
1646305732.777709 8.697686 3.418978 -0.917701 -0.034602 0.083498 0.243739 0.965620
1646305732.802707 8.708566 3.424835 -0.895452 -0.031192 0.080451 0.243805 0.965978
1646305732.827706 8.709712 3.433857 -0.877139 -0.030458 0.079695 0.244124 0.965984
1646305732.827706 8.709712 3.433857 -0.877139 -0.030458 0.079695 0.244124 0.965984
1646305732.877704 8.727657 3.441092 -0.825518 -0.028882 0.084053 0.240136 0.966662
1646305732.902704 8.733510 3.444322 -0.804295 -0.028807 0.087067 0.237732 0.966992
1646305732.927703 8.730893 3.451389 -0.784103 -0.033237 0.091906 0.236348 0.966741
1646305732.927703 8.730893 3.451389 -0.784103 -0.033237 0.091906 0.236348 0.966741
1646305732.977700 8.737083 3.454186 -0.731834 -0.042798 0.104085 0.230702 0.966494
1646305733.002700 8.739264 3.456458 -0.706165 -0.046398 0.109692 0.227323 0.966509
1646305733.027699 8.739147 3.464451 -0.681225 -0.049433 0.113587 0.225792 0.966267
1646305733.027699 8.739147 3.464451 -0.681225 -0.049433 0.113587 0.225792 0.966267
1646305733.077697 8.749194 3.468515 -0.630809 -0.049582 0.116299 0.221166 0.967007
1646305733.102695 8.753672 3.473209 -0.601808 -0.049088 0.115527 0.219172 0.967578
1646305733.127695 8.758184 3.481252 -0.576811 -0.048939 0.112711 0.218956 0.967967
1646305733.127695 8.758184 3.481252 -0.576811 -0.048939 0.112711 0.218956 0.967967
1646305733.177693 8.770947 3.484603 -0.523238 -0.047082 0.108386 0.215380 0.969354
1646305733.202692 8.776394 3.488940 -0.499895 -0.044293 0.106609 0.213723 0.970049
1646305733.227691 8.778168 3.497656 -0.481371 -0.041121 0.105638 0.213335 0.970380
1646305733.227691 8.778168 3.497656 -0.481371 -0.041121 0.105638 0.213335 0.970380
1646305733.277689 8.791157 3.503165 -0.438676 -0.035425 0.101957 0.207266 0.972312
1646305733.302688 8.798248 3.508140 -0.424024 -0.032650 0.099185 0.202731 0.973651
1646305733.327687 8.803187 3.513422 -0.410429 -0.029309 0.096413 0.197653 0.975079
1646305733.327687 8.803187 3.513422 -0.410429 -0.029309 0.096413 0.197653 0.975079
1646305733.377685 8.817286 3.522917 -0.382297 -0.018535 0.091052 0.184476 0.978435
1646305733.402683 8.823142 3.527756 -0.373535 -0.014353 0.088752 0.179658 0.979612
1646305733.427683 8.826257 3.532803 -0.363884 -0.011435 0.086305 0.175638 0.980598
1646305733.427683 8.826257 3.532803 -0.363884 -0.011435 0.086305 0.175638 0.980598
1646305733.477681 8.837138 3.537779 -0.346561 -0.008435 0.074596 0.168668 0.982810
1646305733.502680 8.841224 3.540468 -0.340336 -0.008866 0.070430 0.166018 0.983564
1646305733.527679 8.844227 3.544358 -0.335007 -0.008914 0.065027 0.164809 0.984139
1646305733.527679 8.844227 3.544358 -0.335007 -0.008914 0.065027 0.164809 0.984139
1646305733.577677 8.851031 3.546366 -0.323881 -0.009409 0.052639 0.161579 0.985410
1646305733.602676 8.853447 3.547718 -0.319476 -0.011362 0.050786 0.160312 0.985693
1646305733.627675 8.855067 3.549694 -0.315799 -0.012190 0.047942 0.159050 0.986030
1646305733.627675 8.855067 3.549694 -0.315799 -0.012190 0.047942 0.159050 0.986030
1646305733.677673 8.860588 3.550096 -0.309126 -0.012599 0.039917 0.151768 0.987529
1646305733.702672 8.862042 3.550796 -0.306333 -0.012971 0.038353 0.149312 0.987961
1646305733.727671 8.863181 3.552924 -0.304583 -0.011791 0.035712 0.147797 0.988302
1646305733.727671 8.863181 3.552924 -0.304583 -0.011791 0.035712 0.147797 0.988302
1646305733.777669 8.867057 3.551571 -0.302234 -0.008447 0.030991 0.145461 0.988842
1646305733.802668 8.867814 3.552366 -0.300525 -0.007426 0.030225 0.145124 0.988924
1646305733.827667 8.867757 3.554731 -0.299287 -0.006386 0.029652 0.145488 0.988895
1646305733.827667 8.867757 3.554731 -0.299287 -0.006386 0.029652 0.145488 0.988895
1646305733.877665 8.866993 3.553212 -0.295249 -0.005637 0.030644 0.146116 0.988777
1646305733.902664 8.867070 3.553851 -0.293260 -0.005606 0.030090 0.146138 0.988791
1646305733.927663 8.866449 3.555189 -0.291701 -0.006041 0.029818 0.146787 0.988700
1646305733.927663 8.866449 3.555189 -0.291701 -0.006041 0.029818 0.146787 0.988700
1646305733.977661 8.867308 3.554584 -0.287921 -0.006224 0.027144 0.145868 0.988912
1646305734.002660 8.867297 3.555024 -0.285359 -0.006784 0.025755 0.145484 0.989002
1646305734.027659 8.867752 3.556699 -0.283079 -0.006634 0.024102 0.144939 0.989125
1646305734.027659 8.867752 3.556699 -0.283079 -0.006634 0.024102 0.144939 0.989125
1646305734.077657 8.868505 3.555581 -0.279954 -0.006041 0.017873 0.142164 0.989663
1646305734.102656 8.868475 3.555297 -0.278163 -0.006863 0.016946 0.141276 0.989801
1646305734.127655 8.868176 3.556679 -0.276681 -0.007303 0.015750 0.140830 0.989882
1646305734.127655 8.868176 3.556679 -0.276681 -0.007303 0.015750 0.140830 0.989882
1646305734.177653 8.869064 3.553753 -0.273668 -0.007980 0.013589 0.140527 0.989951
1646305734.202652 8.869346 3.553862 -0.272062 -0.008177 0.013135 0.141115 0.989872
1646305734.227651 8.869518 3.556510 -0.270678 -0.008696 0.012553 0.142494 0.989678
1646305734.227651 8.869518 3.556510 -0.270678 -0.008696 0.012553 0.142494 0.989678
1646305734.277649 8.869964 3.554689 -0.269086 -0.007028 0.012246 0.145892 0.989200
1646305734.302648 8.870921 3.555694 -0.267926 -0.005967 0.011954 0.147723 0.988938
1646305734.352646 8.871629 3.558411 -0.265468 -0.005025 0.012227 0.151155 0.988422
1646305734.377645 8.872673 3.556959 -0.264665 -0.004591 0.012450 0.151739 0.988331
1646305734.402644 8.873499 3.557628 -0.263755 -0.004261 0.012546 0.153119 0.988119
1646305734.427643 8.874507 3.559972 -0.262456 -0.005451 0.012228 0.154046 0.987973
1646305734.427643 8.874507 3.559972 -0.262456 -0.005451 0.012228 0.154046 0.987973
1646305734.477641 8.877042 3.559862 -0.262702 -0.005330 0.010774 0.154230 0.987962
1646305734.502640 8.877513 3.560203 -0.261888 -0.005375 0.009943 0.154364 0.987949
1646305734.527639 8.877894 3.562168 -0.261198 -0.005510 0.008998 0.154415 0.987950
1646305734.527639 8.877894 3.562168 -0.261198 -0.005510 0.008998 0.154415 0.987950
1646305734.577637 8.879951 3.561233 -0.260441 -0.003787 0.007574 0.153653 0.988089
1646305734.602636 8.879328 3.561389 -0.259933 -0.003430 0.007447 0.153828 0.988064
1646305734.627635 8.878642 3.563498 -0.259141 -0.003869 0.007341 0.153924 0.988048
1646305734.627635 8.878642 3.563498 -0.259141 -0.003869 0.007341 0.153924 0.988048
1646305734.677633 8.877769 3.562854 -0.258154 -0.003638 0.008115 0.153463 0.988114
1646305734.702632 8.876895 3.563244 -0.257437 -0.003411 0.007828 0.153788 0.988067
1646305734.727631 8.876213 3.564735 -0.256216 -0.003569 0.007776 0.153906 0.988048
1646305734.727631 8.876213 3.564735 -0.256216 -0.003569 0.007776 0.153906 0.988048
1646305734.777629 8.875140 3.563618 -0.254503 -0.002973 0.006869 0.153104 0.988182
1646305734.802628 8.873976 3.563676 -0.253572 -0.002803 0.006393 0.153285 0.988157
1646305734.827627 8.873369 3.565469 -0.252586 -0.002841 0.005717 0.153172 0.988179
1646305734.827627 8.873369 3.565469 -0.252586 -0.002841 0.005717 0.153172 0.988179
1646305734.877625 8.874030 3.563982 -0.252063 -0.001670 0.004079 0.152323 0.988321
1646305734.902624 8.873498 3.564000 -0.251629 -0.001276 0.003681 0.152373 0.988315
1646305734.927623 8.873478 3.565699 -0.250818 -0.001369 0.003266 0.152499 0.988297
1646305734.927623 8.873478 3.565699 -0.250818 -0.001369 0.003266 0.152499 0.988297
1646305734.977621 8.874014 3.563789 -0.250646 -0.001490 0.003656 0.152181 0.988345
1646305735.002620 8.873869 3.563707 -0.250351 -0.001303 0.003331 0.152368 0.988317
1646305735.027619 8.874011 3.564894 -0.250083 -0.001635 0.003657 0.152468 0.988300
1646305735.027619 8.874011 3.564894 -0.250083 -0.001635 0.003657 0.152468 0.988300
1646305735.077617 8.875985 3.563847 -0.249877 -0.001993 0.004621 0.151880 0.988386
1646305735.102616 8.875798 3.563635 -0.249650 -0.001637 0.004285 0.152095 0.988355
1646305735.127615 8.876294 3.565513 -0.249357 -0.001785 0.004609 0.152139 0.988347
1646305735.127615 8.876294 3.565513 -0.249357 -0.001785 0.004609 0.152139 0.988347
1646305735.177613 8.877759 3.565243 -0.249776 -0.001830 0.006154 0.151836 0.988385
1646305735.202612 8.877086 3.565137 -0.249459 -0.001582 0.005589 0.151863 0.988384
1646305735.227611 8.877241 3.566121 -0.248811 -0.001958 0.005275 0.152092 0.988350
1646305735.227611 8.877241 3.566121 -0.248811 -0.001958 0.005275 0.152092 0.988350
1646305735.277609 8.878028 3.565167 -0.248173 -0.001445 0.003871 0.152384 0.988313
1646305735.302608 8.877611 3.565138 -0.247649 -0.001411 0.003376 0.152535 0.988291
1646305735.327607 8.877687 3.566343 -0.246984 -0.001700 0.002679 0.152520 0.988295
1646305735.327607 8.877687 3.566343 -0.246984 -0.001700 0.002679 0.152520 0.988295
1646305735.377605 8.877911 3.565761 -0.246588 -0.001492 0.002387 0.152216 0.988343
1646305735.402604 8.877296 3.565597 -0.246090 -0.001538 0.002047 0.152282 0.988334
1646305735.427603 8.876894 3.566900 -0.245422 -0.002292 0.002252 0.152051 0.988367
1646305735.427603 8.876894 3.566900 -0.245422 -0.002292 0.002252 0.152051 0.988367
1646305735.477601 8.878059 3.565789 -0.244681 -0.002145 0.003541 0.151639 0.988427
1646305735.502600 8.877418 3.565560 -0.244344 -0.002250 0.003776 0.152064 0.988361
1646305735.527599 8.876990 3.567166 -0.243882 -0.003156 0.004474 0.152583 0.988275
1646305735.527599 8.876990 3.567166 -0.243882 -0.003156 0.004474 0.152583 0.988275
1646305735.577597 8.877669 3.566102 -0.243846 -0.003497 0.007111 0.152593 0.988257
1646305735.602596 8.877274 3.565934 -0.243370 -0.003580 0.007036 0.152856 0.988217
1646305735.627595 8.877141 3.567506 -0.243160 -0.004512 0.007654 0.152883 0.988204
1646305735.627595 8.877141 3.567506 -0.243160 -0.004512 0.007654 0.152883 0.988204
1646305735.677593 8.877832 3.566114 -0.243388 -0.004723 0.008489 0.152217 0.988299
1646305735.702592 8.877366 3.565721 -0.243160 -0.005006 0.008550 0.152513 0.988252
1646305735.727591 8.876693 3.567194 -0.243032 -0.006142 0.008742 0.152585 0.988233
1646305735.727591 8.876693 3.567194 -0.243032 -0.006142 0.008742 0.152585 0.988233
1646305735.777589 8.876954 3.564977 -0.243934 -0.007452 0.009970 0.152341 0.988250
1646305735.802588 8.876492 3.564470 -0.243570 -0.008071 0.009737 0.152283 0.988256
1646305735.827587 8.876298 3.565023 -0.243236 -0.009498 0.009898 0.152009 0.988284
1646305735.827587 8.876298 3.565023 -0.243236 -0.009498 0.009898 0.152009 0.988284
1646305735.877585 8.875348 3.562290 -0.242659 -0.013385 0.011910 0.150812 0.988400
1646305735.902584 8.874333 3.561091 -0.241784 -0.014791 0.011497 0.150601 0.988417
1646305735.927583 8.873465 3.561517 -0.241963 -0.015090 0.012259 0.150430 0.988430
1646305735.927583 8.873465 3.561517 -0.241963 -0.015090 0.012259 0.150430 0.988430
1646305735.977582 8.873488 3.560860 -0.241953 -0.014775 0.012211 0.149924 0.988512
1646305736.002580 8.873071 3.560862 -0.241453 -0.014713 0.012035 0.150362 0.988448
1646305736.027580 8.873089 3.561826 -0.241405 -0.015160 0.012289 0.150743 0.988380
1646305736.027580 8.873089 3.561826 -0.241405 -0.015160 0.012289 0.150743 0.988380
1646305736.077569 8.873855 3.561091 -0.241875 -0.014714 0.012325 0.150668 0.988398
1646305736.102568 8.873475 3.560986 -0.241495 -0.014701 0.012207 0.151060 0.988340
1646305736.127567 8.873124 3.562347 -0.241367 -0.015209 0.012335 0.151697 0.988233
1646305736.127567 8.873124 3.562347 -0.241367 -0.015209 0.012335 0.151697 0.988233
1646305736.177565 8.874569 3.561761 -0.242016 -0.014881 0.012466 0.151919 0.988202
1646305736.202564 8.874342 3.561563 -0.241738 -0.014794 0.012272 0.152251 0.988155
1646305736.227563 8.874154 3.562491 -0.241631 -0.015217 0.012395 0.152395 0.988125
1646305736.227563 8.874154 3.562491 -0.241631 -0.015217 0.012395 0.152395 0.988125
1646305736.277561 8.875382 3.561911 -0.241911 -0.014740 0.012346 0.152123 0.988175
1646305736.302560 8.875000 3.561696 -0.241634 -0.014696 0.012279 0.152255 0.988156
1646305736.327559 8.874448 3.562270 -0.241464 -0.015210 0.012355 0.152363 0.988130
1646305736.327559 8.874448 3.562270 -0.241464 -0.015210 0.012355 0.152363 0.988130
1646305736.377557 8.875456 3.562160 -0.241929 -0.014724 0.012351 0.152256 0.988154
1646305736.402556 8.874854 3.561927 -0.241675 -0.014693 0.012277 0.152387 0.988135
1646305736.427555 8.874494 3.562278 -0.241605 -0.015187 0.012329 0.152504 0.988109
1646305736.427555 8.874494 3.562278 -0.241605 -0.015187 0.012329 0.152504 0.988109
1646305736.477553 8.875117 3.561849 -0.241928 -0.014688 0.012330 0.152189 0.988165
1646305736.502553 8.874674 3.561620 -0.241660 -0.014699 0.012251 0.152383 0.988136
1646305736.527551 8.874170 3.562293 -0.241661 -0.015220 0.012346 0.152522 0.988106
1646305736.527551 8.874170 3.562293 -0.241661 -0.015220 0.012346 0.152522 0.988106
1646305736.577549 8.874745 3.561842 -0.241984 -0.014723 0.012339 0.152125 0.988175
1646305736.602548 8.874391 3.561653 -0.241718 -0.014710 0.012264 0.152415 0.988131
1646305736.627548 8.873870 3.562439 -0.241643 -0.015212 0.012290 0.152622 0.988091
1646305736.627548 8.873870 3.562439 -0.241643 -0.015212 0.012290 0.152622 0.988091
1646305736.677546 8.874476 3.562055 -0.242233 -0.014645 0.012341 0.152324 0.988145
1646305736.702544 8.874133 3.561874 -0.242009 -0.014655 0.012273 0.152538 0.988113
1646305736.727544 8.873674 3.562747 -0.241932 -0.015252 0.012294 0.152757 0.988070
1646305736.727544 8.873674 3.562747 -0.241932 -0.015252 0.012294 0.152757 0.988070
1646305736.777542 8.874472 3.561894 -0.242217 -0.014768 0.012337 0.152542 0.988110
1646305736.802541 8.874223 3.561663 -0.241939 -0.014741 0.012236 0.152902 0.988056
1646305736.827539 8.873741 3.562329 -0.241724 -0.015272 0.012284 0.153040 0.988026
1646305736.827539 8.873741 3.562329 -0.241724 -0.015272 0.012284 0.153040 0.988026
1646305736.877538 8.873953 3.561955 -0.242142 -0.014770 0.012319 0.152675 0.988089
1646305736.902537 8.873622 3.561821 -0.241830 -0.014741 0.012218 0.152915 0.988054
1646305736.927536 8.873154 3.562530 -0.241629 -0.015251 0.012248 0.153059 0.988023
1646305736.927536 8.873154 3.562530 -0.241629 -0.015251 0.012248 0.153059 0.988023
1646305736.977534 8.874194 3.562295 -0.242120 -0.014766 0.012424 0.153483 0.987963
1646305737.002533 8.873684 3.562431 -0.241815 -0.014649 0.012313 0.154156 0.987861
1646305737.027532 8.872799 3.563246 -0.241785 -0.015106 0.012500 0.155036 0.987714
1646305737.027532 8.872799 3.563246 -0.241785 -0.015106 0.012500 0.155036 0.987714
1646305737.077530 8.873220 3.563274 -0.241910 -0.014648 0.012401 0.154984 0.987731
1646305737.102529 8.872913 3.563325 -0.241649 -0.014632 0.012375 0.155137 0.987707
1646305737.127528 8.872028 3.563983 -0.241604 -0.015138 0.012457 0.155267 0.987678
1646305737.127528 8.872028 3.563983 -0.241604 -0.015138 0.012457 0.155267 0.987678
1646305737.177526 8.873104 3.563267 -0.241884 -0.014703 0.012427 0.155020 0.987724
1646305737.202525 8.872611 3.563159 -0.241603 -0.014661 0.012366 0.155093 0.987714
1646305737.227524 8.871941 3.563717 -0.241500 -0.015157 0.012464 0.155213 0.987686
1646305737.227524 8.871941 3.563717 -0.241500 -0.015157 0.012464 0.155213 0.987686
1646305737.277522 8.873433 3.563020 -0.241985 -0.014723 0.012464 0.154945 0.987735
1646305737.302521 8.873211 3.562966 -0.241725 -0.014664 0.012375 0.155008 0.987727
1646305737.327520 8.872581 3.563411 -0.241629 -0.015141 0.012461 0.155167 0.987694
1646305737.327520 8.872581 3.563411 -0.241629 -0.015141 0.012461 0.155167 0.987694
1646305737.377518 8.873823 3.562950 -0.241889 -0.014744 0.012453 0.154803 0.987757
1646305737.402517 8.873567 3.562873 -0.241642 -0.014714 0.012370 0.154946 0.987736
1646305737.427516 8.872872 3.563401 -0.241548 -0.015155 0.012506 0.155054 0.987711
1646305737.427516 8.872872 3.563401 -0.241548 -0.015155 0.012506 0.155054 0.987711
1646305737.477514 8.874034 3.562876 -0.242061 -0.014750 0.012537 0.154789 0.987758
1646305737.502513 8.873447 3.562748 -0.241797 -0.014690 0.012394 0.154867 0.987748
1646305737.527512 8.872711 3.563441 -0.241672 -0.015157 0.012455 0.155024 0.987716
1646305737.527512 8.872711 3.563441 -0.241672 -0.015157 0.012455 0.155024 0.987716
1646305737.577510 8.873785 3.562847 -0.241952 -0.014717 0.012446 0.154793 0.987759
1646305737.602509 8.873190 3.562683 -0.241702 -0.014681 0.012367 0.154862 0.987750
1646305737.627508 8.872385 3.563428 -0.241563 -0.015172 0.012442 0.154933 0.987730
1646305737.627508 8.872385 3.563428 -0.241563 -0.015172 0.012442 0.154933 0.987730
1646305737.677506 8.873406 3.563145 -0.241794 -0.014750 0.012358 0.154231 0.987847
1646305737.702505 8.873136 3.563191 -0.241525 -0.014718 0.012298 0.154454 0.987814
1646305737.727504 8.872750 3.563821 -0.241448 -0.015187 0.012389 0.154577 0.987786
1646305737.727504 8.872750 3.563821 -0.241448 -0.015187 0.012389 0.154577 0.987786
1646305737.777502 8.873702 3.563246 -0.241849 -0.014716 0.012410 0.154220 0.987849
1646305737.802501 8.873491 3.563190 -0.241617 -0.014717 0.012330 0.154419 0.987819
1646305737.827500 8.872793 3.563679 -0.241496 -0.015169 0.012395 0.154508 0.987797
1646305737.827500 8.872793 3.563679 -0.241496 -0.015169 0.012395 0.154508 0.987797
1646305737.877498 8.874047 3.563201 -0.241935 -0.014700 0.012452 0.154185 0.987854
1646305737.902497 8.873829 3.563043 -0.241712 -0.014662 0.012402 0.154440 0.987815
1646305737.927496 8.873355 3.563644 -0.241570 -0.015174 0.012423 0.154573 0.987787
1646305737.927496 8.873355 3.563644 -0.241570 -0.015174 0.012423 0.154573 0.987787
1646305737.977494 8.874017 3.563195 -0.241832 -0.014802 0.012541 0.154224 0.987845
1646305738.002493 8.873604 3.563001 -0.241574 -0.014763 0.012442 0.154426 0.987816
1646305738.027492 8.872989 3.563548 -0.241418 -0.015143 0.012499 0.154566 0.987787
1646305738.027492 8.872989 3.563548 -0.241418 -0.015143 0.012499 0.154566 0.987787
1646305738.077490 8.874113 3.562793 -0.241755 -0.014782 0.012555 0.154245 0.987842
1646305738.102489 8.873831 3.562564 -0.241514 -0.014800 0.012499 0.154422 0.987815
1646305738.127488 8.873242 3.563223 -0.241257 -0.015120 0.012505 0.154549 0.987790
1646305738.127488 8.873242 3.563223 -0.241257 -0.015120 0.012505 0.154549 0.987790
1646305738.177486 8.874524 3.562750 -0.241722 -0.014786 0.012571 0.154179 0.987852
1646305738.202485 8.874125 3.562492 -0.241531 -0.014730 0.012460 0.154415 0.987818
1646305738.227484 8.873133 3.563263 -0.241417 -0.015124 0.012551 0.154516 0.987795
1646305738.227484 8.873133 3.563263 -0.241417 -0.015124 0.012551 0.154516 0.987795
1646305738.277483 8.873773 3.562470 -0.241794 -0.014743 0.012483 0.154225 0.987847
1646305738.302482 8.873352 3.562260 -0.241565 -0.014783 0.012463 0.154435 0.987814
1646305738.327481 8.872687 3.563324 -0.241363 -0.015133 0.012497 0.154513 0.987796
1646305738.327481 8.872687 3.563324 -0.241363 -0.015133 0.012497 0.154513 0.987796
1646305738.377479 8.873026 3.562268 -0.241931 -0.014773 0.012591 0.154235 0.987844
1646305738.402478 8.872594 3.562101 -0.241746 -0.014766 0.012447 0.154427 0.987815
1646305738.427477 8.872039 3.563111 -0.241633 -0.015143 0.012532 0.154513 0.987795
1646305738.427477 8.872039 3.563111 -0.241633 -0.015143 0.012532 0.154513 0.987795
1646305738.477475 8.872444 3.562067 -0.241424 -0.014735 0.012469 0.154183 0.987854
1646305738.502474 8.871888 3.561730 -0.241228 -0.014733 0.012486 0.154502 0.987804
1646305738.527473 8.871815 3.562866 -0.241207 -0.015128 0.012534 0.154526 0.987793
1646305738.527473 8.871815 3.562866 -0.241207 -0.015128 0.012534 0.154526 0.987793
1646305738.577471 8.872925 3.561901 -0.241717 -0.014735 0.012570 0.154151 0.987857
1646305738.602470 8.872395 3.561469 -0.241648 -0.014679 0.012534 0.154485 0.987807
1646305738.627469 8.872602 3.562946 -0.241539 -0.015127 0.012493 0.154524 0.987794
1646305738.627469 8.872602 3.562946 -0.241539 -0.015127 0.012493 0.154524 0.987794
1646305738.677467 8.872903 3.562459 -0.241645 -0.014808 0.012610 0.154211 0.987846
1646305738.702466 8.872389 3.562224 -0.241579 -0.014698 0.012545 0.154498 0.987804
1646305738.727465 8.872136 3.563269 -0.241612 -0.015127 0.012556 0.154515 0.987795
1646305738.727465 8.872136 3.563269 -0.241612 -0.015127 0.012556 0.154515 0.987795
1646305738.777463 8.872676 3.562588 -0.241831 -0.014784 0.012557 0.154154 0.987856
1646305738.802462 8.872450 3.562256 -0.241877 -0.014844 0.012765 0.154365 0.987820
1646305738.827461 8.872260 3.563364 -0.241698 -0.015118 0.012531 0.154506 0.987797
1646305738.827461 8.872260 3.563364 -0.241698 -0.015118 0.012531 0.154506 0.987797
1646305738.877459 8.872358 3.562676 -0.241751 -0.014777 0.012584 0.154182 0.987852
1646305738.902458 8.872161 3.562432 -0.241667 -0.014776 0.012677 0.154618 0.987782
1646305738.927457 8.872056 3.563540 -0.241549 -0.015123 0.012484 0.154513 0.987796
1646305738.927457 8.872056 3.563540 -0.241549 -0.015123 0.012484 0.154513 0.987796
1646305738.977455 8.872547 3.562978 -0.241856 -0.014812 0.012582 0.154230 0.987844
1646305739.002454 8.872060 3.562649 -0.241638 -0.014821 0.012587 0.154476 0.987805
1646305739.027453 8.871922 3.563630 -0.241570 -0.015122 0.012563 0.154511 0.987795
1646305739.027453 8.871922 3.563630 -0.241570 -0.015122 0.012563 0.154511 0.987795
1646305739.077449 8.872452 3.562746 -0.241828 -0.014732 0.012559 0.154190 0.987852
1646305739.102448 8.872043 3.562389 -0.241550 -0.014737 0.012605 0.154440 0.987812
1646305739.127447 8.871864 3.563388 -0.241443 -0.015095 0.012519 0.154521 0.987795
1646305739.127447 8.871864 3.563388 -0.241443 -0.015095 0.012519 0.154521 0.987795
1646305739.177445 8.872270 3.562773 -0.241794 -0.014738 0.012566 0.154198 0.987850
1646305739.202444 8.871999 3.562551 -0.241431 -0.014730 0.012568 0.154408 0.987817
1646305739.227443 8.871906 3.563489 -0.241342 -0.015106 0.012539 0.154533 0.987793
1646305739.227443 8.871906 3.563489 -0.241342 -0.015106 0.012539 0.154533 0.987793
1646305739.277441 8.871703 3.562982 -0.241221 -0.014716 0.012507 0.154219 0.987848
1646305739.302440 8.870857 3.562659 -0.241041 -0.014728 0.012555 0.154411 0.987817
1646305739.327439 8.870619 3.563538 -0.241026 -0.015087 0.012526 0.154542 0.987792
1646305739.327439 8.870619 3.563538 -0.241026 -0.015087 0.012526 0.154542 0.987792
1646305739.377437 8.871130 3.563169 -0.241125 -0.014755 0.012528 0.154197 0.987851
1646305739.402436 8.870284 3.562874 -0.240946 -0.014778 0.012503 0.154418 0.987816
1646305739.427435 8.870387 3.563778 -0.240980 -0.015096 0.012469 0.154543 0.987792
1646305739.427435 8.870387 3.563778 -0.240980 -0.015096 0.012469 0.154543 0.987792
1646305739.477433 8.871372 3.562578 -0.241671 -0.016617 0.012695 0.153469 0.987932
1646305739.502432 8.871105 3.562129 -0.241529 -0.017638 0.011444 0.154020 0.987844
1646305739.527431 8.870746 3.563382 -0.241992 -0.015707 0.012886 0.153981 0.987865
1646305739.527431 8.870746 3.563382 -0.241992 -0.015707 0.012886 0.153981 0.987865
1646305739.577429 8.870116 3.563150 -0.239595 -0.014251 0.011630 0.153926 0.987911
1646305739.602428 8.869575 3.562901 -0.239197 -0.015593 0.012023 0.154288 0.987830
1646305739.627427 8.869278 3.563746 -0.239435 -0.015424 0.012722 0.154215 0.987835
1646305739.627427 8.869278 3.563746 -0.239435 -0.015424 0.012722 0.154215 0.987835
1646305739.677425 8.869435 3.562961 -0.239562 -0.015033 0.011979 0.153840 0.987909
1646305739.702424 8.869237 3.562747 -0.239479 -0.016068 0.011869 0.154257 0.987829
1646305739.727423 8.869229 3.563723 -0.239930 -0.015433 0.012722 0.154190 0.987839
1646305739.727423 8.869229 3.563723 -0.239930 -0.015433 0.012722 0.154190 0.987839
1646305739.777421 8.869561 3.562855 -0.239747 -0.014993 0.011954 0.153881 0.987903
1646305739.802420 8.869349 3.562584 -0.239689 -0.016032 0.011923 0.154244 0.987831
1646305739.827419 8.869402 3.563639 -0.240202 -0.015427 0.012704 0.154206 0.987837
1646305739.827419 8.869402 3.563639 -0.240202 -0.015427 0.012704 0.154206 0.987837
1646305739.877417 8.882160 3.585802 -0.224421 0.038236 0.024175 0.181246 0.982397
1646305739.902416 8.886436 3.593818 -0.221366 0.062402 0.029718 0.193808 0.978602
1646305739.927415 8.892194 3.604753 -0.218019 0.085932 0.035293 0.207261 0.973865
1646305739.927415 8.892194 3.604753 -0.218019 0.085932 0.035293 0.207261 0.973865
1646305739.977413 8.908368 3.632084 -0.220378 0.134422 0.046930 0.230936 0.962495
1646305740.002412 8.915325 3.650490 -0.216605 0.157680 0.052255 0.242976 0.955703
1646305740.027411 8.921459 3.671630 -0.213092 0.180903 0.057606 0.254573 0.948234
1646305740.027411 8.921459 3.671630 -0.213092 0.180903 0.057606 0.254573 0.948234
1646305740.077410 8.935238 3.735721 -0.237101 0.227305 0.070436 0.276611 0.931052
1646305740.102408 8.940228 3.768871 -0.236008 0.249685 0.076262 0.287874 0.921396
1646305740.127407 8.944005 3.805648 -0.232978 0.270647 0.081837 0.299223 0.911328
1646305740.127407 8.944005 3.805648 -0.232978 0.270647 0.081837 0.299223 0.911328
1646305740.177406 8.998570 3.950303 -0.279949 0.385437 0.126258 0.347276 0.845515
1646305740.202404 9.005742 4.012537 -0.279383 0.424105 0.134699 0.362646 0.818828
1646305740.227403 9.011468 4.081129 -0.275970 0.461709 0.142838 0.377223 0.790016
1646305740.227403 9.011468 4.081129 -0.275970 0.461709 0.142838 0.377223 0.790016
1646305740.277401 9.018743 4.273486 -0.273999 0.523219 0.156974 0.401545 0.735094
1646305740.302401 9.015043 4.364328 -0.260684 0.556373 0.164000 0.411794 0.702836
1646305740.327399 9.010775 4.460584 -0.243211 0.587117 0.170572 0.422288 0.669232
1646305740.327399 9.010775 4.460584 -0.243211 0.587117 0.170572 0.422288 0.669232
1646305740.377398 9.028175 4.652587 -0.199365 0.639194 0.180983 0.441180 0.603354
1646305740.402396 9.031015 4.764253 -0.166615 0.659411 0.183906 0.449941 0.573506
1646305740.427396 9.018645 4.881496 -0.126733 0.682992 0.188792 0.456672 0.537894
1646305740.427396 9.018645 4.881496 -0.126733 0.682992 0.188792 0.456672 0.537894
1646305740.477394 9.001936 5.140516 -0.034525 0.724513 0.198070 0.468259 0.465384
1646305740.502393 8.979566 5.272721 0.025603 0.744892 0.201685 0.471246 0.427066
1646305740.552391 8.967315 5.481222 0.024103 0.614414 0.140969 0.488240 0.603527
1646305740.577390 8.931504 5.612788 0.080455 0.609203 0.139431 0.486521 0.610514
1646305740.602389 8.890656 5.747582 0.141431 0.604189 0.137316 0.484024 0.617916
1646305740.627388 8.841944 5.882422 0.203407 0.598722 0.138296 0.481335 0.625079
1646305740.627388 8.841944 5.882422 0.203407 0.598722 0.138296 0.481335 0.625079
1646305740.677386 8.733927 6.171097 0.350612 0.588590 0.135852 0.478673 0.637164
1646305740.702385 8.647667 6.320471 0.405798 0.580040 0.134260 0.477927 0.645844
1646305740.727384 8.591548 6.479910 0.474857 0.575336 0.135055 0.475431 0.651702
1646305740.727384 8.591548 6.479910 0.474857 0.575336 0.135055 0.475431 0.651702
1646305740.777382 8.437815 6.798813 0.650919 0.563506 0.131379 0.470863 0.665949
1646305740.802381 8.347083 6.942925 0.743979 0.558588 0.128972 0.467612 0.672819
1646305740.827380 8.256857 7.106980 0.841299 0.552614 0.126375 0.465619 0.679593
1646305740.827380 8.256857 7.106980 0.841299 0.552614 0.126375 0.465619 0.679593
1646305740.877378 8.067004 7.447184 1.043506 0.540227 0.122204 0.461130 0.693239
1646305740.902377 7.970771 7.625936 1.150185 0.534664 0.121272 0.460724 0.697969
1646305740.927376 7.863366 7.801387 1.260547 0.529236 0.120683 0.458321 0.703766
1646305740.927376 7.863366 7.801387 1.260547 0.529236 0.120683 0.458321 0.703766
1646305740.977374 7.604679 8.174906 1.504706 0.511763 0.115689 0.451847 0.721491
1646305741.002373 7.550193 8.349400 1.580037 0.515086 0.118379 0.449992 0.719847
1646305741.027372 7.433166 8.532174 1.701890 0.510657 0.117602 0.446180 0.725481
1646305741.027372 7.433166 8.532174 1.701890 0.510657 0.117602 0.446180 0.725481
1646305741.077370 7.154387 8.932683 1.962982 0.498939 0.114558 0.442407 0.736351
1646305741.102369 7.020123 9.134197 2.093444 0.493329 0.113044 0.440212 0.741661
1646305741.127368 6.891628 9.331204 2.243731 0.488688 0.111232 0.437579 0.746549
1646305741.127368 6.891628 9.331204 2.243731 0.488688 0.111232 0.437579 0.746549
1646305741.177366 6.591682 9.769160 2.534762 0.479541 0.108736 0.433567 0.755140
1646305741.202365 6.535084 9.967203 2.582320 0.481863 0.110286 0.432157 0.754244
1646305741.227364 6.386259 10.174281 2.714653 0.477922 0.111331 0.428243 0.758818
1646305741.227364 6.386259 10.174281 2.714653 0.477922 0.111331 0.428243 0.758818
1646305741.277362 6.071010 10.638815 3.004104 0.469813 0.108270 0.424862 0.766189
1646305741.302361 5.913220 10.867062 3.149986 0.465880 0.106872 0.423350 0.769616
1646305741.352359 5.885680 11.593006 3.852692 0.751105 0.251984 0.469850 0.389342
1646305741.377358 5.754859 11.891613 4.061787 0.792013 0.258640 0.468721 0.293463
1646305741.402357 5.607162 12.189689 4.262021 0.817991 0.259200 0.467661 0.212131
1646305741.427356 5.478770 12.502323 4.495586 0.842897 0.260640 0.457451 0.111043
1646305741.427356 5.478770 12.502323 4.495586 0.842897 0.260640 0.457451 0.111043
1646305741.477354 5.188568 13.143440 4.997051 0.864755 0.254893 0.422799 -0.092028
1646305741.502353 5.047929 13.459104 5.261020 -0.861797 -0.248613 -0.399299 0.189889
1646305741.527352 4.906042 13.775365 5.537575 -0.850117 -0.239747 -0.371882 0.285529
1646305741.527352 4.906042 13.775365 5.537575 -0.850117 -0.239747 -0.371882 0.285529
1646305741.577350 4.606840 14.414608 6.134914 -0.801544 -0.212570 -0.304271 0.468786
1646305741.602349 4.471832 14.726567 6.445596 -0.764467 -0.196938 -0.266146 0.553148
1646305741.627348 4.334623 15.035991 6.759399 -0.721248 -0.178732 -0.227244 0.629457
1646305741.627348 4.334623 15.035991 6.759399 -0.721248 -0.178732 -0.227244 0.629457
1646305741.677346 4.057980 15.651437 7.411118 -0.613576 -0.138601 -0.141059 0.764471
1646305741.702345 3.929477 15.951533 7.741580 -0.551921 -0.116344 -0.097251 0.819993
1646305741.727345 3.807814 16.249842 8.080388 -0.486264 -0.094263 -0.053367 0.867072
1646305741.727345 3.807814 16.249842 8.080388 -0.486264 -0.094263 -0.053367 0.867072
1646305741.777342 3.581680 16.856946 8.782273 -0.326895 -0.041141 0.043208 0.943175
1646305741.802341 3.475913 17.154472 9.127190 -0.248922 -0.015390 0.089127 0.964291
1646305741.827340 3.378861 17.461003 9.478984 -0.159360 0.011240 0.135796 0.977772
1646305741.827340 3.378861 17.461003 9.478984 -0.159360 0.011240 0.135796 0.977772
1646305741.877338 3.191727 18.092197 10.188879 0.026208 0.065239 0.222041 0.972499
1646305741.902338 3.059044 18.337408 10.430011 0.028077 0.077761 0.244307 0.966167
1646305741.927337 2.963786 18.656636 10.766395 0.103097 0.103111 0.277485 0.949601
1646305741.927337 2.963786 18.656636 10.766395 0.103097 0.103111 0.277485 0.949601
1646305741.977334 2.779024 19.290331 11.447854 0.241146 0.142069 0.335166 0.899627
1646305742.002334 2.686478 19.615000 11.789487 0.309174 0.161441 0.360707 0.865008
1646305742.027333 2.593259 19.945953 12.132751 0.375277 0.178735 0.382380 0.825231
1646305742.027333 2.593259 19.945953 12.132751 0.375277 0.178735 0.382380 0.825231
1646305742.077331 2.393010 20.624533 12.834981 0.499188 0.211708 0.420960 0.727175
1646305742.102330 2.280958 20.947352 13.178599 0.553639 0.222413 0.435228 0.674235
1646305742.127329 2.177257 21.304180 13.536591 0.605256 0.234376 0.447604 0.615130
1646305742.127329 2.177257 21.304180 13.536591 0.605256 0.234376 0.447604 0.615130
1646305742.177327 1.962027 22.042288 14.274921 0.698388 0.253631 0.462057 0.484178
1646305742.202326 1.857320 22.416948 14.647840 0.737289 0.260173 0.464272 0.416133
1646305742.227325 1.742699 22.800094 15.034817 0.771411 0.265927 0.464186 0.344586
1646305742.227325 1.742699 22.800094 15.034817 0.771411 0.265927 0.464186 0.344586
1646305742.277323 1.491812 23.617738 15.879433 0.826614 0.271663 0.454900 0.189671
1646305742.302322 1.368374 24.015969 16.300095 0.845212 0.271542 0.446328 0.112574
1646305742.352320 1.116366 24.819472 17.175329 0.866656 0.266420 0.419481 -0.044310
1646305742.377319 0.986599 25.223636 17.629378 -0.868814 -0.261541 -0.402337 0.121995
1646305742.402318 0.858031 25.625993 18.091466 -0.865563 -0.253647 -0.384172 0.197171
1646305742.427317 0.728473 26.030237 18.566140 -0.856825 -0.245595 -0.362359 0.272451
1646305742.427317 0.728473 26.030237 18.566140 -0.856825 -0.245595 -0.362359 0.272451
1646305742.477315 0.500938 26.912007 19.571315 -0.820030 -0.224566 -0.303628 0.430036
1646305742.502314 0.375811 27.314904 20.079850 -0.793172 -0.211057 -0.272947 0.501830
1646305742.527313 0.251221 27.717450 20.595165 -0.760061 -0.196131 -0.240528 0.570953
1646305742.527313 0.251221 27.717450 20.595165 -0.760061 -0.196131 -0.240528 0.570953
1646305742.577311 -0.001751 28.524439 21.686299 -0.687312 -0.161043 -0.173469 0.686714
1646305742.602310 -0.120505 28.911419 22.222367 -0.645826 -0.143323 -0.141258 0.736488
1646305742.627309 -0.229985 29.288582 22.764200 -0.601886 -0.126205 -0.107564 0.781175
1646305742.627309 -0.229985 29.288582 22.764200 -0.601886 -0.126205 -0.107564 0.781175
1646305742.677307 -0.453753 30.068498 23.898756 -0.497271 -0.086637 -0.036767 0.862476
1646305742.702306 -0.553479 30.440256 24.452988 -0.441576 -0.068062 -0.001530 0.894637
1646305742.727305 -0.649998 30.818124 25.011166 -0.383992 -0.047893 0.033150 0.921498
1646305742.727305 -0.649998 30.818124 25.011166 -0.383992 -0.047893 0.033150 0.921498
1646305742.777303 -0.841329 31.583968 26.163296 -0.257785 -0.004917 0.104091 0.960566
1646305742.802302 -0.927600 31.959881 26.727510 -0.191253 0.016954 0.138116 0.971627
1646305742.827301 -1.010358 32.338830 27.297121 -0.115688 0.040003 0.174735 0.976977
1646305742.827301 -1.010358 32.338830 27.297121 -0.115688 0.040003 0.174735 0.976977
1646305742.877299 -1.174806 33.117309 28.450797 0.025004 0.083109 0.240822 0.966681
1646305742.902298 -1.242840 33.517996 29.026420 0.103474 0.106227 0.272338 0.950706
1646305742.927297 -1.320984 33.925431 29.603986 0.179087 0.127461 0.303330 0.927185
1646305742.927297 -1.320984 33.925431 29.603986 0.179087 0.127461 0.303330 0.927185
1646305742.977295 -1.473957 34.747853 30.761701 0.320072 0.165897 0.356855 0.861793
1646305743.002294 -1.547364 35.160821 31.329904 0.385792 0.181440 0.381105 0.820368
1646305743.027293 -1.627847 35.593016 31.916190 0.449679 0.197370 0.400943 0.773355
1646305743.027293 -1.627847 35.593016 31.916190 0.449679 0.197370 0.400943 0.773355
1646305743.077284 -1.789179 36.473026 33.094640 0.568591 0.225708 0.433310 0.661817
1646305743.102283 -1.870929 36.918265 33.684171 0.620268 0.236401 0.444684 0.601364
1646305743.127282 -1.957582 37.379287 34.286735 0.668881 0.246890 0.452839 0.535332
1646305743.127282 -1.957582 37.379287 34.286735 0.668881 0.246890 0.452839 0.535332
1646305743.177280 -2.157563 38.293645 35.504813 0.747890 0.259230 0.460585 0.401650
1646305743.202279 -2.253993 38.763917 36.124207 0.781216 0.264075 0.460199 0.328911
1646305743.227278 -2.356440 39.225219 36.746149 0.802688 0.261071 0.459617 0.276200
1646305743.227278 -2.356440 39.225219 36.746149 0.802688 0.261071 0.459617 0.276200
1646305743.277276 -2.568981 40.191271 38.041567 0.844241 0.263445 0.447709 0.131948
1646305743.302275 -2.678624 40.675578 38.700850 0.857807 0.262406 0.437977 0.059054
1646305743.327274 -2.791813 41.160945 39.369684 0.866471 0.259676 0.426207 -0.012016
1646305743.327274 -2.791813 41.160945 39.369684 0.866471 0.259676 0.426207 -0.012016
1646305743.377272 -3.022417 42.140910 40.748444 -0.869689 -0.250683 -0.395255 0.156756
1646305743.402271 -3.139293 42.628866 41.452822 -0.864116 -0.244020 -0.376516 0.228020
1646305743.427270 -3.256777 43.115920 42.168243 -0.853809 -0.236001 -0.355660 0.298027
1646305743.427270 -3.256777 43.115920 42.168243 -0.853809 -0.236001 -0.355660 0.298027
1646305743.477268 -3.407077 44.231569 43.645279 -0.817741 -0.221935 -0.282780 0.449532
1646305743.502267 -3.515352 44.723950 44.392391 -0.789551 -0.207007 -0.252077 0.519821
1646305743.527266 -3.623083 45.211287 45.147697 -0.755314 -0.190598 -0.219250 0.587454
1646305743.527266 -3.623083 45.211287 45.147697 -0.755314 -0.190598 -0.219250 0.587454
1646305743.577264 -3.863640 46.168123 46.712497 -0.709195 -0.161227 -0.172437 0.664314
1646305743.602263 -3.964770 46.634981 47.487701 -0.671918 -0.145163 -0.143145 0.712013
1646305743.627262 -4.067596 47.104571 48.272542 -0.638875 -0.129836 -0.117450 0.749124
1646305743.627262 -4.067596 47.104571 48.272542 -0.638875 -0.129836 -0.117450 0.749124
1646305743.677260 -4.266028 48.059481 49.920863 -0.560137 -0.097067 -0.060156 0.820491
1646305743.702259 -4.357661 48.511926 50.715505 -0.515653 -0.079747 -0.031927 0.852481
1646305743.727258 -4.445705 48.961329 51.512071 -0.469868 -0.061612 -0.003885 0.880575
1646305743.727258 -4.445705 48.961329 51.512071 -0.469868 -0.061612 -0.003885 0.880575
1646305743.777256 -4.619338 49.887052 53.176067 -0.368680 -0.024611 0.054537 0.927629
1646305743.802255 -4.695011 50.330911 53.981405 -0.315779 -0.007195 0.083598 0.945115
1646305743.827254 -4.769321 50.772798 54.788353 -0.262194 0.010928 0.113096 0.958303
1646305743.827254 -4.769321 50.772798 54.788353 -0.262194 0.010928 0.113096 0.958303
1646305743.877252 -4.917652 51.689096 56.456055 -0.149417 0.048639 0.169225 0.972971
1646305743.902251 -4.983803 52.135607 57.263769 -0.092564 0.068509 0.195312 0.973957
1646305743.927249 -5.054589 52.575739 58.064953 -0.043271 0.083392 0.219742 0.971024
1646305743.927249 -5.054589 52.575739 58.064953 -0.043271 0.083392 0.219742 0.971024
1646305743.977247 -5.186328 53.500165 59.720775 0.068935 0.117496 0.268021 0.953733
1646305744.002246 -5.249606 53.955077 60.526414 0.122762 0.133366 0.289809 0.939763
1646305744.027246 -5.313237 54.403311 61.323512 0.175643 0.148612 0.310777 0.922216
1646305744.027246 -5.313237 54.403311 61.323512 0.175643 0.148612 0.310777 0.922216
1646305744.077243 -5.446637 55.359438 62.981301 0.283378 0.178815 0.349291 0.875053
1646305744.102242 -5.524477 55.828102 63.793552 0.334399 0.193215 0.365776 0.846790
1646305744.127241 -5.595336 56.312119 64.613688 0.382542 0.205412 0.380915 0.816316
1646305744.127241 -5.595336 56.312119 64.613688 0.382542 0.205412 0.380915 0.816316
1646305744.177239 -5.743239 57.312763 66.283913 0.478565 0.229241 0.407528 0.743199
1646305744.202238 -5.811595 57.826002 67.118365 0.522704 0.237288 0.417834 0.704194
1646305744.227237 -5.894643 58.332670 67.952099 0.563374 0.246178 0.427072 0.663035
1646305744.227237 -5.894643 58.332670 67.952099 0.563374 0.246178 0.427072 0.663035
1646305744.277235 -6.065810 59.383751 69.655444 0.642019 0.262405 0.440858 0.569736
1646305744.302234 -6.154949 59.909053 70.501817 0.676921 0.269073 0.445286 0.520671
1646305744.327233 -6.250426 60.437396 71.361375 0.709979 0.275525 0.446901 0.469355
1646305744.327233 -6.250426 60.437396 71.361375 0.709979 0.275525 0.446901 0.469355
1646305744.377231 -6.451247 61.530237 73.117945 0.766929 0.285054 0.447481 0.361006
1646305744.402230 -6.555733 62.076938 73.998200 0.791182 0.287407 0.444993 0.305628
1646305744.427229 -6.669164 62.620649 74.884387 0.810111 0.287812 0.441226 0.257302
1646305744.427229 -6.669164 62.620649 74.884387 0.810111 0.287812 0.441226 0.257302
1646305744.477227 -6.899318 63.742004 76.712206 0.843989 0.287514 0.429103 0.144528
1646305744.502226 -7.017988 64.301132 77.633055 0.856397 0.285890 0.420875 0.087836
1646305744.527225 -7.139463 64.862171 78.564931 0.865860 0.283295 0.411190 0.030861
1646305744.527225 -7.139463 64.862171 78.564931 0.865860 0.283295 0.411190 0.030861
1646305744.577223 -7.391183 65.994499 80.474178 0.875874 0.275112 0.387453 -0.083898
1646305744.602222 -7.519197 66.557614 81.439928 -0.876324 -0.269618 -0.373624 0.140598
1646305744.627221 -7.648669 67.120228 82.416901 -0.873771 -0.263209 -0.358482 0.196814
1646305744.627221 -7.648669 67.120228 82.416901 -0.873771 -0.263209 -0.358482 0.196814
1646305744.677219 -7.957793 68.206403 84.350642 -0.879330 -0.234475 -0.340871 0.235812
1646305744.702218 -8.096981 68.757040 85.354472 -0.873641 -0.228414 -0.329506 0.275689
1646305744.727217 -8.432461 69.156151 86.200090 0.901990 0.225764 0.363413 -0.058105
1646305744.727217 -8.432461 69.156151 86.200090 0.901990 0.225764 0.363413 -0.058105
1646305744.777215 -8.791095 70.243160 88.321979 0.900526 0.228996 0.368509 -0.028526
1646305744.802214 -8.969147 70.758695 89.350283 0.899524 0.230479 0.370848 -0.014418
1646305744.827213 -9.186122 71.245075 90.348155 0.895381 0.230085 0.377270 0.054974
1646305744.827213 -9.186122 71.245075 90.348155 0.895381 0.230085 0.377270 0.054974
1646305744.877211 -9.594351 72.303722 92.541930 0.886655 0.234712 0.383446 0.108270
1646305744.902210 -9.798167 72.809119 93.607796 0.881545 0.236653 0.386011 0.133678
1646305744.927208 -10.023346 73.304124 94.694822 0.875180 0.242507 0.387781 0.157721
1646305744.927208 -10.023346 73.304124 94.694822 0.875180 0.242507 0.387781 0.157721
1646305744.977206 -10.477870 74.351845 96.965663 0.861158 0.245791 0.391944 0.210650
1646305745.002205 -10.705114 74.855342 98.071763 0.853494 0.247113 0.393517 0.235854
1646305745.027205 -10.914768 75.371572 99.178835 0.853419 0.250160 0.397519 0.225997
1646305745.027205 -10.914768 75.371572 99.178835 0.853419 0.250160 0.397519 0.225997
1646305745.077202 -11.409578 76.425191 101.525862 0.841737 0.251578 0.399699 0.261590
1646305745.102201 -11.656858 76.934638 102.672407 0.835672 0.252141 0.400542 0.278644
1646305745.127200 -11.931596 77.431846 103.840618 0.830804 0.250297 0.401285 0.293405
1646305745.127200 -11.931596 77.431846 103.840618 0.830804 0.250297 0.401285 0.293405
1646305745.177198 -12.472871 78.489343 106.256951 0.817290 0.251026 0.402264 0.327424
1646305745.202197 -12.743692 79.003502 107.440598 0.810354 0.251247 0.402554 0.343731
1646305745.227196 -13.018177 79.520524 108.635280 0.804134 0.251805 0.402502 0.357708
1646305745.227196 -13.018177 79.520524 108.635280 0.804134 0.251805 0.402502 0.357708
1646305745.277194 -13.604611 80.587431 111.115592 0.789121 0.251796 0.402324 0.389899
1646305745.302193 -13.898569 81.109545 112.333584 0.781262 0.249961 0.401616 0.407251
1646305745.327192 -14.198883 81.638463 113.563449 0.775887 0.245007 0.396841 0.424839
1646305745.327192 -14.198883 81.638463 113.563449 0.775887 0.245007 0.396841 0.424839
1646305745.377190 -14.844849 82.730062 116.100719 0.765645 0.239259 0.373760 0.465667
1646305745.402189 -15.271649 83.169029 117.235643 0.684014 0.213563 0.354358 0.600788
1646305745.427188 -15.620431 83.697026 118.472697 0.651485 0.217291 0.340724 0.642074
1646305745.427188 -15.620431 83.697026 118.472697 0.651485 0.217291 0.340724 0.642074
1646305745.477186 -16.374511 84.780449 121.016323 0.573119 0.228392 0.316295 0.720645
1646305745.502185 -16.770696 85.405623 122.358998 0.545561 0.237384 0.312762 0.740400
1646305745.527184 -17.177876 85.964548 123.638707 0.502736 0.240229 0.304978 0.772357
1646305745.552183 -17.574431 86.510675 124.902411 0.462153 0.240912 0.294979 0.800852
1646305745.577182 -17.976982 87.060048 126.169579 0.421782 0.239114 0.283937 0.827227
1646305745.602181 -18.386546 87.617916 127.445933 0.381684 0.235432 0.272034 0.851403
1646305745.627180 -18.799340 88.172799 128.718169 0.342324 0.229997 0.259534 0.873246
1646305745.652179 -19.216618 88.730491 129.993751 0.303468 0.222900 0.246240 0.893078
1646305745.677178 -19.639666 89.291850 131.273554 0.266322 0.215626 0.232177 0.910314
1646305745.702177 -20.067433 89.855090 132.555925 0.229996 0.209200 0.217647 0.925185
1646305745.727176 -20.499304 90.416391 133.835975 0.191672 0.204269 0.202821 0.938296
1646305745.752175 -20.946623 90.977574 135.120235 0.146894 0.198558 0.181290 0.951909
1646305745.777174 -21.388242 91.540373 136.408172 0.106331 0.197559 0.160608 0.961181
1646305745.802173 -21.833568 92.102624 137.698714 0.063661 0.197910 0.138398 0.968310
1646305745.827172 -22.282438 92.663008 138.991254 0.018957 0.198497 0.115235 0.973119
1646305745.852170 -22.743351 93.219818 140.285694 -0.031673 0.197358 0.090173 0.975661
1646305745.877169 -23.199259 93.776309 141.582658 -0.078083 0.196444 0.065140 0.975228
1646305745.902169 -23.658332 94.330938 142.881583 -0.123967 0.194827 0.039361 0.972176
1646305745.927167 -24.120488 94.883845 144.183133 -0.169012 0.192760 0.013019 0.966493
1646305745.952166 -24.586031 95.434459 145.487110 -0.213298 0.190599 -0.013405 0.958121
1646305745.977165 -24.531038 96.444929 147.535743 0.659381 0.320989 0.126637 0.667942
1646305746.002164 -24.931580 97.108193 148.912758 0.746734 0.309595 0.133347 0.573374
1646305746.027163 -25.352638 97.789308 150.220842 0.818688 0.294790 0.131132 0.475029
1646305746.052162 -25.758318 98.451196 151.581092 0.880183 0.273758 0.131303 0.364820
1646305746.077161 -26.150159 99.138218 152.977354 0.927271 0.248173 0.129391 0.248669
1646305746.102160 -26.537659 99.831943 154.383031 0.958969 0.219695 0.124153 0.129222
1646305746.127159 -26.920383 100.531191 155.798674 0.975113 0.188812 0.115935 0.008047
1646305746.152158 -27.297586 101.234145 157.224002 -0.975602 -0.155812 -0.105159 0.113425
1646305746.152158 -27.297586 101.234145 157.224002 -0.975602 -0.155812 -0.105159 0.113425
1646305746.202156 -28.066770 102.708565 160.228168 -0.926192 -0.082114 -0.076388 0.359987
1646305746.227155 -28.427816 103.415861 161.682574 -0.878843 -0.046564 -0.060428 0.470973
1646305746.252154 -28.783175 104.122237 163.144485 -0.817338 -0.011810 -0.043415 0.574400
1646305746.252154 -28.783175 104.122237 163.144485 -0.817338 -0.011810 -0.043415 0.574400
1646305746.302152 -29.504070 105.584928 166.198311 -0.651830 0.057059 -0.006278 0.756189
1646305746.327151 -29.843326 106.287469 167.674402 -0.556614 0.088385 0.011733 0.825973
1646305746.352150 -30.170375 106.991038 169.151691 -0.451356 0.119186 0.030541 0.883821
1646305746.377149 -30.500200 107.694251 170.629466 -0.338027 0.147976 0.048191 0.928180
1646305746.402148 -30.825963 108.399377 172.107065 -0.217432 0.174469 0.065088 0.958148
1646305746.427147 -31.143491 109.096690 173.579494 -0.090623 0.198380 0.079923 0.972648
1646305746.452146 -31.469964 109.808640 175.053833 0.038134 0.216678 0.095810 0.970782
1646305746.477145 -31.785257 110.526069 176.529341 0.166522 0.231247 0.110541 0.952143
1646305746.502144 -32.097279 111.250207 178.004738 0.291493 0.241144 0.124835 0.917223
1646305746.527143 -32.296445 111.983855 179.495942 0.415202 0.250851 0.132349 0.864387
1646305746.552142 -32.599534 112.722864 180.979852 0.528498 0.250563 0.144768 0.798092
1646305746.577141 -32.897824 113.473630 182.460727 0.631716 0.245431 0.156157 0.718550
1646305746.602140 -33.193372 114.234567 183.946841 0.723755 0.235606 0.165588 0.627096
1646305746.627139 -33.486112 115.005629 185.439957 0.803512 0.221229 0.172710 0.524974
1646305746.652138 -33.776673 115.786536 186.941981 0.869429 0.202591 0.177521 0.414170
1646305746.677137 -34.063344 116.575914 188.453631 0.920419 0.179906 0.179842 0.296849
1646305746.702136 -34.346676 117.372569 189.976395 0.955804 0.153349 0.179815 0.174896
1646305746.727135 -34.626485 118.174826 191.511059 0.975149 0.123362 0.177106 0.050003
1646305746.752134 -34.896474 118.981941 193.056365 -0.978097 -0.090716 -0.171025 0.076467
1646305746.777133 -35.012976 119.791938 194.574213 -0.962619 -0.050158 -0.159266 0.213266
1646305746.802131 -35.271930 120.602455 196.140703 -0.930083 -0.013260 -0.149198 0.335425
1646305746.827131 -35.527089 121.411999 197.717088 -0.881336 0.024830 -0.137906 0.451234
1646305746.852129 -35.778269 122.219361 199.301744 -0.817208 0.063644 -0.125116 0.558987
1646305746.877128 -36.042502 123.022289 200.896193 -0.739243 0.102371 -0.111135 0.656269
1646305746.902128 -36.275118 123.828904 202.493897 -0.646357 0.140387 -0.094317 0.744056
1646305746.927126 -36.515194 124.629191 204.092528 -0.541058 0.174757 -0.074461 0.819251
1646305746.952125 -36.755268 125.427062 205.697072 -0.425388 0.203976 -0.052966 0.880133
1646305746.977124 -36.981747 126.227226 207.297490 -0.301674 0.228950 -0.029504 0.925043
1646305747.002123 -37.210530 127.027734 208.897297 -0.173444 0.249188 -0.005149 0.952783
1646305747.027122 -39.425430 127.298046 210.223040 -0.161885 0.244187 0.066617 0.953797
1646305747.052124 -39.848066 128.032092 211.815425 -0.067004 0.263957 0.085973 0.958356
1646305747.077123 -40.192925 128.791112 213.424258 0.032329 0.282394 0.100933 0.953426
1646305747.102122 -40.536714 129.553903 215.033997 0.132139 0.298367 0.114798 0.938263
1646305747.127121 -40.929315 130.304227 216.630939 0.226170 0.311878 0.127335 0.913983
1646305747.152120 -41.276823 131.077554 218.248174 0.323112 0.321635 0.137959 0.879271
1646305747.177119 -41.624790 131.854760 219.862302 0.417068 0.326026 0.147014 0.835553
1646305747.202118 -41.973691 132.638856 221.479337 0.507108 0.325926 0.153868 0.782903
1646305747.227117 -42.325601 133.430382 223.100396 0.591913 0.321940 0.158594 0.721694
1646305747.252116 -42.683588 134.228374 224.725445 0.668793 0.315050 0.161921 0.653636
1646305747.277115 -43.036434 135.035582 226.358869 0.739260 0.303724 0.165314 0.577856
1646305747.302114 -43.390444 135.850087 227.999654 0.801430 0.289161 0.167348 0.496076
1646305747.327113 -43.745697 136.671645 229.649417 0.854881 0.271482 0.166905 0.409414
1646305747.352112 -44.101044 137.500124 231.309058 0.899426 0.250764 0.162831 0.318806
1646305747.377111 -44.466413 138.328079 232.981853 0.934207 0.228215 0.154884 0.226245
1646305747.402110 -44.823053 139.165668 234.664387 0.959601 0.202349 0.146671 0.129261
1646305747.427109 -45.179375 140.006376 236.358601 0.974574 0.174107 0.137852 0.029807
1646305747.452108 -45.533652 140.850445 238.063916 -0.978768 -0.143410 -0.128373 0.070482
1646305747.477107 -45.871166 141.704292 239.780927 -0.972055 -0.107810 -0.118640 0.171496
1646305747.502106 -46.222953 142.549146 241.509837 -0.954261 -0.073224 -0.107144 0.269339
1646305747.527105 -46.572559 143.392823 243.249297 -0.925341 -0.037329 -0.094520 0.365263
1646305747.552104 -46.917873 144.236848 244.998566 -0.885272 -0.000834 -0.080889 0.457985
1646305747.577103 -47.260199 145.082055 246.760601 -0.834565 0.036600 -0.066228 0.545688
1646305747.602102 -47.601667 145.918500 248.526663 -0.774407 0.073401 -0.050730 0.626365
1646305747.627100 -47.940517 146.751403 250.299730 -0.705894 0.109250 -0.034627 0.698985
1646305747.652099 -48.275539 147.580678 252.076076 -0.630271 0.143675 -0.018189 0.762749
1646305747.677099 -48.604663 148.408932 253.863735 -0.548551 0.176513 -0.004341 0.817261
1646305747.702097 -48.928985 149.234846 255.653680 -0.460461 0.206068 0.011538 0.863353
1646305747.727097 -49.259325 150.053289 257.441346 -0.368582 0.233684 0.029165 0.899271
1646305747.752095 -49.595615 150.871239 259.230010 -0.272720 0.260831 0.047485 0.924844
1646305747.777094 -49.925941 151.686125 261.021173 -0.173964 0.284735 0.067444 0.940273
1646305747.802093 -50.256080 152.501473 262.812111 -0.072788 0.305445 0.088151 0.945323
1646305747.827092 -50.587095 153.322927 264.614898 0.026437 0.322765 0.108350 0.939885
1646305747.852091 -50.916048 154.141992 266.402628 0.128652 0.335859 0.126842 0.924423
1646305747.877090 -51.249405 154.963806 268.192773 0.231514 0.342067 0.144898 0.899108
1646305747.902089 -51.548636 155.808752 269.966706 0.332843 0.343446 0.157396 0.863994
1646305747.927088 -51.878810 156.645416 271.761182 0.432742 0.340245 0.170923 0.817161
1646305747.952087 -52.196693 157.491783 273.567642 0.529245 0.332032 0.183915 0.758834
1646305747.977086 -52.540144 158.335359 275.362271 0.614824 0.323600 0.195677 0.692088
1646305748.002085 -52.880141 159.191291 277.166463 0.691298 0.313039 0.205773 0.617876
1646305748.027084 -53.228097 160.057317 278.976410 0.758794 0.299492 0.213271 0.537636
1646305748.052083 -53.517282 160.896410 280.787858 0.823343 0.279920 0.217001 0.443466
1646305748.077082 -54.491917 162.096322 282.586903 0.817177 0.301297 0.240598 0.428432
1646305748.102081 -54.887340 162.979820 284.422285 0.851027 0.292655 0.240247 0.363849
1646305748.127080 -55.380886 163.894797 286.260344 0.872632 0.286517 0.242339 0.312559
1646305748.152079 -55.788163 164.778142 288.114356 0.897927 0.273588 0.241260 0.246313
1646305748.177078 -56.197579 165.664256 289.978692 0.918587 0.258478 0.239891 0.178437
1646305748.202077 -56.608880 166.552557 291.853716 0.934457 0.241709 0.237660 0.109016
1646305748.227076 -57.021957 167.442576 293.739822 0.945335 0.223769 0.234046 0.038613
1646305748.252075 -57.432219 168.332715 295.637783 0.951250 0.204605 0.228332 -0.033540
1646305748.277074 -57.717042 169.203900 297.541669 -0.952201 -0.169739 -0.214703 0.135665
1646305748.302073 -58.145235 170.104074 299.465356 -0.945050 -0.153092 -0.206293 0.202205
1646305748.327072 -58.557303 170.995592 301.398441 -0.933225 -0.132317 -0.195227 0.271053
1646305748.352071 -58.969929 171.884620 303.341976 -0.916510 -0.111127 -0.183169 0.337801
1646305748.377070 -59.360079 172.763447 305.284617 -0.893761 -0.090623 -0.169008 0.405481
1646305748.402069 -59.707823 173.646311 307.238269 -0.862583 -0.069233 -0.151067 0.477844
1646305748.427068 -60.116745 174.525178 309.214001 -0.829946 -0.050743 -0.132789 0.539427
1646305748.452067 -60.524326 175.399114 311.198492 -0.792756 -0.032287 -0.112050 0.598281
1646305748.477066 -60.889764 176.263716 313.214236 -0.749978 -0.011081 -0.090156 0.655197
1646305748.502065 -61.284186 177.127765 315.219912 -0.703855 0.010446 -0.065822 0.707210
1646305748.527064 -61.690055 177.986272 317.229134 -0.653637 0.032627 -0.040967 0.754994
1646305748.552063 -62.101810 178.841533 319.248094 -0.599134 0.053920 -0.016524 0.798660
1646305748.577062 -62.507507 179.689999 321.268143 -0.541305 0.077485 0.005112 0.837233
1646305748.602061 -62.912335 180.533975 323.292630 -0.481291 0.101750 0.024970 0.870277
1646305748.627059 -63.315543 181.370961 325.323539 -0.418596 0.126287 0.043342 0.898304
1646305748.652058 -63.719597 182.207769 327.352061 -0.354548 0.150275 0.061967 0.920801
1646305748.677058 -64.122958 183.041414 329.384937 -0.288370 0.173928 0.080417 0.938150
1646305748.702056 -64.526688 183.872772 331.419091 -0.219870 0.196819 0.099305 0.950294
1646305748.727056 -64.932499 184.707917 333.452396 -0.147757 0.218709 0.119493 0.957108
1646305748.752054 -65.335984 185.537514 335.488815 -0.076062 0.239009 0.139191 0.957975
1646305748.777053 -65.741858 186.366604 337.525242 -0.003379 0.257776 0.159058 0.953017
1646305748.802052 -66.149387 187.196271 339.561976 0.070219 0.274333 0.178689 0.942274
1646305748.827051 -66.552168 188.020092 341.590176 0.145695 0.285181 0.200424 0.925891
1646305748.852050 -66.959832 188.853135 343.628611 0.219636 0.298174 0.217217 0.903144
1646305748.877049 -67.371874 189.688410 345.665784 0.291486 0.308930 0.232814 0.874869
1646305748.902048 -67.788990 190.528013 347.704712 0.361089 0.316997 0.247230 0.841430
1646305748.927047 -68.210584 191.371970 349.746026 0.428794 0.322429 0.259786 0.802924
1646305748.952046 -68.637044 192.219875 351.791779 0.494423 0.325954 0.270511 0.759028
1646305748.977045 -69.060557 193.077430 353.845928 0.557580 0.327923 0.279130 0.709688
1646305749.002044 -69.493606 193.937158 355.898878 0.616569 0.328698 0.285414 0.656002
1646305749.027043 -69.930537 194.802089 357.958060 0.671199 0.328027 0.288528 0.598867
1646305749.052042 -70.370304 195.674940 360.026163 0.721327 0.325299 0.289212 0.538725
1646305749.077041 -70.821427 196.550581 362.097379 0.766007 0.320945 0.287607 0.476980
1646305749.102040 -71.270023 197.430049 364.179771 0.806508 0.314563 0.284471 0.411911
1646305749.127039 -71.721620 198.313352 366.271749 0.842522 0.306105 0.280678 0.343039
1646305749.152038 -72.175672 199.199962 368.373784 0.873596 0.295457 0.276294 0.270548
1646305749.177037 -72.631862 200.089465 370.486226 0.899195 0.282578 0.270931 0.195432
1646305749.202036 -73.089895 200.981449 372.609308 0.918887 0.267834 0.264268 0.118635
1646305749.227035 -73.549597 201.875420 374.743336 0.932391 0.251955 0.255921 0.040877
1646305749.252034 -74.010894 202.770794 376.888543 0.939559 0.235403 0.245864 -0.036945
1646305749.277033 -74.456024 203.657273 379.047899 -0.940760 -0.217539 -0.233193 0.115190
1646305749.302032 -74.919348 204.553075 381.216539 -0.935970 -0.200292 -0.218970 0.189462
