# timestamp tx ty tz qx qy qz qw
1646305719.128250 -0.001301 0.000503 -0.000277 -0.000049 -0.000156 0.000106 1.000000
1646305719.203247 -0.001182 0.000428 -0.000574 0.000001 -0.000111 0.000101 1.000000
1646305719.228246 -0.002520 -0.000400 -0.000030 0.000014 -0.000089 0.000136 1.000000
1646305719.253245 -0.002047 -0.000404 -0.000002 -0.000023 -0.000014 0.000149 1.000000
1646305719.278244 -0.001686 -0.000480 -0.000124 -0.000102 -0.000065 -0.000042 1.000000
1646305719.303243 -0.000129 -0.000172 0.000006 -0.000131 -0.000021 -0.000083 1.000000
1646305719.328242 0.006644 -0.002723 -0.002249 -0.000712 0.002542 -0.000605 0.999996
1646305719.353241 0.007369 -0.002961 -0.002050 -0.000555 0.001835 -0.000318 0.999998
1646305719.378240 0.020633 -0.020004 -0.004404 -0.000558 0.004201 0.000228 0.999991
1646305719.403239 0.021299 -0.022561 -0.005844 -0.000285 0.004645 -0.000206 0.999989
1646305719.428238 0.023343 -0.024226 -0.007503 -0.000914 0.009126 -0.001542 0.999957
1646305719.453237 0.025891 -0.027094 -0.010944 -0.001989 0.005061 -0.001125 0.999985
1646305719.478236 0.026071 -0.029747 -0.012766 0.000161 0.004336 0.000779 0.999990
1646305719.503235 0.026077 -0.033216 -0.014494 0.000601 0.005551 0.000113 0.999984
1646305719.528234 0.031830 -0.035325 -0.019954 -0.001021 0.011495 -0.002346 0.999931
1646305719.553233 0.034647 -0.038165 -0.024258 -0.003137 0.006440 -0.001421 0.999973
1646305719.578232 0.038565 -0.040730 -0.027175 0.000236 0.006321 0.000455 0.999980
1646305719.603231 0.039006 -0.043707 -0.029803 0.000842 0.007642 0.000716 0.999970
1646305719.628230 0.040844 -0.043498 -0.031478 -0.001145 0.011435 -0.002713 0.999930
1646305719.653229 0.042068 -0.045594 -0.034923 -0.002878 0.008343 -0.001604 0.999960
1646305719.678228 0.043046 -0.046571 -0.035905 0.000148 0.007496 0.000158 0.999972
1646305719.703227 0.042709 -0.048790 -0.039155 0.000811 0.010774 0.000392 0.999942
1646305719.728226 0.043322 -0.047700 -0.038375 -0.001258 0.012658 -0.002971 0.999915
1646305719.753225 0.042985 -0.048587 -0.039965 -0.002780 0.008616 -0.001728 0.999958
1646305719.778224 0.043098 -0.048597 -0.040128 -0.000249 0.008665 0.000061 0.999962
1646305719.803223 0.041323 -0.048823 -0.039903 0.000569 0.009958 0.000457 0.999950
1646305719.828222 0.039707 -0.045945 -0.037336 -0.001254 0.011607 -0.002774 0.999928
1646305719.853221 0.039262 -0.045481 -0.036892 -0.002611 0.008366 -0.001589 0.999960
1646305719.878220 0.038265 -0.044992 -0.035853 -0.000324 0.008475 -0.000010 0.999964
1646305719.903219 0.036085 -0.044079 -0.034391 0.000215 0.009303 0.000238 0.999957
1646305719.928218 0.034026 -0.040485 -0.031089 -0.001168 0.010743 -0.002327 0.999939
1646305719.953217 0.035271 -0.040282 -0.030360 -0.002416 0.007918 -0.001433 0.999965
1646305719.978216 0.034128 -0.040183 -0.029086 -0.000385 0.008599 -0.000140 0.999963
1646305720.003215 0.032789 -0.039330 -0.027406 -0.000087 0.009044 0.000093 0.999959
1646305720.028214 0.030963 -0.036850 -0.025987 -0.001088 0.010444 -0.002056 0.999943
1646305720.053213 0.033219 -0.036975 -0.025554 -0.002291 0.007826 -0.001324 0.999966
1646305720.078212 0.032736 -0.037475 -0.024645 -0.000521 0.008601 -0.000192 0.999963
1646305720.103211 0.031605 -0.037231 -0.023574 -0.000329 0.008830 0.000030 0.999961
1646305720.128211 0.029736 -0.035156 -0.022455 -0.001031 0.010223 -0.001996 0.999945
1646305720.153209 0.032520 -0.035967 -0.022927 -0.002149 0.007703 -0.001299 0.999967
1646305720.178209 0.032290 -0.037042 -0.022768 -0.000607 0.008543 -0.000224 0.999963
1646305720.203207 0.031585 -0.037347 -0.022040 -0.000437 0.008833 0.000123 0.999961
1646305720.228207 0.030705 -0.036448 -0.022341 -0.001026 0.010440 -0.002067 0.999943
1646305720.253206 0.032889 -0.037359 -0.023080 -0.002169 0.007832 -0.001242 0.999966
1646305720.278204 0.032847 -0.038128 -0.023301 -0.000549 0.008559 -0.000144 0.999963
1646305720.303204 0.032198 -0.038551 -0.022996 -0.000378 0.008839 0.000210 0.999961
1646305720.328202 0.030633 -0.036911 -0.022788 -0.001029 0.010328 -0.002053 0.999944
1646305720.353202 0.032638 -0.037688 -0.023643 -0.002153 0.007790 -0.001233 0.999967
1646305720.378201 0.032513 -0.038386 -0.023828 -0.000590 0.008480 -0.000177 0.999964
1646305720.403199 0.032041 -0.039038 -0.023979 -0.000324 0.008772 0.000188 0.999961
1646305720.428199 0.030302 -0.036837 -0.023612 -0.001035 0.010181 -0.002011 0.999946
1646305720.453198 0.032231 -0.037664 -0.024342 -0.002164 0.007740 -0.001259 0.999967
1646305720.478197 0.031882 -0.037968 -0.024118 -0.000595 0.008469 -0.000224 0.999964
1646305720.503196 0.031117 -0.038312 -0.023915 -0.000480 0.008640 0.000067 0.999963
1646305720.528195 0.029771 -0.036713 -0.023740 -0.001053 0.010146 -0.001980 0.999946
1646305720.553194 0.031680 -0.037589 -0.024292 -0.002121 0.007709 -0.001193 0.999967
1646305720.578193 0.031495 -0.037730 -0.023803 -0.000602 0.008473 -0.000222 0.999964
1646305720.603192 0.031046 -0.038139 -0.023591 -0.000374 0.008694 0.000289 0.999962
1646305720.628191 0.029202 -0.036096 -0.022861 -0.001030 0.010076 -0.001921 0.999947
1646305720.653190 0.031447 -0.036898 -0.023449 -0.002109 0.007683 -0.001200 0.999968
1646305720.678189 0.031344 -0.037039 -0.023078 -0.000611 0.008458 -0.000249 0.999964
1646305720.703188 0.030911 -0.037320 -0.022797 -0.000424 0.008680 0.000273 0.999962
1646305720.728187 0.029196 -0.035728 -0.022388 -0.001030 0.010144 -0.001949 0.999946
1646305720.753186 0.031303 -0.036681 -0.023043 -0.002091 0.007676 -0.001156 0.999968
1646305720.778185 0.031135 -0.036893 -0.022793 -0.000617 0.008475 -0.000223 0.999964
1646305720.803184 0.030683 -0.037401 -0.022677 -0.000460 0.008655 0.000156 0.999962
1646305720.828183 0.029168 -0.035533 -0.022239 -0.001028 0.010082 -0.001950 0.999947
1646305720.853182 0.031155 -0.036447 -0.022954 -0.002082 0.007700 -0.001174 0.999967
1646305720.878181 0.031043 -0.036718 -0.022799 -0.000613 0.008491 -0.000242 0.999964
1646305720.903180 0.030333 -0.037112 -0.022653 -0.000466 0.008714 0.000154 0.999962
1646305720.928179 0.028865 -0.035447 -0.022195 -0.001024 0.010014 -0.001921 0.999947
1646305720.953178 0.030843 -0.036405 -0.022919 -0.002076 0.007656 -0.001147 0.999968
1646305720.978177 0.030726 -0.036768 -0.022683 -0.000623 0.008479 -0.000231 0.999964
1646305721.003176 0.030278 -0.037324 -0.022657 -0.000473 0.008672 0.000157 0.999962
1646305721.028175 0.028830 -0.035665 -0.022162 -0.001011 0.010036 -0.001914 0.999947
1646305721.053178 0.030810 -0.036503 -0.022758 -0.002070 0.007666 -0.001140 0.999968
1646305721.078177 0.030613 -0.036507 -0.022496 -0.000646 0.008432 -0.000229 0.999964
1646305721.103176 0.029985 -0.036849 -0.022345 -0.000454 0.008658 0.000233 0.999962
1646305721.128175 0.028490 -0.035109 -0.021824 -0.001021 0.009955 -0.001867 0.999948
1646305721.153174 0.030572 -0.035953 -0.022424 -0.002063 0.007639 -0.001133 0.999968
1646305721.178173 0.030424 -0.035965 -0.022149 -0.000655 0.008416 -0.000248 0.999964
1646305721.203172 0.029780 -0.036230 -0.021928 -0.000483 0.008627 0.000146 0.999963
1646305721.228171 0.028331 -0.034695 -0.021481 -0.001005 0.009921 -0.001884 0.999949
1646305721.253170 0.030482 -0.035683 -0.022154 -0.002038 0.007667 -0.001125 0.999968
1646305721.278169 0.030306 -0.035958 -0.021875 -0.000647 0.008446 -0.000273 0.999964
1646305721.303168 0.029726 -0.036252 -0.021753 -0.000471 0.008612 0.000225 0.999963
1646305721.328167 0.028263 -0.034972 -0.021482 -0.001018 0.009947 -0.001873 0.999948
1646305721.353166 0.030261 -0.035910 -0.022019 -0.002050 0.007674 -0.001106 0.999968
1646305721.378165 0.030204 -0.036287 -0.022008 -0.000656 0.008466 -0.000270 0.999964
1646305721.403164 0.029685 -0.036544 -0.021822 -0.000482 0.008722 0.000129 0.999962
1646305721.428163 0.028237 -0.034923 -0.021491 -0.001015 0.009969 -0.001834 0.999948
1646305721.453162 0.030269 -0.035770 -0.021997 -0.002044 0.007668 -0.001089 0.999968
1646305721.478161 0.030021 -0.036024 -0.021702 -0.000653 0.008423 -0.000269 0.999964
1646305721.503160 0.029272 -0.036046 -0.021565 -0.000470 0.008531 0.000011 0.999963
1646305721.528160 0.028048 -0.034932 -0.021580 -0.001016 0.009949 -0.001853 0.999948
1646305721.553159 0.030155 -0.035888 -0.022164 -0.002075 0.007661 -0.001093 0.999968
1646305721.578158 0.030063 -0.036328 -0.022003 -0.000646 0.008424 -0.000267 0.999964
1646305721.603157 0.029597 -0.036126 -0.021965 -0.000459 0.008569 0.000059 0.999963
1646305721.628156 0.028174 -0.034548 -0.021524 -0.001024 0.009916 -0.001829 0.999949
1646305721.653155 0.030204 -0.035483 -0.022080 -0.002044 0.007665 -0.001078 0.999968
1646305721.678154 0.030170 -0.036125 -0.022083 -0.000648 0.008401 -0.000256 0.999964
1646305721.703153 0.029630 -0.035837 -0.021997 -0.000466 0.008563 0.000038 0.999963
1646305721.728152 0.028493 -0.034746 -0.022059 -0.001026 0.009916 -0.001853 0.999949
1646305721.753151 0.030435 -0.035588 -0.022360 -0.002055 0.007647 -0.001115 0.999968
1646305721.778150 0.030344 -0.036233 -0.022232 -0.000642 0.008414 -0.000250 0.999964
1646305721.803149 0.029660 -0.036143 -0.022445 -0.000451 0.008571 0.000021 0.999963
1646305721.828148 0.028265 -0.034651 -0.021863 -0.001027 0.009918 -0.001867 0.999949
1646305721.853147 0.030167 -0.035536 -0.022257 -0.002040 0.007646 -0.001126 0.999968
1646305721.878146 0.030013 -0.035801 -0.021729 -0.000660 0.008421 -0.000271 0.999964
1646305721.903145 0.029261 -0.035693 -0.021593 -0.000497 0.008532 -0.000029 0.999963
1646305721.928144 0.027864 -0.034305 -0.021313 -0.001019 0.009904 -0.001834 0.999949
1646305721.953143 0.030023 -0.035322 -0.021831 -0.002038 0.007638 -0.001090 0.999968
1646305721.978142 0.029903 -0.035681 -0.021569 -0.000661 0.008413 -0.000265 0.999964
1646305722.003142 0.029188 -0.035864 -0.021591 -0.000464 0.008481 0.000010 0.999964
1646305722.028141 0.027973 -0.034490 -0.021361 -0.001011 0.009913 -0.001839 0.999949
1646305722.053140 0.029881 -0.035421 -0.021935 -0.002043 0.007624 -0.001081 0.999968
1646305722.078139 0.029807 -0.035819 -0.021734 -0.000664 0.008401 -0.000263 0.999964
1646305722.103138 0.029099 -0.035681 -0.021695 -0.000473 0.008520 0.000094 0.999964
1646305722.128137 0.027788 -0.034293 -0.021374 -0.001011 0.009906 -0.001797 0.999949
1646305722.153136 0.029808 -0.035283 -0.021995 -0.002026 0.007614 -0.001055 0.999968
1646305722.178135 0.029793 -0.035564 -0.021820 -0.000656 0.008407 -0.000275 0.999964
1646305722.203134 0.029264 -0.035754 -0.021625 -0.000508 0.008612 0.000081 0.999963
1646305722.228133 0.027897 -0.034400 -0.021300 -0.001011 0.009906 -0.001803 0.999949
1646305722.253132 0.029931 -0.035371 -0.021820 -0.002042 0.007639 -0.001086 0.999968
1646305722.278131 0.029765 -0.035597 -0.021447 -0.000663 0.008433 -0.000257 0.999964
1646305722.303130 0.029242 -0.035729 -0.021320 -0.000492 0.008616 0.000102 0.999963
1646305722.328129 0.028000 -0.034481 -0.021432 -0.001010 0.009887 -0.001858 0.999949
1646305722.353128 0.029976 -0.035391 -0.021890 -0.002032 0.007621 -0.001084 0.999968
1646305722.378127 0.029860 -0.036035 -0.021813 -0.000662 0.008416 -0.000267 0.999964
1646305722.403126 0.029549 -0.036544 -0.022098 -0.000486 0.008569 0.000073 0.999963
1646305722.428125 0.028109 -0.034921 -0.021633 -0.001008 0.009869 -0.001852 0.999949
1646305722.453125 0.029965 -0.035754 -0.022144 -0.002027 0.007639 -0.001065 0.999968
1646305722.478123 0.029864 -0.036193 -0.021997 -0.000662 0.008422 -0.000270 0.999964
1646305722.503123 0.029717 -0.036378 -0.022017 -0.000425 0.008518 0.000142 0.999964
1646305722.528121 0.028280 -0.035539 -0.021765 -0.001013 0.009874 -0.001784 0.999949
1646305722.553121 0.029908 -0.036174 -0.022257 -0.002018 0.007642 -0.001075 0.999968
1646305722.578120 0.029752 -0.036283 -0.021794 -0.000660 0.008402 -0.000279 0.999964
1646305722.603119 0.029535 -0.036491 -0.021749 -0.000468 0.008549 0.000113 0.999963
1646305722.628118 0.028187 -0.035646 -0.021420 -0.001003 0.009857 -0.001804 0.999949
1646305722.653117 0.029981 -0.036414 -0.021980 -0.002020 0.007632 -0.001057 0.999968
1646305722.678116 0.029829 -0.036569 -0.021869 -0.000655 0.008395 -0.000268 0.999965
1646305722.703115 0.029724 -0.036853 -0.021971 -0.000465 0.008484 0.000119 0.999964
1646305722.728114 0.028312 -0.035993 -0.021801 -0.001022 0.009859 -0.001821 0.999949
1646305722.753113 0.029954 -0.036634 -0.022195 -0.002024 0.007639 -0.001061 0.999968
1646305722.778112 0.029768 -0.036513 -0.021669 -0.000648 0.008425 -0.000254 0.999964
1646305722.803111 0.029500 -0.036841 -0.021914 -0.000448 0.008539 0.000108 0.999963
1646305722.828110 0.028049 -0.036062 -0.021656 -0.001002 0.009834 -0.001765 0.999950
1646305722.853109 0.029731 -0.036748 -0.022061 -0.002024 0.007640 -0.001030 0.999968
1646305722.878108 0.029564 -0.036652 -0.021594 -0.000660 0.008399 -0.000266 0.999964
1646305722.903107 0.029337 -0.036902 -0.021449 -0.000469 0.008549 0.000083 0.999963
1646305722.928107 0.027886 -0.036051 -0.021171 -0.001004 0.009864 -0.001800 0.999949
1646305722.953105 0.029667 -0.036539 -0.021700 -0.002016 0.007643 -0.001060 0.999968
1646305722.978105 0.029559 -0.036528 -0.021702 -0.000669 0.008400 -0.000275 0.999964
1646305723.003103 0.029358 -0.036630 -0.021562 -0.000474 0.008561 0.000103 0.999963
1646305723.028103 0.027825 -0.036004 -0.021724 -0.001009 0.009793 -0.001718 0.999950
1646305723.053102 0.029495 -0.036513 -0.022147 -0.002003 0.007622 -0.001025 0.999968
1646305723.078101 0.029398 -0.036326 -0.021677 -0.000657 0.008406 -0.000267 0.999964
1646305723.103100 0.029201 -0.036430 -0.021649 -0.000539 0.008541 -0.000023 0.999963
1646305723.128099 0.027539 -0.035606 -0.021595 -0.001004 0.009854 -0.001715 0.999949
1646305723.153098 0.029556 -0.036288 -0.022133 -0.002036 0.007617 -0.001066 0.999968
1646305723.178097 0.029403 -0.036372 -0.021665 -0.000674 0.008412 -0.000273 0.999964
1646305723.203096 0.029053 -0.036455 -0.021462 -0.000501 0.008534 0.000034 0.999963
1646305723.228095 0.027747 -0.035712 -0.021337 -0.000992 0.009804 -0.001778 0.999950
1646305723.253094 0.029642 -0.036347 -0.021937 -0.002012 0.007627 -0.001052 0.999968
1646305723.278093 0.029619 -0.036289 -0.021542 -0.000669 0.008382 -0.000288 0.999965
1646305723.303092 0.029360 -0.036265 -0.021350 -0.000476 0.008517 0.000066 0.999964
1646305723.328091 0.028178 -0.035850 -0.021906 -0.001027 0.009803 -0.001826 0.999950
1646305723.353090 0.029738 -0.036521 -0.022305 -0.002034 0.007632 -0.001055 0.999968
1646305723.378089 0.029668 -0.036490 -0.021911 -0.000657 0.008396 -0.000269 0.999965
1646305723.403088 0.029295 -0.036593 -0.021717 -0.000475 0.008566 0.000073 0.999963
1646305723.428087 0.027814 -0.035979 -0.021661 -0.001017 0.009855 -0.001757 0.999949
1646305723.453087 0.029738 -0.036672 -0.022203 -0.002009 0.007623 -0.001048 0.999968
1646305723.478086 0.029669 -0.036354 -0.021709 -0.000661 0.008395 -0.000267 0.999965
1646305723.503084 0.029334 -0.036455 -0.021535 -0.000493 0.008504 -0.000003 0.999964
1646305723.528084 0.027884 -0.035716 -0.021514 -0.001008 0.009850 -0.001785 0.999949
1646305723.553083 0.029922 -0.036507 -0.022166 -0.001999 0.007641 -0.001055 0.999968
1646305723.578082 0.029766 -0.036315 -0.021757 -0.000660 0.008387 -0.000262 0.999965
1646305723.603081 0.029324 -0.036349 -0.021592 -0.000473 0.008455 0.000047 0.999964
1646305723.628080 0.027875 -0.035314 -0.021511 -0.001021 0.009800 -0.001700 0.999950
1646305723.653079 0.027741 -0.035670 -0.019306 -0.001989 0.007714 -0.000892 0.999968
1646305723.678078 0.028488 -0.035064 -0.018553 -0.001024 0.008344 -0.000366 0.999965
1646305723.703077 0.028520 -0.036464 -0.019561 -0.002237 0.008170 -0.001467 0.999963
1646305723.728076 0.025788 -0.037278 -0.024724 -0.001453 0.011138 -0.005829 0.999920
1646305723.753075 0.027375 -0.039710 -0.033490 -0.003716 0.014603 -0.008169 0.999853
1646305723.778074 0.026620 -0.041194 -0.048044 -0.005439 0.023546 -0.010442 0.999653
1646305723.803073 0.024214 -0.043125 -0.065266 -0.007124 0.035238 -0.012212 0.999279
1646305723.828072 0.020748 -0.044841 -0.085858 -0.006104 0.049414 -0.016212 0.998628
1646305723.853071 0.024813 -0.047987 -0.109306 -0.005449 0.058983 -0.017170 0.998096
1646305723.878070 0.024361 -0.047285 -0.137528 -0.004978 0.062378 -0.017693 0.997883
1646305723.903069 0.026082 -0.046411 -0.166378 -0.002628 0.060376 -0.017014 0.998027
1646305723.953068 0.034463 -0.036340 -0.229057 0.008722 0.042472 -0.010430 0.999005
1646305723.978066 0.039012 -0.027936 -0.263277 0.017129 0.031231 -0.003687 0.999359
1646305724.003066 0.043649 -0.018435 -0.298949 0.028512 0.020509 0.005065 0.999370
1646305724.053060 0.055786 0.009523 -0.374343 0.062300 0.005572 0.026329 0.997695
1646305724.078059 0.059355 0.025418 -0.411026 0.081237 0.001419 0.039705 0.995903
1646305724.103058 0.061971 0.042056 -0.450163 0.098175 0.000311 0.054065 0.993699
1646305724.128057 0.063807 0.058377 -0.486794 0.116216 0.000038 0.066882 0.990970
1646305724.153056 0.068972 0.074024 -0.526958 0.130556 0.006817 0.080713 0.988127
1646305724.178056 0.071675 0.091335 -0.561323 0.142932 0.013267 0.093228 0.985243
1646305724.203054 0.073895 0.108912 -0.597483 0.153244 0.020546 0.105320 0.982345
1646305724.228054 0.076620 0.126957 -0.632608 0.161859 0.028992 0.116024 0.979540
1646305724.253053 0.083107 0.143800 -0.664897 0.169851 0.036027 0.125498 0.976782
1646305724.278052 0.087559 0.163209 -0.692790 0.178158 0.043298 0.132934 0.974019
1646305724.303051 0.092326 0.182787 -0.719960 0.185450 0.050054 0.138716 0.971525
1646305724.328050 0.098414 0.202993 -0.745158 0.190597 0.055607 0.141997 0.969751
1646305724.353049 0.106597 0.222608 -0.767854 0.193247 0.059590 0.142777 0.968875
1646305724.378048 0.114592 0.243673 -0.787483 0.193257 0.062477 0.142738 0.968697
1646305724.403047 0.122634 0.264457 -0.805169 0.190861 0.064501 0.143202 0.968971
1646305724.428046 0.131749 0.286352 -0.820280 0.187837 0.065561 0.144567 0.969288
1646305724.453045 0.142637 0.307748 -0.832957 0.186293 0.066382 0.145620 0.969373
1646305724.478044 0.151745 0.331344 -0.843259 0.185903 0.066202 0.146896 0.969267
1646305724.503043 0.161191 0.355089 -0.851275 0.184467 0.065496 0.149254 0.969229
1646305724.528042 0.170660 0.381105 -0.855984 0.182380 0.063141 0.153565 0.969107
1646305724.553041 0.182482 0.406684 -0.860941 0.178856 0.060790 0.158661 0.969093
1646305724.578040 0.191981 0.432952 -0.864296 0.173211 0.056621 0.165863 0.969165
1646305724.603039 0.202126 0.460862 -0.865688 0.163967 0.051830 0.175787 0.969292
1646305724.628038 0.213554 0.490388 -0.863607 0.149477 0.045755 0.188725 0.969508
1646305724.653037 0.226342 0.520290 -0.863364 0.131204 0.041014 0.201955 0.969700
1646305724.678036 0.235637 0.551274 -0.862491 0.110802 0.035195 0.216335 0.969373
1646305724.703036 0.244806 0.584663 -0.859930 0.089363 0.029222 0.232041 0.968152
1646305724.728035 0.254350 0.619016 -0.858463 0.066152 0.022091 0.249095 0.965965
1646305724.753034 0.263434 0.657005 -0.856452 0.044537 0.012814 0.266455 0.962733
1646305724.778033 0.269246 0.696238 -0.857162 0.023407 0.000656 0.284486 0.958394
1646305724.803032 0.275312 0.736926 -0.859256 0.002365 -0.013912 0.302762 0.952962
1646305724.828031 0.281052 0.777642 -0.862054 -0.017089 -0.029442 0.320652 0.946585
1646305724.853030 0.288390 0.821799 -0.868803 -0.033289 -0.044253 0.338545 0.939319
1646305724.878029 0.291737 0.862434 -0.877280 -0.051522 -0.058571 0.355653 0.931357
1646305724.903028 0.296979 0.902768 -0.887689 -0.074011 -0.072257 0.370840 0.922919
1646305724.928027 0.307105 0.934944 -0.888512 -0.101147 -0.084666 0.382521 0.914483
1646305724.953026 0.315627 0.973109 -0.901155 -0.129634 -0.098015 0.393150 0.904998
1646305724.978025 0.325011 1.008493 -0.912198 -0.160397 -0.111459 0.400640 0.895175
1646305725.003024 0.336421 1.042464 -0.922902 -0.192766 -0.124792 0.404365 0.885301
1646305725.028023 0.349251 1.074051 -0.929894 -0.228131 -0.137467 0.403371 0.875415
1646305725.053022 0.365421 1.107798 -0.942222 -0.264110 -0.147023 0.400694 0.864913
1646305725.078021 0.381014 1.138367 -0.950325 -0.299257 -0.154735 0.395321 0.854531
1646305725.103020 0.398658 1.167384 -0.957141 -0.332681 -0.158451 0.388150 0.844723
1646305725.128019 0.419482 1.191539 -0.971441 -0.365164 -0.156747 0.380353 0.835115
1646305725.153018 0.441402 1.219656 -0.976255 -0.386461 -0.153098 0.368490 0.831519
1646305725.178018 0.463768 1.244226 -0.980358 -0.404796 -0.148457 0.357872 0.828268
1646305725.203017 0.487918 1.267098 -0.984820 -0.419457 -0.143770 0.346813 0.826503
1646305725.228016 0.514039 1.288318 -0.988473 -0.428992 -0.137902 0.336020 0.827067
1646305725.253015 0.542632 1.313123 -0.991866 -0.432564 -0.130869 0.324450 0.830959
1646305725.278014 0.572986 1.330573 -0.992462 -0.433395 -0.124186 0.312498 0.836117
1646305725.303013 0.606050 1.345778 -0.992725 -0.432840 -0.118393 0.299173 0.842097
1646305725.328012 0.639327 1.359271 -0.991435 -0.430401 -0.112063 0.284814 0.849163
1646305725.353011 0.674603 1.372286 -0.990363 -0.422348 -0.104791 0.269160 0.859182
1646305725.378010 0.709129 1.380321 -0.986615 -0.409283 -0.096383 0.253426 0.871191
1646305725.403009 0.743633 1.386373 -0.983856 -0.392496 -0.088055 0.236840 0.884364
1646305725.428008 0.777323 1.390490 -0.981884 -0.372715 -0.079634 0.220032 0.897958
1646305725.453007 0.815628 1.391747 -0.979970 -0.350847 -0.071702 0.204588 0.910993
1646305725.478006 0.851269 1.392417 -0.975589 -0.329921 -0.063032 0.189198 0.922704
1646305725.503005 0.887057 1.391934 -0.972459 -0.309441 -0.053507 0.173592 0.933407
1646305725.528004 0.920995 1.391935 -0.969718 -0.289842 -0.041764 0.157118 0.943166
1646305725.553003 0.961270 1.387721 -0.968720 -0.270192 -0.029440 0.141572 0.951886
1646305725.578002 0.996307 1.384525 -0.964994 -0.252437 -0.016281 0.125688 0.959277
1646305725.603001 1.032077 1.382201 -0.963289 -0.236725 -0.003975 0.110164 0.965303
1646305725.628000 1.068631 1.373443 -0.964164 -0.222529 0.007862 0.097307 0.970026
1646305725.652999 1.106835 1.373761 -0.966291 -0.207288 0.017130 0.087245 0.974231
1646305725.677999 1.141235 1.372187 -0.969382 -0.193770 0.026449 0.079709 0.977446
1646305725.702998 1.176376 1.373539 -0.974699 -0.180451 0.035251 0.071777 0.980328
1646305725.727997 1.214387 1.373085 -0.980981 -0.165755 0.045178 0.064615 0.983010
1646305725.752996 1.249893 1.380404 -0.990112 -0.147787 0.054487 0.061572 0.985596
1646305725.777995 1.284339 1.388295 -1.000763 -0.127656 0.064616 0.061768 0.987782
1646305725.802994 1.319711 1.398195 -1.012825 -0.106451 0.073420 0.062885 0.989608
1646305725.827993 1.353211 1.409004 -1.026988 -0.081682 0.081388 0.065945 0.991138
1646305725.852992 1.388373 1.423667 -1.039642 -0.054564 0.086627 0.071451 0.992176
1646305725.877991 1.420926 1.438628 -1.052923 -0.029309 0.091302 0.078525 0.992290
1646305725.902990 1.453481 1.454021 -1.065639 -0.004292 0.095498 0.085249 0.991763
1646305725.927989 1.484860 1.472544 -1.076391 0.018678 0.098296 0.092412 0.990681
1646305725.952988 1.518497 1.491733 -1.084880 0.042489 0.102138 0.100603 0.988758
1646305725.977987 1.548324 1.511579 -1.093870 0.065908 0.106888 0.108846 0.986095
1646305726.002986 1.578649 1.532251 -1.101243 0.089567 0.113759 0.116699 0.982557
1646305726.027985 1.609692 1.555798 -1.104891 0.110808 0.119351 0.126162 0.978550
1646305726.052984 1.639563 1.579044 -1.106487 0.130187 0.126108 0.135579 0.974046
1646305726.077983 1.668412 1.603924 -1.107477 0.146789 0.131899 0.143762 0.969736
1646305726.102982 1.697126 1.626939 -1.107080 0.160360 0.138307 0.150418 0.965676
1646305726.127981 1.724935 1.650782 -1.108240 0.169065 0.143837 0.158555 0.962075
1646305726.152980 1.753219 1.673626 -1.106135 0.173780 0.147468 0.165426 0.959525
1646305726.177979 1.779418 1.697317 -1.102386 0.173304 0.150494 0.170908 0.958179
1646305726.202979 1.807565 1.720785 -1.098767 0.170485 0.151587 0.175869 0.957615
1646305726.227978 1.837048 1.745175 -1.093725 0.164166 0.149770 0.182110 0.957838
1646305726.252977 1.865834 1.770490 -1.088747 0.156937 0.145179 0.188293 0.958561
1646305726.277976 1.894563 1.794191 -1.083694 0.146997 0.137974 0.194226 0.960016
1646305726.302975 1.922246 1.820309 -1.078511 0.135208 0.126406 0.201279 0.961887
1646305726.327974 1.950999 1.845782 -1.072682 0.121544 0.111144 0.210667 0.963584
1646305726.352973 1.979719 1.871614 -1.066318 0.108883 0.093087 0.220412 0.964830
1646305726.377972 2.006482 1.896828 -1.062005 0.097255 0.074572 0.230234 0.965387
1646305726.402971 2.032044 1.924110 -1.056998 0.087212 0.058146 0.240548 0.964961
1646305726.427970 2.058991 1.951988 -1.051199 0.078255 0.045225 0.250512 0.963885
1646305726.452969 2.085835 1.981838 -1.045644 0.068289 0.035939 0.260274 0.962446
1646305726.477968 2.111409 2.008803 -1.041430 0.057211 0.029404 0.270271 0.960633
1646305726.502967 2.136687 2.038007 -1.036558 0.044892 0.026303 0.280511 0.958440
1646305726.527966 2.162285 2.067355 -1.033694 0.032455 0.026480 0.290758 0.955879
1646305726.552965 2.187673 2.099477 -1.030214 0.020533 0.027628 0.301609 0.952810
1646305726.577964 2.212047 2.128807 -1.026737 0.008637 0.029784 0.312819 0.949306
1646305726.602963 2.236087 2.158997 -1.023609 -0.001975 0.031827 0.323190 0.945797
1646305726.627962 2.260763 2.189630 -1.022107 -0.011658 0.033356 0.332641 0.942391
1646305726.652961 2.285048 2.220351 -1.021057 -0.020876 0.032501 0.342365 0.938773
1646305726.677961 2.310567 2.248315 -1.019997 -0.030353 0.028975 0.352249 0.934965
1646305726.727959 2.365007 2.306536 -1.021430 -0.045474 0.014104 0.373063 0.926584
1646305726.752958 2.390025 2.337650 -1.023339 -0.049004 0.005446 0.383884 0.922064
1646305726.777957 2.414985 2.365358 -1.025344 -0.053193 -0.002086 0.392841 0.918064
1646305726.802956 2.439051 2.393502 -1.027791 -0.057395 -0.007215 0.399100 0.915081
1646305726.827955 2.463878 2.419541 -1.031521 -0.061778 -0.010528 0.401897 0.913538
1646305726.852954 2.487565 2.446484 -1.035971 -0.067995 -0.013372 0.404167 0.912056
1646305726.877953 2.512130 2.470372 -1.039547 -0.075954 -0.016597 0.405167 0.910931
1646305726.902952 2.536534 2.494777 -1.042990 -0.084197 -0.019487 0.404340 0.910517
1646305726.927951 2.562584 2.517679 -1.044599 -0.091170 -0.020961 0.401225 0.911190
1646305726.952950 2.587990 2.542441 -1.046415 -0.096263 -0.021047 0.399358 0.911484
1646305726.977949 2.614931 2.565514 -1.048143 -0.102212 -0.020788 0.396854 0.911936
1646305727.002948 2.642167 2.589115 -1.048173 -0.108314 -0.018695 0.393037 0.912930
1646305727.052946 2.695261 2.636454 -1.047128 -0.120137 -0.012618 0.380599 0.916817
1646305727.077945 2.723144 2.659118 -1.045321 -0.122735 -0.008487 0.373027 0.919628
1646305727.102944 2.751397 2.681990 -1.043477 -0.125140 -0.005280 0.363649 0.923077
1646305727.127944 2.782076 2.702237 -1.041181 -0.127707 -0.003314 0.352632 0.927001
1646305727.152942 2.813786 2.724396 -1.040351 -0.129376 -0.002095 0.342337 0.930625
1646305727.177942 2.845908 2.743993 -1.038662 -0.130702 -0.002083 0.330447 0.934728
1646305727.202941 2.879502 2.763814 -1.037791 -0.132207 -0.004231 0.316463 0.939337
1646305727.227940 2.911381 2.775143 -1.038139 -0.132662 -0.007348 0.299509 0.944797
1646305727.252939 2.944600 2.792391 -1.038104 -0.130930 -0.011641 0.283692 0.949864
1646305727.277938 2.976704 2.807601 -1.037735 -0.128645 -0.015844 0.267005 0.954939
1646305727.302937 3.009516 2.821790 -1.037464 -0.125329 -0.020069 0.249909 0.959914
1646305727.327936 3.040632 2.836214 -1.035176 -0.120378 -0.024507 0.231910 0.964949
1646305727.352935 3.073391 2.851501 -1.035249 -0.113839 -0.028357 0.215700 0.969386
1646305727.377934 3.104144 2.865196 -1.034162 -0.107553 -0.031783 0.200863 0.973178
1646305727.402933 3.134529 2.878627 -1.032445 -0.100835 -0.033229 0.186330 0.976734
1646305727.427932 3.161953 2.891720 -1.029556 -0.095432 -0.034631 0.172204 0.979816
1646305727.452931 3.193908 2.906022 -1.028202 -0.090368 -0.035187 0.159767 0.982380
1646305727.477930 3.223177 2.919210 -1.025158 -0.085715 -0.035509 0.148748 0.984513
1646305727.502929 3.251971 2.931346 -1.021931 -0.082761 -0.035175 0.139145 0.986180
1646305727.527928 3.271376 2.939837 -1.019691 -0.078663 -0.032281 0.130436 0.987804
1646305727.552927 3.303149 2.951775 -1.016506 -0.072463 -0.029786 0.124313 0.989145
1646305727.577926 3.331925 2.963270 -1.013180 -0.065842 -0.027073 0.119652 0.990260
1646305727.602926 3.359336 2.973221 -1.009931 -0.059657 -0.024778 0.116879 0.991043
1646305727.627924 3.380785 2.981188 -1.006467 -0.054590 -0.024604 0.115953 0.991448
1646305727.652924 3.412361 2.990460 -1.004035 -0.048015 -0.024522 0.115456 0.991848
1646305727.677923 3.438619 3.000206 -1.001554 -0.040206 -0.025163 0.114305 0.992313
1646305727.702922 3.465348 3.009028 -0.999172 -0.032772 -0.026276 0.113137 0.992691
1646305727.727921 3.484663 3.016806 -0.998872 -0.026374 -0.027586 0.111734 0.993005
1646305727.752920 3.517696 3.024588 -0.996768 -0.018734 -0.030327 0.109873 0.993306
1646305727.777919 3.543171 3.031921 -0.995450 -0.011621 -0.033736 0.107992 0.993511
1646305727.802918 3.569274 3.038125 -0.994215 -0.004996 -0.037462 0.106917 0.993549
1646305727.827917 3.589751 3.043858 -0.993029 -0.000380 -0.040116 0.107851 0.993357
1646305727.852916 3.620397 3.049651 -0.990937 0.004624 -0.041744 0.108477 0.993211
1646305727.877915 3.645405 3.054904 -0.989568 0.008026 -0.041926 0.108650 0.993163
1646305727.902914 3.671171 3.059408 -0.988198 0.009601 -0.041285 0.108890 0.993150
1646305727.952912 3.730551 3.069935 -0.983460 0.004576 -0.037070 0.108079 0.993440
1646305727.977911 3.758258 3.072481 -0.981489 0.001280 -0.035006 0.106068 0.993742
1646305728.002910 3.786410 3.074411 -0.979392 -0.001397 -0.032975 0.104236 0.994005
1646305728.027909 3.813414 3.074760 -0.978579 -0.003260 -0.032118 0.101084 0.994354
1646305728.052900 3.844609 3.076510 -0.976618 -0.003023 -0.031739 0.097524 0.994722
1646305728.077899 3.874312 3.077762 -0.975645 -0.002481 -0.031948 0.093948 0.995061
1646305728.102898 3.904233 3.078496 -0.975097 -0.000132 -0.032140 0.090100 0.995414
1646305728.127897 3.932355 3.078007 -0.975783 0.003832 -0.033227 0.084020 0.995903
1646305728.152896 3.964630 3.078897 -0.976111 0.008668 -0.033355 0.076811 0.996450
1646305728.177895 3.995114 3.079737 -0.977718 0.012673 -0.033137 0.069466 0.996953
1646305728.177895 3.995114 3.079737 -0.977718 0.012673 -0.033137 0.069466 0.996953
1646305728.227893 4.058936 3.067819 -0.990353 0.017120 -0.031569 0.056847 0.997737
1646305728.252892 4.089775 3.065632 -0.994398 0.021158 -0.030849 0.047830 0.998155
1646305728.252892 4.089775 3.065632 -0.994398 0.021158 -0.030849 0.047830 0.998155
1646305728.327889 4.178805 3.064750 -1.004846 0.027162 -0.027090 0.032923 0.998721
1646305728.327889 4.178805 3.064750 -1.004846 0.027162 -0.027090 0.032923 0.998721
1646305728.427885 4.303339 3.081987 -1.000638 0.026954 -0.008170 0.023582 0.999325
1646305728.427885 4.303339 3.081987 -1.000638 0.026954 -0.008170 0.023582 0.999325
1646305728.527881 4.427089 3.107546 -0.988945 0.025211 -0.001589 0.043944 0.998715
1646305728.527881 4.427089 3.107546 -0.988945 0.025211 -0.001589 0.043944 0.998715
1646305728.627877 4.554724 3.137213 -0.992466 0.020496 -0.013223 0.090505 0.995597
1646305728.627877 4.554724 3.137213 -0.992466 0.020496 -0.013223 0.090505 0.995597
1646305728.727873 4.663482 3.178166 -1.018945 -0.010725 -0.017611 0.140244 0.989902
1646305728.727873 4.663482 3.178166 -1.018945 -0.010725 -0.017611 0.140244 0.989902
1646305728.827869 4.777056 3.219552 -1.044036 -0.079000 -0.006306 0.186962 0.979165
1646305728.827869 4.777056 3.219552 -1.044036 -0.079000 -0.006306 0.186962 0.979165
1646305728.927865 4.898106 3.253013 -1.062990 -0.146472 0.012862 0.210583 0.966455
1646305728.927865 4.898106 3.253013 -1.062990 -0.146472 0.012862 0.210583 0.966455
1646305729.027861 5.026248 3.272412 -1.075699 -0.195354 0.030455 0.187636 0.962134
1646305729.027861 5.026248 3.272412 -1.075699 -0.195354 0.030455 0.187636 0.962134
1646305729.127857 5.164722 3.272994 -1.084126 -0.224115 0.032294 0.131514 0.965108
1646305729.127857 5.164722 3.272994 -1.084126 -0.224115 0.032294 0.131514 0.965108
1646305729.227853 5.305621 3.244655 -1.085836 -0.242645 0.010080 0.068647 0.967631
1646305729.227853 5.305621 3.244655 -1.085836 -0.242645 0.010080 0.068647 0.967631
1646305729.327849 5.447581 3.195643 -1.073863 -0.270342 0.007703 -0.000163 0.962734
1646305729.327849 5.447581 3.195643 -1.073863 -0.270342 0.007703 -0.000163 0.962734
1646305729.427845 5.585707 3.147001 -1.047918 -0.287539 0.023935 -0.052627 0.956022
1646305729.427845 5.585707 3.147001 -1.047918 -0.287539 0.023935 -0.052627 0.956022
1646305729.527841 5.725728 3.108846 -1.032956 -0.287543 0.011628 -0.060665 0.955774
1646305729.527841 5.725728 3.108846 -1.032956 -0.287543 0.011628 -0.060665 0.955774
1646305729.627837 5.875185 3.074274 -1.043247 -0.256010 -0.002446 -0.056891 0.964995
1646305729.627837 5.875185 3.074274 -1.043247 -0.256010 -0.002446 -0.056891 0.964995
1646305729.727834 6.008398 3.048038 -1.061478 -0.212522 0.003923 -0.042071 0.976242
1646305729.727834 6.008398 3.048038 -1.061478 -0.212522 0.003923 -0.042071 0.976242
1646305729.827829 6.136520 3.042825 -1.068838 -0.152937 0.032744 -0.003746 0.987686
1646305729.827829 6.136520 3.042825 -1.068838 -0.152937 0.032744 -0.003746 0.987686
1646305729.927825 6.274927 3.031832 -1.060136 -0.096389 0.056624 0.032724 0.993193
1646305729.927825 6.274927 3.031832 -1.060136 -0.096389 0.056624 0.032724 0.993193
1646305730.027822 6.418993 3.015916 -1.057131 -0.047423 0.047999 0.050892 0.996422
1646305730.027822 6.418993 3.015916 -1.057131 -0.047423 0.047999 0.050892 0.996422
1646305730.152817 6.591845 2.960605 -1.071958 -0.029660 0.020235 0.020769 0.999139
1646305730.202815 6.652215 2.931751 -1.080221 -0.032823 0.014321 0.000847 0.999358
1646305730.227814 6.682751 2.917695 -1.081270 -0.036202 0.015867 -0.008917 0.999179
1646305730.252813 6.712380 2.903426 -1.082527 -0.040173 0.019592 -0.019942 0.998802
1646305730.277812 6.742153 2.887783 -1.082081 -0.043735 0.025975 -0.032156 0.998188
1646305730.302811 6.772675 2.871760 -1.081569 -0.048421 0.031671 -0.044836 0.997317
1646305730.352809 6.833961 2.835548 -1.072742 -0.055562 0.038109 -0.072742 0.995072
1646305730.377808 6.864071 2.814964 -1.069827 -0.056234 0.039608 -0.086298 0.993892
1646305730.402807 6.893323 2.793327 -1.067990 -0.055627 0.040221 -0.101775 0.992436
1646305730.427806 6.921542 2.767121 -1.065756 -0.055415 0.040709 -0.119355 0.990468
1646305730.452805 6.950620 2.739369 -1.063738 -0.055733 0.041781 -0.137719 0.988019
1646305730.477804 6.975378 2.708477 -1.063522 -0.057391 0.043365 -0.157618 0.984877
1646305730.502803 6.997673 2.676142 -1.064144 -0.057433 0.046081 -0.179503 0.980998
1646305730.527802 7.016493 2.641196 -1.068604 -0.055666 0.049178 -0.205330 0.975870
1646305730.552801 7.038027 2.604527 -1.070865 -0.049292 0.049598 -0.234200 0.969670
1646305730.577800 7.051177 2.568212 -1.073108 -0.042705 0.047730 -0.267816 0.961339
1646305730.602799 7.059839 2.530442 -1.075834 -0.037917 0.043846 -0.304918 0.950613
1646305730.627798 7.061097 2.493007 -1.079563 -0.036666 0.039169 -0.345980 0.936707
1646305730.652797 7.063602 2.454224 -1.083612 -0.035373 0.035678 -0.388007 0.920286
1646305730.677796 7.060568 2.416681 -1.086334 -0.033357 0.033913 -0.432205 0.900520
1646305730.702795 7.052004 2.381060 -1.088279 -0.029640 0.034706 -0.476495 0.877992
1646305730.727794 7.037456 2.349225 -1.088151 -0.025205 0.037596 -0.521289 0.852179
1646305730.752793 7.023469 2.319326 -1.091122 -0.020108 0.041345 -0.563965 0.824518
1646305730.777792 7.006460 2.292972 -1.091156 -0.014379 0.044049 -0.606016 0.794102
1646305730.802791 6.985632 2.270242 -1.090583 -0.009679 0.046085 -0.646469 0.761486
1646305730.827790 6.961332 2.253504 -1.088016 -0.006064 0.045529 -0.685709 0.726425
1646305730.852789 6.937852 2.241782 -1.085130 -0.003298 0.043257 -0.722709 0.689790
1646305730.877788 6.915318 2.233493 -1.083429 -0.000988 0.040220 -0.757687 0.651377
1646305730.902787 6.890525 2.230923 -1.080734 0.000782 0.036092 -0.790441 0.611473
1646305730.927786 6.864896 2.233700 -1.078054 0.001773 0.030428 -0.821400 0.569538
1646305730.952785 6.840339 2.244012 -1.074343 0.002691 0.024893 -0.850658 0.525122
1646305730.977784 6.819558 2.257204 -1.072679 0.003049 0.022647 -0.877825 0.478436
1646305731.002783 6.798687 2.276041 -1.070123 0.002280 0.023125 -0.903262 0.428461
1646305731.027782 6.778102 2.297593 -1.067820 -0.000300 0.027392 -0.925478 0.377810
1646305731.052781 6.760467 2.326743 -1.064333 -0.005533 0.030448 -0.944509 0.327023
1646305731.077780 6.748497 2.360830 -1.063940 -0.010045 0.033278 -0.959809 0.278493
1646305731.102779 6.738459 2.395868 -1.063770 -0.011510 0.033562 -0.972236 0.231296
1646305731.127778 6.731573 2.434324 -1.063827 -0.008575 0.030481 -0.982330 0.184462
1646305731.152777 6.728601 2.473642 -1.062983 -0.003755 0.023970 -0.990347 0.136473
1646305731.177776 6.729711 2.517923 -1.065089 0.002444 0.016282 -0.996156 0.086036
1646305731.202775 6.734776 2.563459 -1.066505 0.008101 0.012324 -0.999356 0.032716
1646305731.227774 6.745524 2.611700 -1.066158 -0.013880 -0.011484 0.999519 0.025250
1646305731.252773 6.761430 2.661702 -1.065935 -0.016996 -0.013352 0.996332 0.082796
1646305731.277772 6.780125 2.714109 -1.067361 -0.019292 -0.014934 0.989739 0.140792
1646305731.302771 6.803391 2.764419 -1.069258 -0.020208 -0.016442 0.979928 0.197643
1646305731.327770 6.833596 2.812347 -1.071162 -0.019968 -0.015714 0.966900 0.253887
1646305731.352769 6.868198 2.858222 -1.072261 -0.021182 -0.012929 0.950888 0.308540
1646305731.377768 6.908428 2.902302 -1.071003 -0.022134 -0.007110 0.931806 0.362212
1646305731.402767 6.951650 2.942315 -1.073851 -0.023876 -0.001239 0.909854 0.414240
1646305731.427766 7.006001 2.978657 -1.076614 -0.027819 0.004023 0.885088 0.464575
1646305731.452765 7.058566 3.008425 -1.078102 -0.031711 0.008005 0.858808 0.511252
1646305731.477764 7.112213 3.033658 -1.079649 -0.035983 0.012394 0.830616 0.555544
1646305731.502763 7.167183 3.055716 -1.080603 -0.039152 0.015871 0.800687 0.597591
1646305731.527762 7.227436 3.072655 -1.083607 -0.038979 0.018602 0.769734 0.636902
1646305731.552761 7.283214 3.086014 -1.083757 -0.038353 0.020442 0.737651 0.673782
1646305731.577760 7.337466 3.094566 -1.083563 -0.036112 0.023630 0.704166 0.708722
1646305731.602759 7.389768 3.100393 -1.081698 -0.033430 0.025489 0.668877 0.742183
1646305731.627758 7.443536 3.101381 -1.078311 -0.030129 0.026470 0.633114 0.773019
1646305731.652757 7.493817 3.101928 -1.075319 -0.026247 0.026986 0.597116 0.801271
1646305731.677756 7.542630 3.098624 -1.071522 -0.021549 0.027299 0.561437 0.826788
1646305731.702755 7.588274 3.094353 -1.066655 -0.016853 0.026725 0.526147 0.849806
1646305731.727754 7.634763 3.089470 -1.059000 -0.013472 0.025717 0.493478 0.869274
1646305731.752753 7.677183 3.083468 -1.052226 -0.011560 0.023444 0.462096 0.886444
1646305731.777752 7.717592 3.077005 -1.045753 -0.011105 0.020482 0.432975 0.901105
1646305731.802751 7.756863 3.071000 -1.039279 -0.011930 0.017837 0.406042 0.913602
1646305731.827750 7.796153 3.068324 -1.033958 -0.013365 0.016690 0.382304 0.923789
1646305731.852749 7.831638 3.065172 -1.026870 -0.014169 0.015372 0.359649 0.932854
1646305731.877748 7.866060 3.064756 -1.021385 -0.014186 0.015137 0.338944 0.940578
1646305731.902747 7.900564 3.066238 -1.017927 -0.013786 0.016012 0.319309 0.947415
1646305731.927746 7.934183 3.070465 -1.018208 -0.013084 0.020022 0.301620 0.953128
1646305731.952745 7.967115 3.075148 -1.017355 -0.010584 0.025408 0.283493 0.958579
1646305731.977744 7.998871 3.079418 -1.017384 -0.006619 0.031853 0.267287 0.963068
1646305732.002743 8.030442 3.085613 -1.019824 -0.003134 0.037450 0.251654 0.967087
1646305732.027742 8.062830 3.094395 -1.026454 -0.002455 0.040897 0.238807 0.970202
1646305732.052737 8.094087 3.101556 -1.033376 -0.001648 0.042986 0.227934 0.972726
1646305732.077736 8.123450 3.107636 -1.041802 0.000160 0.047333 0.220782 0.974174
1646305732.102735 8.151719 3.115151 -1.051496 0.003332 0.054787 0.215326 0.974998
1646305732.127734 8.179286 3.124191 -1.061639 0.004441 0.065371 0.211814 0.975111
1646305732.152733 8.205987 3.131847 -1.071662 0.005282 0.076397 0.207073 0.975324
1646305732.177732 8.231509 3.136962 -1.081175 0.006223 0.088360 0.201912 0.975390
1646305732.202731 8.255871 3.142948 -1.089991 0.006358 0.099938 0.196807 0.975315
1646305732.227730 8.281189 3.150712 -1.099597 0.004151 0.111331 0.192526 0.974947
1646305732.252729 8.304323 3.156569 -1.105833 0.001741 0.121580 0.188646 0.974489
1646305732.277728 8.326841 3.159965 -1.111018 -0.000261 0.131253 0.185894 0.973764
1646305732.302727 8.348962 3.164984 -1.112337 -0.004158 0.139840 0.184331 0.972857
1646305732.327726 8.371158 3.169690 -1.111877 -0.009475 0.147382 0.184855 0.971606
1646305732.352725 8.393660 3.175483 -1.108689 -0.014177 0.152486 0.186506 0.970445
1646305732.377724 8.416207 3.179673 -1.102197 -0.018687 0.155134 0.189288 0.969409
1646305732.402723 8.438697 3.185922 -1.091911 -0.024663 0.156992 0.193075 0.968229
1646305732.427722 8.463370 3.195412 -1.079178 -0.031644 0.156260 0.199378 0.966866
1646305732.452721 8.486077 3.203754 -1.065016 -0.038266 0.153695 0.206425 0.965558
1646305732.477720 8.508252 3.210845 -1.048330 -0.042650 0.149727 0.214453 0.964247
1646305732.502719 8.529101 3.219552 -1.030142 -0.045158 0.145231 0.221264 0.963281
1646305732.527718 8.551898 3.231285 -1.011117 -0.047090 0.139461 0.227344 0.962625
1646305732.552717 8.571403 3.241282 -0.991038 -0.047128 0.133256 0.231751 0.962452
1646305732.577716 8.589939 3.250782 -0.969502 -0.044340 0.127285 0.235199 0.962556
1646305732.602715 8.607308 3.260591 -0.946944 -0.042600 0.121559 0.237679 0.962766
1646305732.627714 8.627082 3.271915 -0.925183 -0.043276 0.114868 0.239854 0.963017
1646305732.652713 8.642940 3.281374 -0.901448 -0.042541 0.107985 0.241227 0.963503
1646305732.677712 8.658308 3.289782 -0.878000 -0.039453 0.100859 0.242243 0.964152
1646305732.702711 8.670145 3.297116 -0.854314 -0.036190 0.094771 0.244032 0.964447
1646305732.727710 8.682904 3.305164 -0.831066 -0.031875 0.089255 0.244221 0.965077
1646305732.727710 8.682904 3.305164 -0.831066 -0.031875 0.089255 0.244221 0.965077
1646305732.777709 8.708351 3.313696 -0.782191 -0.022054 0.080648 0.245058 0.965897
1646305732.802707 8.717597 3.318784 -0.759870 -0.018640 0.077662 0.245016 0.966224
1646305732.827706 8.722321 3.326477 -0.740140 -0.017832 0.076532 0.245812 0.966127
1646305732.827706 8.722321 3.326477 -0.740140 -0.017832 0.076532 0.245812 0.966127
1646305732.877704 8.736740 3.335231 -0.688446 -0.016348 0.080983 0.241398 0.966903
1646305732.902704 8.741614 3.338766 -0.666969 -0.016308 0.084232 0.238756 0.967282
1646305732.952702 8.747149 3.346609 -0.620752 -0.025655 0.094383 0.236100 0.966794
1646305732.977700 8.752454 3.347348 -0.594040 -0.030271 0.100573 0.232527 0.966902
1646305733.002700 8.755232 3.349353 -0.568359 -0.034162 0.106813 0.228971 0.966952
1646305733.027699 8.756844 3.352975 -0.543175 -0.036823 0.110595 0.227998 0.966659
1646305733.027699 8.756844 3.352975 -0.543175 -0.036823 0.110595 0.227998 0.966659
1646305733.077697 8.766834 3.355219 -0.484622 -0.037433 0.113546 0.223069 0.967443
1646305733.102695 8.770782 3.358893 -0.460059 -0.036297 0.112627 0.220569 0.968167
1646305733.127695 8.775727 3.361475 -0.436964 -0.036270 0.109858 0.221352 0.968307
1646305733.127695 8.775727 3.361475 -0.436964 -0.036270 0.109858 0.221352 0.968307
1646305733.177693 8.791804 3.365838 -0.381652 -0.034862 0.105654 0.217067 0.969796
1646305733.202692 8.797690 3.369504 -0.361819 -0.031682 0.104079 0.214846 0.970569
1646305733.227691 8.799767 3.372935 -0.343878 -0.028516 0.102941 0.215646 0.970612
1646305733.227691 8.799767 3.372935 -0.343878 -0.028516 0.102941 0.215646 0.970612
1646305733.302688 8.817889 3.390128 -0.286953 -0.020049 0.097018 0.203966 0.973953
1646305733.327687 8.822754 3.397073 -0.272951 -0.016477 0.094239 0.199093 0.975300
1646305733.327687 8.822754 3.397073 -0.272951 -0.016477 0.094239 0.199093 0.975300
1646305733.377685 8.831928 3.407524 -0.242882 -0.006074 0.089417 0.186024 0.978449
1646305733.402683 8.836133 3.413669 -0.234386 -0.001387 0.086774 0.180887 0.979667
1646305733.427683 8.838930 3.419509 -0.224646 0.001314 0.084127 0.177060 0.980597
1646305733.427683 8.838930 3.419509 -0.224646 0.001314 0.084127 0.177060 0.980597
1646305733.477681 8.852205 3.423697 -0.206923 0.004168 0.072900 0.169914 0.982750
1646305733.502680 8.854678 3.426658 -0.200542 0.003996 0.068519 0.167064 0.983554
1646305733.527679 8.858501 3.429903 -0.195035 0.003936 0.062893 0.165835 0.984138
1646305733.527679 8.858501 3.429903 -0.195035 0.003936 0.062893 0.165835 0.984138
1646305733.577677 8.867574 3.429592 -0.182770 0.003360 0.050592 0.162818 0.985352
1646305733.602676 8.868559 3.430650 -0.178632 0.001343 0.048806 0.160980 0.985749
1646305733.627675 8.870885 3.431957 -0.175221 0.000621 0.045917 0.159709 0.986096
1646305733.627675 8.870885 3.431957 -0.175221 0.000621 0.045917 0.159709 0.986096
1646305733.677673 8.878116 3.431106 -0.169277 -0.000162 0.039099 0.152913 0.987466
1646305733.702672 8.877910 3.431134 -0.165858 -0.000286 0.036439 0.149737 0.988054
1646305733.727671 8.879596 3.433051 -0.164141 0.001234 0.034162 0.148341 0.988345
1646305733.727671 8.879596 3.433051 -0.164141 0.001234 0.034162 0.148341 0.988345
1646305733.777669 8.885139 3.431408 -0.158043 0.003881 0.028845 0.146372 0.988801
1646305733.802668 8.883802 3.431937 -0.156433 0.005006 0.027952 0.145380 0.988968
1646305733.827667 8.883851 3.434681 -0.155006 0.006737 0.027817 0.146024 0.988867
1646305733.827667 8.883851 3.434681 -0.155006 0.006737 0.027817 0.146024 0.988867
1646305733.877665 8.883506 3.432558 -0.150451 0.007305 0.028386 0.146672 0.988751
1646305733.902664 8.882019 3.432849 -0.149002 0.007305 0.027890 0.146464 0.988796
1646305733.927663 8.881510 3.434958 -0.147901 0.007026 0.027886 0.147352 0.988666
1646305733.927663 8.881510 3.434958 -0.147901 0.007026 0.027886 0.147352 0.988666
1646305733.977661 8.883209 3.434508 -0.143402 0.006526 0.024870 0.146769 0.988837
1646305734.002660 8.882062 3.435055 -0.141633 0.006074 0.023714 0.145803 0.989011
1646305734.027659 8.882527 3.437087 -0.140529 0.006299 0.022211 0.145501 0.989089
1646305734.027659 8.882527 3.437087 -0.140529 0.006299 0.022211 0.145501 0.989089
1646305734.077657 8.885148 3.434835 -0.135741 0.006725 0.015725 0.142846 0.989597
1646305734.102656 8.884672 3.434646 -0.134506 0.005913 0.014884 0.141462 0.989814
1646305734.127655 8.884457 3.436563 -0.133832 0.005610 0.013821 0.141101 0.989883
1646305734.127655 8.884457 3.436563 -0.133832 0.005610 0.013821 0.141101 0.989883
1646305734.177653 8.884186 3.433137 -0.129924 0.004825 0.011539 0.141175 0.989906
1646305734.202652 8.883336 3.433399 -0.128787 0.004609 0.011022 0.141266 0.989900
1646305734.227651 8.883021 3.436406 -0.128059 0.004306 0.010730 0.142885 0.989672
1646305734.227651 8.883021 3.436406 -0.128059 0.004306 0.010730 0.142885 0.989672
1646305734.277649 8.884933 3.434519 -0.125023 0.005592 0.010136 0.146601 0.989128
1646305734.302648 8.884703 3.435694 -0.124068 0.006661 0.009656 0.147870 0.988937
1646305734.327647 8.884835 3.438794 -0.123535 0.007068 0.009686 0.149887 0.988630
1646305734.327647 8.884835 3.438794 -0.123535 0.007068 0.009686 0.149887 0.988630
1646305734.377645 8.887580 3.437836 -0.121085 0.007966 0.010489 0.152749 0.988177
1646305734.402644 8.887361 3.438745 -0.120292 0.008087 0.010120 0.153238 0.988104
1646305734.427643 8.888686 3.440727 -0.119711 0.007402 0.009910 0.154266 0.987952
1646305734.427643 8.888686 3.440727 -0.119711 0.007402 0.009910 0.154266 0.987952
1646305734.477641 8.891727 3.439505 -0.117973 0.007645 0.008135 0.154797 0.987883
1646305734.502640 8.891390 3.439934 -0.117684 0.007470 0.007733 0.154466 0.987940
1646305734.527639 8.891157 3.442650 -0.117167 0.007491 0.006768 0.154713 0.987908
1646305734.527639 8.891157 3.442650 -0.117167 0.007491 0.006768 0.154713 0.987908
1646305734.577637 8.893771 3.441027 -0.116092 0.009376 0.005375 0.154363 0.987955
1646305734.602636 8.893035 3.441484 -0.115967 0.009549 0.005284 0.154000 0.988011
1646305734.627635 8.892599 3.443324 -0.115797 0.009023 0.005167 0.154195 0.987986
1646305734.627635 8.892599 3.443324 -0.115797 0.009023 0.005167 0.154195 0.987986
1646305734.677633 8.892739 3.442250 -0.114250 0.009378 0.005838 0.154291 0.987964
1646305734.702632 8.891024 3.442625 -0.113889 0.009540 0.005701 0.153918 0.988021
1646305734.727631 8.890250 3.444300 -0.113768 0.009236 0.005629 0.154266 0.987970
1646305734.727631 8.890250 3.444300 -0.113768 0.009236 0.005629 0.154266 0.987970
1646305734.777629 8.890331 3.442669 -0.111054 0.009898 0.004544 0.153826 0.988038
1646305734.802628 8.888742 3.442832 -0.110442 0.009984 0.004251 0.153339 0.988114
1646305734.827627 8.888167 3.444614 -0.110100 0.009968 0.003436 0.153268 0.988128
1646305734.827627 8.888167 3.444614 -0.110100 0.009968 0.003436 0.153268 0.988128
1646305734.877625 8.888410 3.442899 -0.108187 0.011400 0.001720 0.152714 0.988203
1646305734.902624 8.887216 3.443182 -0.107856 0.011724 0.001487 0.152444 0.988241
1646305734.927623 8.887217 3.444927 -0.108091 0.011565 0.001216 0.152752 0.988196
1646305734.927623 8.887217 3.444927 -0.108091 0.011565 0.001216 0.152752 0.988196
1646305734.977621 8.888112 3.442725 -0.106999 0.011457 0.001385 0.152652 0.988213
1646305735.002620 8.887302 3.442847 -0.106930 0.011569 0.001202 0.152426 0.988247
1646305735.027619 8.887444 3.444344 -0.107288 0.011333 0.001582 0.152701 0.988206
1646305735.027619 8.887444 3.444344 -0.107288 0.011333 0.001582 0.152701 0.988206
1646305735.077617 8.890656 3.442578 -0.106273 0.010944 0.002446 0.152571 0.988229
1646305735.102616 8.889788 3.442524 -0.106195 0.011385 0.002128 0.152145 0.988290
1646305735.127615 8.889972 3.444455 -0.106381 0.011201 0.002476 0.152371 0.988257
1646305735.127615 8.889972 3.444455 -0.106381 0.011201 0.002476 0.152371 0.988257
1646305735.177613 8.890894 3.443721 -0.104904 0.011161 0.003384 0.152345 0.988259
1646305735.202612 8.889959 3.444030 -0.104796 0.011302 0.003280 0.151943 0.988319
1646305735.227611 8.889872 3.445404 -0.104672 0.011071 0.003180 0.152384 0.988254
1646305735.227611 8.889872 3.445404 -0.104672 0.011071 0.003180 0.152384 0.988254
1646305735.277609 8.891183 3.444084 -0.104134 0.011473 0.001646 0.152783 0.988192
1646305735.302608 8.890163 3.444397 -0.103750 0.011505 0.001161 0.152612 0.988219
1646305735.327607 8.890011 3.445612 -0.103485 0.011268 0.000509 0.152752 0.988200
1646305735.327607 8.890011 3.445612 -0.103485 0.011268 0.000509 0.152752 0.988200
1646305735.377605 8.891441 3.444399 -0.102246 0.011540 -0.000085 0.152771 0.988194
1646305735.402604 8.889903 3.444580 -0.102045 0.011433 -0.000197 0.152288 0.988270
1646305735.427603 8.889852 3.446072 -0.102125 0.010628 0.000146 0.152228 0.988288
1646305735.427603 8.889852 3.446072 -0.102125 0.010628 0.000146 0.152228 0.988288
1646305735.477601 8.891446 3.444682 -0.101241 0.010781 0.001365 0.152255 0.988282
1646305735.502600 8.889890 3.444755 -0.101195 0.010784 0.001564 0.152123 0.988301
1646305735.527599 8.889177 3.446747 -0.101094 0.009788 0.002309 0.152869 0.988195
1646305735.527599 8.889177 3.446747 -0.101094 0.009788 0.002309 0.152869 0.988195
1646305735.577597 8.890105 3.445133 -0.099934 0.009250 0.004806 0.153246 0.988133
1646305735.602596 8.888801 3.445230 -0.099599 0.009172 0.004798 0.152963 0.988178
1646305735.627595 8.888803 3.446760 -0.099619 0.008476 0.005570 0.153187 0.988145
1646305735.627595 8.888803 3.446760 -0.099619 0.008476 0.005570 0.153187 0.988145
1646305735.677593 8.889064 3.445156 -0.099263 0.008253 0.006156 0.152813 0.988201
1646305735.702592 8.888012 3.445336 -0.099195 0.007862 0.006306 0.152653 0.988229
1646305735.727591 8.887454 3.447100 -0.099553 0.006789 0.006558 0.153027 0.988177
1646305735.727591 8.887454 3.447100 -0.099553 0.006789 0.006558 0.153027 0.988177
1646305735.777589 8.887264 3.444805 -0.099805 0.005957 0.007534 0.152845 0.988204
1646305735.802588 8.886643 3.444919 -0.099637 0.005170 0.007633 0.152521 0.988257
1646305735.827587 8.886853 3.444776 -0.100042 0.003513 0.007831 0.152406 0.988281
1646305735.827587 8.886853 3.444776 -0.100042 0.003513 0.007831 0.152406 0.988281
1646305735.877585 8.887941 3.440567 -0.098511 -0.000548 0.009423 0.151425 0.988424
1646305735.902584 8.886863 3.439567 -0.098142 -0.002087 0.009246 0.150718 0.988531
1646305735.927583 8.886666 3.440857 -0.098567 -0.002138 0.010092 0.150721 0.988523
1646305735.927583 8.886666 3.440857 -0.098567 -0.002138 0.010092 0.150721 0.988523
1646305735.977582 8.887545 3.439447 -0.098512 -0.001942 0.010036 0.150685 0.988529
1646305736.002580 8.886571 3.439534 -0.098483 -0.001863 0.009917 0.150517 0.988556
1646305736.027580 8.886141 3.441034 -0.098720 -0.002223 0.010182 0.151046 0.988472
1646305736.027580 8.886141 3.441034 -0.098720 -0.002223 0.010182 0.151046 0.988472
1646305736.077569 8.887309 3.439008 -0.098603 -0.001960 0.010174 0.151370 0.988423
1646305736.102568 8.886458 3.439352 -0.098578 -0.001913 0.010005 0.151181 0.988454
1646305736.127567 8.886293 3.441398 -0.098842 -0.002284 0.010236 0.152036 0.988319
1646305736.127567 8.886293 3.441398 -0.098842 -0.002284 0.010236 0.152036 0.988319
1646305736.202564 8.885655 3.440212 -0.098603 -0.001934 0.010132 0.152526 0.988246
1646305736.227563 8.885727 3.441349 -0.098726 -0.002298 0.010296 0.152831 0.988196
1646305736.227563 8.885727 3.441349 -0.098726 -0.002298 0.010296 0.152831 0.988196
1646305736.277561 8.886923 3.439953 -0.098883 -0.001987 0.010286 0.152784 0.988204
1646305736.302560 8.886082 3.440069 -0.098937 -0.001914 0.010105 0.152415 0.988263
1646305736.327559 8.885917 3.441466 -0.099095 -0.002300 0.010280 0.152796 0.988202
1646305736.327559 8.885917 3.441466 -0.099095 -0.002300 0.010280 0.152796 0.988202
1646305736.377557 8.887195 3.439779 -0.099042 -0.002035 0.010340 0.152974 0.988174
1646305736.402556 8.886379 3.439953 -0.099035 -0.001954 0.010073 0.152539 0.988244
1646305736.427555 8.886368 3.441327 -0.099303 -0.002291 0.010230 0.152896 0.988187
1646305736.427555 8.886368 3.441327 -0.099303 -0.002291 0.010230 0.152896 0.988187
1646305736.477553 8.887339 3.439806 -0.099009 -0.001895 0.010232 0.152902 0.988187
1646305736.502553 8.886418 3.439970 -0.099016 -0.001900 0.010067 0.152539 0.988244
1646305736.527551 8.885978 3.441362 -0.099237 -0.002295 0.010264 0.152947 0.988179
1646305736.527551 8.885978 3.441362 -0.099237 -0.002295 0.010264 0.152947 0.988179
1646305736.577549 8.887181 3.440014 -0.098951 -0.001965 0.010248 0.152890 0.988188
1646305736.602548 8.886282 3.440269 -0.098952 -0.001935 0.010059 0.152559 0.988241
1646305736.627548 8.885879 3.441638 -0.099031 -0.002276 0.010230 0.153030 0.988166
1646305736.627548 8.885879 3.441638 -0.099031 -0.002276 0.010230 0.153030 0.988166
1646305736.677546 8.886817 3.439766 -0.098814 -0.001850 0.010149 0.152943 0.988181
1646305736.702544 8.885969 3.439920 -0.098817 -0.001887 0.010048 0.152671 0.988224
1646305736.727544 8.885722 3.441417 -0.098996 -0.002319 0.010214 0.153188 0.988142
1646305736.727544 8.885722 3.441417 -0.098996 -0.002319 0.010214 0.153188 0.988142
1646305736.777542 8.887096 3.439726 -0.098729 -0.002017 0.010114 0.153325 0.988122
1646305736.802541 8.886180 3.439762 -0.098752 -0.002030 0.009999 0.153036 0.988168
1646305736.827539 8.885882 3.441335 -0.098767 -0.002333 0.010168 0.153438 0.988103
1646305736.827539 8.885882 3.441335 -0.098767 -0.002333 0.010168 0.153438 0.988103
1646305736.877538 8.887455 3.440000 -0.098771 -0.001942 0.010127 0.153461 0.988101
1646305736.902537 8.886504 3.440088 -0.098800 -0.001961 0.010011 0.153053 0.988165
1646305736.927536 8.886093 3.441619 -0.098830 -0.002322 0.010133 0.153442 0.988103
1646305736.927536 8.886093 3.441619 -0.098830 -0.002322 0.010133 0.153442 0.988103
1646305736.977534 8.887305 3.440428 -0.098740 -0.001958 0.010205 0.154280 0.987973
1646305737.002533 8.886074 3.440950 -0.098783 -0.001872 0.010091 0.154299 0.987971
1646305737.027532 8.885273 3.441743 -0.099114 -0.002173 0.010410 0.155459 0.987785
1646305737.027532 8.885273 3.441743 -0.099114 -0.002173 0.010410 0.155459 0.987785
1646305737.102529 8.883567 3.441528 -0.098769 -0.001819 0.010222 0.155544 0.987774
1646305737.127528 8.883346 3.442277 -0.098879 -0.002204 0.010330 0.155690 0.987749
1646305737.127528 8.883346 3.442277 -0.098879 -0.002204 0.010330 0.155690 0.987749
1646305737.177526 8.884651 3.441018 -0.098788 -0.001894 0.010321 0.155720 0.987745
1646305737.202525 8.883892 3.441141 -0.098819 -0.001859 0.010154 0.155260 0.987820
1646305737.227524 8.884057 3.442147 -0.098950 -0.002219 0.010327 0.155591 0.987765
1646305737.227524 8.884057 3.442147 -0.098950 -0.002219 0.010327 0.155591 0.987765
1646305737.277522 8.885967 3.440364 -0.098757 -0.001945 0.010324 0.155629 0.987760
1646305737.302521 8.885239 3.440333 -0.098764 -0.001896 0.010169 0.155146 0.987837
1646305737.327520 8.885195 3.441182 -0.098911 -0.002206 0.010330 0.155583 0.987766
1646305737.327520 8.885195 3.441182 -0.098911 -0.002206 0.010330 0.155583 0.987766
1646305737.377518 8.886844 3.440195 -0.098653 -0.001972 0.010296 0.155535 0.987775
1646305737.402517 8.885970 3.440215 -0.098714 -0.001927 0.010181 0.155070 0.987849
1646305737.427516 8.885734 3.441371 -0.098801 -0.002217 0.010356 0.155452 0.987787
1646305737.427516 8.885734 3.441371 -0.098801 -0.002217 0.010356 0.155452 0.987787
1646305737.477514 8.886780 3.440384 -0.098646 -0.001968 0.010342 0.155538 0.987774
1646305737.502513 8.885684 3.440463 -0.098740 -0.001883 0.010205 0.155021 0.987857
1646305737.527512 8.885316 3.441410 -0.098833 -0.002216 0.010326 0.155436 0.987789
1646305737.527512 8.885316 3.441410 -0.098833 -0.002216 0.010326 0.155436 0.987789
1646305737.577510 8.886476 3.440435 -0.098678 -0.001954 0.010291 0.155519 0.987777
1646305737.602509 8.885465 3.440541 -0.098753 -0.001906 0.010175 0.155014 0.987858
1646305737.627508 8.884927 3.441503 -0.098820 -0.002237 0.010312 0.155322 0.987807
1646305737.627508 8.884927 3.441503 -0.098820 -0.002237 0.010312 0.155322 0.987807
1646305737.677506 8.886284 3.440153 -0.098552 -0.001996 0.010210 0.154906 0.987874
1646305737.702505 8.885373 3.440338 -0.098608 -0.001971 0.010092 0.154574 0.987928
1646305737.727504 8.885090 3.441515 -0.098692 -0.002242 0.010290 0.154995 0.987859
1646305737.727504 8.885090 3.441515 -0.098692 -0.002242 0.010290 0.154995 0.987859
1646305737.777502 8.885924 3.440207 -0.098553 -0.001964 0.010269 0.154849 0.987883
1646305737.802501 8.885100 3.440379 -0.098639 -0.001981 0.010133 0.154547 0.987932
1646305737.827500 8.884844 3.441421 -0.098674 -0.002224 0.010295 0.154952 0.987866
1646305737.827500 8.884844 3.441421 -0.098674 -0.002224 0.010295 0.154952 0.987866
1646305737.877498 8.886137 3.439978 -0.098531 -0.001950 0.010305 0.154910 0.987873
1646305737.902497 8.885266 3.440103 -0.098568 -0.001916 0.010201 0.154558 0.987929
1646305737.927496 8.884770 3.441273 -0.098593 -0.002216 0.010312 0.154994 0.987859
1646305737.927496 8.884770 3.441273 -0.098593 -0.002216 0.010312 0.154994 0.987859
1646305737.977494 8.886767 3.440278 -0.098166 -0.002030 0.010324 0.154900 0.987874
1646305738.002493 8.885845 3.440414 -0.098185 -0.001991 0.010217 0.154548 0.987930
1646305738.027492 8.885555 3.441436 -0.098251 -0.002183 0.010381 0.154977 0.987861
1646305738.027492 8.885555 3.441436 -0.098251 -0.002183 0.010381 0.154977 0.987861
1646305738.077490 8.886533 3.439919 -0.098054 -0.002026 0.010314 0.154884 0.987877
1646305738.102489 8.885521 3.439941 -0.098105 -0.002013 0.010228 0.154544 0.987931
1646305738.127488 8.885244 3.440986 -0.098147 -0.002162 0.010395 0.154976 0.987861
1646305738.127488 8.885244 3.440986 -0.098147 -0.002162 0.010395 0.154976 0.987861
1646305738.177486 8.887146 3.440475 -0.098317 -0.002035 0.010361 0.154880 0.987877
1646305738.202485 8.886296 3.440827 -0.098339 -0.001931 0.010251 0.154553 0.987929
1646305738.227484 8.885661 3.441618 -0.098514 -0.002180 0.010436 0.154947 0.987865
1646305738.227484 8.885661 3.441618 -0.098514 -0.002180 0.010436 0.154947 0.987865
1646305738.277483 8.887104 3.440687 -0.098415 -0.001973 0.010284 0.154980 0.987862
1646305738.302482 8.886196 3.440970 -0.098352 -0.001974 0.010240 0.154575 0.987926
1646305738.327481 8.885693 3.441844 -0.098418 -0.002180 0.010387 0.154936 0.987868
1646305738.327481 8.885693 3.441844 -0.098418 -0.002180 0.010387 0.154936 0.987868
1646305738.377479 8.887061 3.440537 -0.098290 -0.001997 0.010389 0.154976 0.987862
1646305738.402478 8.886190 3.440759 -0.098227 -0.001956 0.010205 0.154556 0.987929
1646305738.427477 8.885639 3.441511 -0.098389 -0.002181 0.010423 0.154897 0.987873
1646305738.427477 8.885639 3.441511 -0.098389 -0.002181 0.010423 0.154897 0.987873
1646305738.502474 8.885621 3.440463 -0.097885 -0.001952 0.010268 0.154783 0.987893
1646305738.527473 8.885317 3.441263 -0.097924 -0.002161 0.010421 0.154904 0.987872
1646305738.527473 8.885317 3.441263 -0.097924 -0.002161 0.010421 0.154904 0.987872
1646305738.577471 8.887406 3.440219 -0.097841 -0.001956 0.010318 0.154873 0.987879
1646305738.602470 8.886982 3.440208 -0.097813 -0.001918 0.010264 0.154613 0.987920
1646305738.627469 8.886953 3.441477 -0.097993 -0.002160 0.010393 0.154907 0.987872
1646305738.627469 8.886953 3.441477 -0.097993 -0.002160 0.010393 0.154907 0.987872
1646305738.677467 8.887720 3.439604 -0.098034 -0.002070 0.010421 0.154937 0.987867
1646305738.702466 8.887064 3.439431 -0.098103 -0.001891 0.010344 0.154614 0.987919
1646305738.727465 8.886797 3.441203 -0.098447 -0.002169 0.010435 0.154834 0.987883
1646305738.727465 8.886797 3.441203 -0.098447 -0.002169 0.010435 0.154834 0.987883
1646305738.777463 8.887840 3.439824 -0.098220 -0.002036 0.010369 0.154875 0.987878
1646305738.802462 8.887628 3.439751 -0.098240 -0.002076 0.010494 0.155038 0.987851
1646305738.827461 8.886950 3.441116 -0.098331 -0.002157 0.010424 0.154858 0.987879
1646305738.827461 8.886950 3.441116 -0.098331 -0.002157 0.010424 0.154858 0.987879
1646305738.877459 8.887679 3.439815 -0.098103 -0.002033 0.010382 0.154911 0.987872
1646305738.902458 8.887250 3.439744 -0.098136 -0.002055 0.010460 0.154764 0.987894
1646305738.927457 8.886595 3.441371 -0.098378 -0.002170 0.010383 0.154876 0.987877
1646305738.927457 8.886595 3.441371 -0.098378 -0.002170 0.010383 0.154876 0.987877
1646305738.977455 8.887197 3.440028 -0.098268 -0.002083 0.010398 0.154924 0.987869
1646305739.002454 8.887012 3.440609 -0.098385 -0.002098 0.010246 0.154536 0.987932
1646305739.027453 8.886612 3.441845 -0.098597 -0.002179 0.010448 0.154844 0.987881
1646305739.027453 8.886612 3.441845 -0.098597 -0.002179 0.010448 0.154844 0.987881
1646305739.077449 8.887784 3.440010 -0.098088 -0.001988 0.010354 0.154904 0.987873
1646305739.102448 8.888714 3.439352 -0.097710 -0.002030 0.010270 0.154472 0.987942
1646305739.127447 8.888176 3.440771 -0.097844 -0.002127 0.010421 0.154819 0.987886
1646305739.127447 8.888176 3.440771 -0.097844 -0.002127 0.010421 0.154819 0.987886
1646305739.177445 8.888098 3.439308 -0.097863 -0.002002 0.010356 0.154905 0.987873
1646305739.202444 8.891155 3.438767 -0.097531 -0.001940 0.010315 0.154405 0.987952
1646305739.227443 8.890584 3.440216 -0.097709 -0.002132 0.010449 0.154747 0.987897
1646305739.227443 8.890584 3.440216 -0.097709 -0.002132 0.010449 0.154747 0.987897
1646305739.277441 8.888934 3.439022 -0.097953 -0.001967 0.010313 0.154939 0.987868
1646305739.302440 8.891900 3.440397 -0.097278 -0.001890 0.010377 0.154403 0.987952
1646305739.327439 8.890871 3.441772 -0.097489 -0.002119 0.010443 0.154711 0.987902
1646305739.327439 8.890871 3.441772 -0.097489 -0.002119 0.010443 0.154711 0.987902
1646305739.377437 8.889121 3.440790 -0.097735 -0.002007 0.010340 0.154932 0.987869
1646305739.402436 8.891881 3.442076 -0.097094 -0.001914 0.010345 0.154441 0.987946
1646305739.427435 8.890751 3.442807 -0.097383 -0.002123 0.010403 0.154716 0.987902
1646305739.427435 8.890751 3.442807 -0.097383 -0.002123 0.010403 0.154716 0.987902
1646305739.477433 8.890857 3.440528 -0.097706 -0.002028 0.010356 0.154966 0.987864
1646305739.502432 8.891958 3.441614 -0.097478 -0.001916 0.010345 0.154383 0.987955
1646305739.527431 8.890836 3.442265 -0.097770 -0.002143 0.010462 0.154710 0.987902
1646305739.527431 8.890836 3.442265 -0.097770 -0.002143 0.010462 0.154710 0.987902
1646305739.577429 8.891474 3.440970 -0.097677 -0.002063 0.010377 0.154954 0.987865
1646305739.602428 8.893919 3.440969 -0.097739 -0.002036 0.010286 0.154376 0.987957
1646305739.627427 8.892852 3.441758 -0.098016 -0.002136 0.010445 0.154651 0.987912
1646305739.627427 8.892852 3.441758 -0.098016 -0.002136 0.010445 0.154651 0.987912
1646305739.677425 8.890352 3.440223 -0.098063 -0.002029 0.010388 0.154951 0.987865
1646305739.702424 8.891047 3.438151 -0.097995 -0.001971 0.010324 0.154370 0.987957
1646305739.727423 8.889723 3.439669 -0.098203 -0.002140 0.010448 0.154708 0.987903
1646305739.727423 8.889723 3.439669 -0.098203 -0.002140 0.010448 0.154708 0.987903
1646305739.777421 8.888561 3.438884 -0.097899 -0.002011 0.010354 0.154943 0.987867
1646305739.802420 8.888847 3.437267 -0.097897 -0.001953 0.010314 0.154364 0.987958
1646305739.827419 8.887786 3.439328 -0.098083 -0.002128 0.010416 0.154775 0.987892
1646305739.827419 8.887786 3.439328 -0.098083 -0.002128 0.010416 0.154775 0.987892
1646305739.877417 8.887916 3.439162 -0.097806 -0.001990 0.010339 0.154903 0.987874
1646305739.902416 8.886935 3.438778 -0.097935 -0.002004 0.010255 0.154418 0.987950
1646305739.927415 8.886250 3.440375 -0.098168 -0.002146 0.010443 0.154848 0.987881
1646305739.927415 8.886250 3.440375 -0.098168 -0.002146 0.010443 0.154848 0.987881
1646305739.977413 8.887709 3.439549 -0.098085 -0.002050 0.010358 0.154925 0.987870
1646305740.002412 8.886673 3.439467 -0.098209 -0.002074 0.010247 0.154391 0.987955
1646305740.027411 8.886095 3.441013 -0.098397 -0.002150 0.010385 0.154823 0.987885
1646305740.027411 8.886095 3.441013 -0.098397 -0.002150 0.010385 0.154823 0.987885
1646305740.077410 8.887598 3.439897 -0.097953 -0.001996 0.010338 0.154907 0.987873
1646305740.102408 8.886307 3.439500 -0.098022 -0.001980 0.010273 0.154429 0.987949
1646305740.127407 8.886072 3.440553 -0.098177 -0.002150 0.010423 0.154849 0.987881
1646305740.127407 8.886072 3.440553 -0.098177 -0.002150 0.010423 0.154849 0.987881
1646305740.177406 8.887416 3.439112 -0.098047 -0.001978 0.010333 0.154945 0.987867
1646305740.202404 8.885822 3.438487 -0.097946 -0.002004 0.010253 0.154426 0.987949
1646305740.227403 8.885400 3.439911 -0.098072 -0.002149 0.010411 0.154876 0.987877
1646305740.227403 8.885400 3.439911 -0.098072 -0.002149 0.010411 0.154876 0.987877
1646305740.277401 8.886799 3.438335 -0.097992 -0.001991 0.010355 0.154904 0.987873
1646305740.302401 8.886803 3.438321 -0.097844 -0.001979 0.010283 0.154406 0.987952
1646305740.327399 8.886629 3.439872 -0.097993 -0.002141 0.010413 0.154844 0.987882
1646305740.327399 8.886629 3.439872 -0.097993 -0.002141 0.010413 0.154844 0.987882
1646305740.377398 8.887247 3.438755 -0.098164 -0.002028 0.010367 0.154931 0.987869
1646305740.402396 8.888454 3.440589 -0.098042 -0.001973 0.010375 0.154505 0.987935
1646305740.427396 8.888250 3.441620 -0.098264 -0.002167 0.010424 0.154786 0.987891
1646305740.427396 8.888250 3.441620 -0.098264 -0.002167 0.010424 0.154786 0.987891
1646305740.477394 8.888109 3.439462 -0.098146 -0.002010 0.010348 0.154926 0.987870
1646305740.502393 8.886221 3.440622 -0.098458 -0.001983 0.010350 0.154470 0.987941
1646305740.527392 8.885679 3.441592 -0.098614 -0.002175 0.010441 0.154853 0.987880
1646305740.527392 8.885679 3.441592 -0.098614 -0.002175 0.010441 0.154853 0.987880
1646305740.577390 8.887525 3.440061 -0.097663 -0.002006 0.010346 0.154886 0.987876
1646305740.602389 8.884351 3.441019 -0.098084 -0.001968 0.010317 0.154535 0.987931
1646305740.627388 8.884054 3.442059 -0.098287 -0.002155 0.010412 0.154912 0.987871
1646305740.627388 8.884054 3.442059 -0.098287 -0.002155 0.010412 0.154912 0.987871
1646305740.677386 8.886700 3.440376 -0.097988 -0.002004 0.010328 0.154931 0.987869
1646305740.702385 8.883286 3.441272 -0.098480 -0.002031 0.010252 0.154493 0.987939
1646305740.727384 8.883190 3.442150 -0.098698 -0.002173 0.010424 0.154924 0.987869
1646305740.727384 8.883190 3.442150 -0.098698 -0.002173 0.010424 0.154924 0.987869
1646305740.777382 8.885537 3.439968 -0.098333 -0.002013 0.010367 0.154934 0.987868
1646305740.802381 8.884287 3.440665 -0.098752 -0.002091 0.010176 0.154529 0.987934
1646305740.827380 8.884501 3.441690 -0.098876 -0.002184 0.010422 0.154902 0.987872
1646305740.827380 8.884501 3.441690 -0.098876 -0.002184 0.010422 0.154902 0.987872
1646305740.877378 8.886765 3.439905 -0.098251 -0.002009 0.010353 0.154962 0.987864
1646305740.902377 8.882243 3.441812 -0.098131 -0.002073 0.010226 0.154577 0.987926
1646305740.927376 8.882284 3.442499 -0.098235 -0.002167 0.010398 0.154949 0.987865
1646305740.927376 8.882284 3.442499 -0.098235 -0.002167 0.010398 0.154949 0.987865
1646305740.977374 8.885733 3.440273 -0.097899 -0.002024 0.010370 0.154890 0.987875
1646305741.002373 8.885408 3.445059 -0.096935 -0.002039 0.010226 0.154537 0.987932
1646305741.027372 8.885641 3.444807 -0.097275 -0.002139 0.010429 0.154891 0.987874
1646305741.027372 8.885641 3.444807 -0.097275 -0.002139 0.010429 0.154891 0.987874
1646305741.077370 8.887919 3.442136 -0.097565 -0.002019 0.010357 0.154949 0.987866
1646305741.102369 8.888675 3.446673 -0.096560 -0.002033 0.010235 0.154580 0.987925
1646305741.127368 8.888635 3.445957 -0.096990 -0.002112 0.010391 0.154784 0.987891
1646305741.127368 8.888635 3.445957 -0.096990 -0.002112 0.010391 0.154784 0.987891
1646305741.177366 8.888923 3.442085 -0.097624 -0.002023 0.010370 0.154960 0.987864
1646305741.202365 8.888911 3.446456 -0.096806 -0.002038 0.010235 0.154521 0.987934
1646305741.227364 8.888448 3.445431 -0.097298 -0.002131 0.010432 0.154770 0.987893
1646305741.227364 8.888448 3.445431 -0.097298 -0.002131 0.010432 0.154770 0.987893
1646305741.277362 8.887992 3.441388 -0.097815 -0.002038 0.010362 0.154948 0.987866
1646305741.302361 8.887534 3.445473 -0.097022 -0.002071 0.010216 0.154544 0.987931
1646305741.327360 8.887031 3.444755 -0.097456 -0.002145 0.010412 0.154834 0.987883
1646305741.327360 8.887031 3.444755 -0.097456 -0.002145 0.010412 0.154834 0.987883
1646305741.377358 8.888083 3.440921 -0.097768 -0.002074 0.010396 0.154949 0.987866
1646305741.402357 8.887525 3.444994 -0.097386 -0.002019 0.010278 0.154528 0.987933
1646305741.427356 8.887002 3.444526 -0.097772 -0.002138 0.010442 0.154803 0.987888
1646305741.427356 8.887002 3.444526 -0.097772 -0.002138 0.010442 0.154803 0.987888
1646305741.477354 8.887540 3.441019 -0.097913 -0.002015 0.010361 0.154943 0.987867
1646305741.502353 8.883517 3.445249 -0.097960 -0.001999 0.010238 0.154551 0.987930
1646305741.527352 8.883035 3.444780 -0.098335 -0.002171 0.010424 0.154948 0.987865
1646305741.527352 8.883035 3.444780 -0.098335 -0.002171 0.010424 0.154948 0.987865
1646305741.577350 8.886020 3.441272 -0.098052 -0.002027 0.010370 0.154951 0.987866
1646305741.602349 8.884591 3.445316 -0.097622 -0.001927 0.010280 0.154479 0.987941
1646305741.627348 8.884578 3.444735 -0.097955 -0.002158 0.010388 0.154886 0.987875
1646305741.627348 8.884578 3.444735 -0.097955 -0.002158 0.010388 0.154886 0.987875
1646305741.677346 8.887146 3.440997 -0.097730 -0.001983 0.010334 0.154966 0.987864
1646305741.702345 8.887250 3.441739 -0.097238 -0.001895 0.010206 0.154500 0.987938
1646305741.727345 8.887194 3.441943 -0.097472 -0.002140 0.010428 0.154813 0.987887
1646305741.727345 8.887194 3.441943 -0.097472 -0.002140 0.010428 0.154813 0.987887
1646305741.777342 8.888818 3.437725 -0.097726 -0.002015 0.010351 0.154935 0.987868
1646305741.802341 8.889285 3.436655 -0.097412 -0.001955 0.010224 0.154511 0.987936
1646305741.827340 8.889031 3.438253 -0.097615 -0.002114 0.010412 0.154778 0.987892
1646305741.827340 8.889031 3.438253 -0.097615 -0.002114 0.010412 0.154778 0.987892
1646305741.877338 8.887260 3.437061 -0.098398 -0.001991 0.010367 0.154909 0.987872
1646305741.902338 8.885792 3.436698 -0.098514 -0.001921 0.010391 0.154467 0.987941
1646305741.927337 8.885346 3.438983 -0.098652 -0.002168 0.010425 0.154862 0.987879
1646305741.927337 8.885346 3.438983 -0.098652 -0.002168 0.010425 0.154862 0.987879
1646305741.977334 8.886992 3.440085 -0.098169 -0.001990 0.010361 0.154922 0.987870
1646305742.002334 8.885287 3.440041 -0.098235 -0.002014 0.010423 0.154517 0.987933
1646305742.052332 8.884465 3.442157 -0.098569 -0.002136 0.010415 0.154865 0.987879
1646305742.077331 8.884245 3.441233 -0.098383 -0.002029 0.010441 0.154882 0.987876
1646305742.102330 8.884838 3.442331 -0.098082 -0.002028 0.010346 0.154904 0.987873
1646305742.127329 8.885027 3.443002 -0.098406 -0.002165 0.010438 0.154884 0.987875
1646305742.127329 8.885027 3.443002 -0.098406 -0.002165 0.010438 0.154884 0.987875
1646305742.177327 8.885441 3.439687 -0.096974 -0.002038 0.010362 0.154910 0.987872
1646305742.202326 8.883999 3.438832 -0.097022 -0.001983 0.010342 0.154528 0.987932
1646305742.227325 8.884028 3.440172 -0.097277 -0.002112 0.010408 0.154914 0.987871
1646305742.227325 8.884028 3.440172 -0.097277 -0.002112 0.010408 0.154914 0.987871
1646305742.277323 8.887236 3.439682 -0.096826 -0.002083 0.010382 0.154915 0.987871
1646305742.302322 8.885488 3.438712 -0.097051 -0.001952 0.010369 0.154574 0.987925
1646305742.327321 8.885656 3.440221 -0.097473 -0.002133 0.010434 0.154868 0.987878
1646305742.327321 8.885656 3.440221 -0.097473 -0.002133 0.010434 0.154868 0.987878
1646305742.377319 8.887731 3.439985 -0.097021 -0.002061 0.010374 0.154909 0.987872
1646305742.402318 8.883977 3.440751 -0.097272 -0.002095 0.010374 0.154498 0.987936
1646305742.427317 8.883815 3.441550 -0.097735 -0.002151 0.010440 0.154912 0.987871
1646305742.427317 8.883815 3.441550 -0.097735 -0.002151 0.010440 0.154912 0.987871
1646305742.477315 8.887270 3.441235 -0.097197 -0.002043 0.010337 0.154925 0.987870
1646305742.502314 8.886157 3.441087 -0.097496 -0.002024 0.010427 0.154650 0.987912
1646305742.527313 8.886042 3.441766 -0.097893 -0.002142 0.010417 0.154856 0.987880
1646305742.527313 8.886042 3.441766 -0.097893 -0.002142 0.010417 0.154856 0.987880
1646305742.577311 8.888977 3.441087 -0.097232 -0.002045 0.010350 0.154935 0.987868
1646305742.602310 8.887867 3.440706 -0.097828 -0.002106 0.010449 0.154954 0.987864
1646305742.627309 8.887333 3.441560 -0.098274 -0.002149 0.010442 0.154815 0.987886
1646305742.627309 8.887333 3.441560 -0.098274 -0.002149 0.010442 0.154815 0.987886
1646305742.677307 8.889091 3.441071 -0.097467 -0.002010 0.010373 0.154968 0.987863
1646305742.702306 8.887829 3.440783 -0.097555 -0.001978 0.010444 0.155007 0.987856
1646305742.727305 8.887086 3.441407 -0.097885 -0.002142 0.010440 0.154823 0.987885
1646305742.727305 8.887086 3.441407 -0.097885 -0.002142 0.010440 0.154823 0.987885
1646305742.777303 8.889173 3.440728 -0.097062 -0.001986 0.010319 0.154945 0.987867
1646305742.802302 8.888059 3.440519 -0.097117 -0.001990 0.010450 0.155042 0.987851
1646305742.827301 8.887180 3.441130 -0.097568 -0.002135 0.010443 0.154850 0.987880
1646305742.827301 8.887180 3.441130 -0.097568 -0.002135 0.010443 0.154850 0.987880
1646305742.877299 8.888172 3.439967 -0.096992 -0.002009 0.010336 0.154950 0.987866
1646305742.902298 8.887261 3.439869 -0.097101 -0.001849 0.010378 0.154932 0.987869
1646305742.927297 8.886442 3.441042 -0.097534 -0.002124 0.010447 0.154839 0.987882
1646305742.927297 8.886442 3.441042 -0.097534 -0.002124 0.010447 0.154839 0.987882
1646305742.977295 8.888394 3.439865 -0.097075 -0.002075 0.010386 0.154951 0.987865
1646305743.002294 8.888314 3.440255 -0.097286 -0.001878 0.010303 0.154738 0.987900
1646305743.027293 8.887419 3.441204 -0.097767 -0.002126 0.010414 0.154797 0.987889
1646305743.027293 8.887419 3.441204 -0.097767 -0.002126 0.010414 0.154797 0.987889
1646305743.077284 8.888552 3.439675 -0.097253 -0.002065 0.010398 0.154948 0.987866
1646305743.102283 8.888753 3.440178 -0.097512 -0.001892 0.010283 0.154680 0.987909
1646305743.152281 8.887238 3.441272 -0.098040 -0.002104 0.010429 0.154804 0.987888
1646305743.177280 8.886998 3.440228 -0.097978 -0.002008 0.010344 0.154927 0.987870
1646305743.202279 8.886760 3.440293 -0.097893 -0.001972 0.010324 0.154919 0.987871
1646305743.227278 8.886203 3.441470 -0.098221 -0.002153 0.010429 0.154851 0.987880
1646305743.227278 8.886203 3.441470 -0.098221 -0.002153 0.010429 0.154851 0.987880
1646305743.277276 8.888333 3.440194 -0.097300 -0.002053 0.010393 0.154943 0.987867
1646305743.302275 8.888713 3.440997 -0.097545 -0.001955 0.010251 0.154648 0.987915
1646305743.327274 8.888138 3.441775 -0.097967 -0.002137 0.010430 0.154770 0.987893
1646305743.327274 8.888138 3.441775 -0.097967 -0.002137 0.010430 0.154770 0.987893
1646305743.377272 8.888925 3.440628 -0.097149 -0.002054 0.010362 0.154935 0.987868
1646305743.402271 8.889166 3.441361 -0.097404 -0.001927 0.010256 0.154676 0.987910
1646305743.427270 8.888323 3.442127 -0.097864 -0.002139 0.010420 0.154781 0.987892
1646305743.427270 8.888323 3.442127 -0.097864 -0.002139 0.010420 0.154781 0.987892
1646305743.477268 8.889059 3.440575 -0.097203 -0.002005 0.010336 0.154960 0.987865
1646305743.502267 8.889289 3.441257 -0.097469 -0.001878 0.010259 0.154677 0.987910
1646305743.527266 8.888321 3.441938 -0.097931 -0.002138 0.010426 0.154794 0.987889
1646305743.527266 8.888321 3.441938 -0.097931 -0.002138 0.010426 0.154794 0.987889
1646305743.577264 8.889169 3.440011 -0.097163 -0.002081 0.010386 0.154952 0.987865
1646305743.602263 8.889306 3.440492 -0.097456 -0.001942 0.010235 0.154635 0.987917
1646305743.627262 8.888218 3.441182 -0.097868 -0.002135 0.010419 0.154778 0.987892
1646305743.627262 8.888218 3.441182 -0.097868 -0.002135 0.010419 0.154778 0.987892
1646305743.677260 8.887958 3.440373 -0.097499 -0.002285 0.010516 0.155121 0.987837
1646305743.702259 8.330864 3.859531 -0.153632 -0.355236 0.295550 0.461493 0.757286
1646305743.727258 8.062400 4.004952 -0.171734 0.577545 -0.468570 -0.606487 -0.281173
1646305743.727258 8.062400 4.004952 -0.171734 0.577545 -0.468570 -0.606487 -0.281173
1646305743.777256 7.352408 4.271114 -0.073198 0.417581 -0.326395 -0.286905 0.797983
1646305743.802255 6.982086 4.441565 0.039571 0.091921 -0.062325 0.061452 0.991912
1646305743.827254 6.567472 4.659648 0.153756 -0.264952 0.223137 0.386941 0.854568
1646305743.827254 6.567472 4.659648 0.153756 -0.264952 0.223137 0.386941 0.854568
1646305743.877252 5.205615 5.228053 0.394809 0.619646 -0.481418 -0.566622 0.251426
1646305743.902251 4.591650 5.440605 0.598130 0.454150 -0.340630 -0.318120 0.759288
1646305743.927249 3.960925 5.693526 0.842607 0.121894 -0.074741 0.047452 0.988587
1646305743.927249 3.960925 5.693526 0.842607 0.121894 -0.074741 0.047452 0.988587
1646305743.977247 2.487303 6.324973 1.351456 0.548899 -0.439825 -0.604583 -0.373823
1646305744.002246 1.341743 6.720616 1.625714 0.623920 -0.454035 -0.527096 0.356013
1646305744.027246 0.476159 7.007068 1.968045 0.415895 -0.293122 -0.234467 0.828333
1646305744.027246 0.476159 7.007068 1.968045 0.415895 -0.293122 -0.234467 0.828333
1646305744.077243 -1.390660 7.729068 2.731157 -0.348336 0.269549 0.482330 0.757208
1646305744.127241 -10.780085 10.871135 7.434244 0.438237 -0.464766 -0.745356 -0.190748
1646305744.127241 -10.780085 10.871135 7.434244 0.438237 -0.464766 -0.745356 -0.190748
1646305744.177239 -14.425016 11.646211 8.944401 0.181812 0.121536 0.029762 0.975340
1646305744.202238 -16.277571 12.100472 9.740619 -0.245063 0.420291 0.589760 0.644579
1646305744.227237 -18.227502 12.548257 10.572996 0.501954 -0.427685 -0.739878 0.133076
1646305744.227237 -18.227502 12.548257 10.572996 0.501954 -0.427685 -0.739878 0.133076
1646305744.277235 -22.276734 13.469627 12.452800 0.017349 0.259390 0.270015 0.927096
1646305744.302234 -24.365901 13.990858 13.421366 -0.377585 0.462941 0.708831 0.375065
1646305744.327233 -26.542923 14.483090 14.441902 0.510272 -0.344962 -0.654960 0.437779
1646305744.327233 -26.542923 14.483090 14.441902 0.510272 -0.344962 -0.654960 0.437779
1646305744.377231 -31.005070 15.560154 16.679128 -0.146170 0.368627 0.478493 0.783449
1646305744.402230 -33.328504 16.135828 17.824800 0.468536 -0.457087 -0.752687 -0.070772
1646305744.427229 -35.708119 16.673920 19.024809 0.464588 -0.229130 -0.502592 0.692141
1646305744.427229 -35.708119 16.673920 19.024809 0.464588 -0.229130 -0.502592 0.692141
1646305744.477227 -40.595179 17.906290 21.606738 -0.293488 0.439591 0.634411 0.564045
1646305744.502226 -43.143712 18.529542 22.934481 0.511169 -0.407028 -0.719445 0.235444
1646305744.527225 -45.712495 19.138875 24.339669 0.373807 -0.092224 -0.304981 0.871062
1646305744.527225 -45.712495 19.138875 24.339669 0.373807 -0.092224 -0.304981 0.871062
1646305744.577223 -51.032076 20.517170 27.261217 -0.407637 0.467052 0.726469 0.296543
1646305744.602222 -53.792993 21.189037 28.776668 0.503243 -0.318698 -0.619682 0.511051
1646305744.627221 -56.562495 21.874113 30.358592 0.249218 0.051059 -0.082385 0.963585
1646305744.627221 -56.562495 21.874113 30.358592 0.249218 0.051059 -0.082385 0.963585
1646305744.677219 -62.317426 23.382738 33.617155 0.482162 -0.451469 -0.750762 -0.007219
1646305744.702218 -65.280977 24.110142 35.321542 0.449519 -0.202895 -0.465657 0.734799
1646305744.752216 -71.308550 25.701203 38.863659 -0.313041 0.446497 0.652242 0.526523
1646305744.777215 -74.450115 26.504241 40.686337 0.513167 -0.396177 -0.708395 0.279069
1646305744.802214 -77.719823 27.239136 42.567553 0.355047 -0.067993 -0.265675 0.893720
1646305744.827213 -80.916052 28.090181 44.500272 -0.051859 0.305191 0.359126 0.880453
1646305744.827213 -80.916052 28.090181 44.500272 -0.051859 0.305191 0.359126 0.880453
1646305744.877211 -87.866025 29.894186 48.645474 0.488392 -0.274994 -0.562372 0.607939
1646305744.902210 -91.233991 30.766727 50.724069 0.193164 0.105881 0.010482 0.975380
1646305744.927208 -94.666600 31.697116 52.812352 -0.236510 0.413275 0.575819 0.664604
1646305744.927208 -94.666600 31.697116 52.812352 -0.236510 0.413275 0.575819 0.664604
1646305744.977206 -102.044894 33.607122 57.332691 0.395713 -0.121013 -0.345223 0.842370
1646305745.002205 -105.627444 34.569921 59.588582 0.007671 0.262410 0.280250 0.923332
1646305745.052203 -113.051953 36.521668 64.198200 0.512141 -0.342436 -0.645929 0.450804
1646305745.077202 -116.813088 37.501506 66.591853 0.280874 0.015819 -0.132139 0.950473
1646305745.102201 -120.607418 38.545418 69.022501 -0.145677 0.363389 0.473490 0.789008
1646305745.127200 -124.513769 39.602004 71.473943 0.470734 -0.457987 -0.749967 -0.078787
1646305745.127200 -124.513769 39.602004 71.473943 0.470734 -0.457987 -0.749967 -0.078787
1646305745.177198 -132.693966 41.761983 76.730001 0.112241 0.177086 0.132925 0.968697
1646305745.202197 -136.738319 42.883031 79.326914 -0.309013 0.442139 0.646408 0.539611
1646305745.252195 -145.027856 45.076917 84.669742 0.363279 -0.079254 -0.280287 0.884978
1646305745.277194 -149.211040 46.227907 87.418142 -0.041475 0.296143 0.344647 0.889830
1646305745.302193 -153.453754 47.480638 90.154216 -0.417235 0.465023 0.730382 0.276064
1646305745.327192 -157.795405 48.635375 92.974002 0.500489 -0.306012 -0.613472 0.528696
1646305745.327192 -157.795405 48.635375 92.974002 0.500489 -0.306012 -0.613472 0.528696
1646305745.377190 -166.763925 51.103975 98.910074 -0.206525 0.398201 0.534002 0.716677
1646305745.402189 -171.270217 52.339032 101.848005 0.495320 -0.445385 -0.745268 0.029424
1646305745.427188 -175.811756 53.547248 104.852986 0.447279 -0.184955 -0.441976 0.755242
1646305745.427188 -175.811756 53.547248 104.852986 0.447279 -0.184955 -0.441976 0.755242
1646305745.477186 -185.198405 56.163395 111.117893 -0.342588 0.460334 0.671465 0.468893
1646305745.502185 -189.925291 57.445906 114.242071 0.520744 -0.379593 -0.683550 0.342774
1646305745.527184 -194.666590 58.724371 117.436422 0.334454 -0.034622 -0.218519 0.916074
1646305745.552183 -199.451513 60.064752 120.669130 -0.085453 0.332593 0.399731 0.849879
1646305745.577182 -204.327059 61.430856 123.923196 0.444601 -0.466795 -0.740182 -0.191212
1646305745.602181 -209.263916 62.763370 127.235119 0.492940 -0.276463 -0.565907 0.600273
1646305745.627180 -214.207162 64.120303 130.611991 0.198234 0.104647 0.001785 0.974551
1646305745.652179 -219.251395 65.509082 134.009522 -0.232500 0.411147 0.568484 0.673593
1646305745.677178 -224.357867 66.924692 137.444093 0.501867 -0.435265 -0.741645 0.092937
1646305745.702177 -229.498909 68.316075 140.947160 0.425410 -0.159771 -0.401732 0.795054
1646305745.727176 -234.655709 69.756454 144.503284 0.057252 0.226977 0.215594 0.948010
1646305745.777174 -245.155484 72.766633 151.672223 0.519356 -0.378703 -0.683464 0.346020
1646305745.802173 -250.497394 74.225554 155.365220 0.337959 -0.036696 -0.217585 0.914928
1646305745.827172 -255.873396 75.750522 159.098768 -0.077906 0.331805 0.398017 0.851715
1646305745.852170 -261.347445 77.295243 162.858337 0.440772 -0.470463 -0.737985 -0.199405
1646305745.877169 -266.883534 78.815041 166.674914 0.499026 -0.283849 -0.567303 0.590399
1646305745.902169 -272.429365 80.356980 170.557488 0.212982 0.098622 -0.004826 0.972054
1646305745.927167 -278.035536 81.961903 174.469373 -0.219764 0.413209 0.560671 0.683089
1646305745.952166 -283.739159 83.566333 178.415206 0.500969 -0.443318 -0.739299 0.077046
1646305745.977165 -289.481093 85.146746 182.428693 0.436446 -0.168262 -0.407199 0.784469
1646305746.002164 -295.240940 86.774155 186.496158 0.070781 0.222363 0.206856 0.950134
1646305746.027163 -301.084104 88.449870 190.587152 -0.343567 0.459184 0.678199 0.459519
1646305746.052162 -307.011233 90.057325 194.736313 0.521428 -0.378748 -0.681385 0.346955
1646305746.077161 -312.956111 91.704843 198.943964 0.339836 -0.037567 -0.216238 0.914517
1646305746.102160 -318.937043 93.413835 203.191800 -0.075683 0.329285 0.396113 0.853779
1646305746.127159 -325.015583 95.148206 207.463281 0.439626 -0.469999 -0.736357 -0.208825
1646305746.152158 -331.158043 96.854493 211.793061 0.503350 -0.289353 -0.573488 0.577949
1646305746.152158 -331.158043 96.854493 211.793061 0.503350 -0.289353 -0.573488 0.577949
1646305746.202156 -344.047944 100.521096 220.988291 -0.240901 0.422099 0.581439 0.652478
1646305746.227155 -350.355660 102.124657 225.546828 0.510505 -0.430390 -0.736609 0.107504
1646305746.252154 -356.702930 103.877888 230.080906 0.438221 -0.152495 -0.390688 0.795029
1646305746.252154 -356.702930 103.877888 230.080906 0.438221 -0.152495 -0.390688 0.795029
1646305746.302152 -370.018020 107.667229 239.631602 -0.372216 0.460217 0.697780 0.403433
1646305746.327151 -376.557514 109.488183 244.290583 0.529251 -0.355693 -0.661500 0.394706
1646305746.352150 -383.113046 111.311653 249.019686 0.330287 -0.012225 -0.179170 0.926639
1646305746.377149 -389.705728 113.196634 253.788231 -0.089671 0.339177 0.424372 0.834761
1646305746.402148 -396.398301 115.102608 258.580799 0.447954 -0.463463 -0.742575 -0.181994
1646305746.427147 -403.150522 116.976324 263.432162 0.505182 -0.278461 -0.562569 0.592256
1646305746.452146 -409.918630 118.875254 268.344842 0.224442 0.091191 -0.005839 0.970194
1646305746.477145 -416.745893 120.829028 273.288458 -0.206381 0.398972 0.555717 0.699576
1646305746.502144 -423.666622 122.786595 278.263001 0.498844 -0.438959 -0.746230 0.040126
1646305746.527143 -430.625782 124.717511 283.303214 0.455733 -0.183792 -0.435932 0.753983
1646305746.552142 -437.604628 126.711992 288.412741 0.104379 0.194467 0.167439 0.960860
1646305746.577141 -444.658098 128.739160 293.531110 -0.318408 0.442367 0.658847 0.518506
1646305746.602140 -451.800433 130.746168 298.689888 0.525409 -0.390099 -0.704039 0.275860
1646305746.627139 -458.962886 132.741987 303.918414 0.375367 -0.073177 -0.271050 0.883333
1646305746.652138 -466.151729 134.801137 309.193123 -0.030399 0.293393 0.346640 0.890414
1646305746.677137 -473.438569 136.888408 314.486462 -0.415767 0.460033 0.728704 0.290686
1646305746.702136 -480.794846 138.944022 319.832648 0.517257 -0.312596 -0.613551 0.508217
1646305746.752134 -495.577227 143.144917 330.690971 -0.168896 0.376047 0.510802 0.754417
1646305746.777133 -503.094800 145.283600 336.161990 0.487000 -0.446250 -0.750104 -0.032173
1646305746.802131 -510.656832 147.392199 341.696819 0.471734 -0.209842 -0.474569 0.712894
1646305746.827131 -518.230261 149.539555 347.290240 0.132083 0.172015 0.128202 0.967744
1646305746.852129 -525.902659 151.733639 352.901436 -0.299290 0.435761 0.642977 0.554183
1646305746.902128 -541.411116 156.089271 364.281131 0.384756 -0.087196 -0.287686 0.872695
1646305746.927126 -549.203180 158.306845 370.061573 -0.019697 0.283791 0.338350 0.896992
1646305746.952125 -557.113500 160.566169 375.839432 -0.410817 0.456464 0.729062 0.302222
1646305746.977124 -565.068673 162.796624 381.684555 0.517705 -0.315285 -0.618191 0.500416
1646305747.002123 -573.038028 165.038657 387.595148 0.267911 0.043235 -0.082480 0.958932
1646305747.027122 -581.058384 167.345041 393.538143 -0.166740 0.372373 0.509786 0.757400
1646305747.052124 -589.127056 169.605229 399.524683 0.486701 -0.446499 -0.750021 -0.035059
1646305747.102122 -605.465560 174.208055 411.652997 0.131493 0.168630 0.130095 0.968168
1646305747.127121 -613.717892 176.583232 417.770582 -0.298594 0.432760 0.644538 0.555096
1646305747.152120 -622.061859 178.942611 423.926425 0.522064 -0.398405 -0.714693 0.240698
1646305747.202118 -638.822436 183.688973 436.421764 -0.016324 0.278950 0.330039 0.901662
1646305747.227117 -647.309987 186.124930 442.712428 -0.406586 0.456104 0.726675 0.314005
1646305747.252116 -655.868975 188.530449 449.053715 0.517643 -0.319824 -0.624458 0.489703
1646305747.277115 -664.437589 190.946049 455.462778 0.272631 0.036892 -0.092079 0.956991
1646305747.302114 -673.057111 193.426085 461.903450 -0.160616 0.368442 0.504081 0.764431
1646305747.352112 -690.542792 198.368250 474.899425 0.472228 -0.215493 -0.483704 0.704694
1646305747.377111 -699.321206 200.861017 481.485247 0.137111 0.161707 0.116679 0.970277
1646305747.402110 -708.173072 203.410431 488.095405 -0.291432 0.428590 0.637116 0.570492
1646305747.427109 -717.116895 205.942892 494.742961 0.520040 -0.402620 -0.720144 0.221014
1646305747.452108 -726.099691 208.460091 501.442053 0.397216 -0.103058 -0.308673 0.858090
1646305747.477107 -735.094800 211.031452 508.204382 -0.002511 0.265845 0.315966 0.910761
1646305747.502106 -744.183346 213.638318 514.986868 -0.400203 0.452012 0.723044 0.335754
1646305747.527105 -753.345055 216.214431 521.819412 0.521803 -0.327709 -0.631470 0.470716
1646305747.552104 -762.517993 218.798934 528.720029 0.284182 0.021751 -0.104291 0.952833
1646305747.577103 -771.740474 221.435019 535.655897 -0.148885 0.356042 0.495101 0.778423
1646305747.602102 -781.064957 224.094551 542.613343 0.479796 -0.444723 -0.753313 -0.067350
1646305747.627100 -790.434466 226.720911 549.633568 0.479587 -0.225838 -0.492251 0.690422
1646305747.652099 -799.840529 229.423672 556.693797 0.148216 0.148618 0.108250 0.971713
1646305747.677099 -809.293879 232.139992 563.797866 -0.287539 0.420176 0.633214 0.582935
1646305747.702097 -818.830431 234.852791 570.938276 0.524707 -0.401104 -0.721409 0.208247
1646305747.727097 -828.402287 237.538928 578.143371 0.398996 -0.104151 -0.310882 0.856333
1646305747.752095 -838.006851 240.289956 585.384634 -0.003590 0.264841 0.316170 0.910979
1646305747.777094 -847.695752 243.072137 592.654575 -0.403505 0.449536 0.724869 0.331158
1646305747.802093 -857.464048 245.817732 599.970967 0.521038 -0.321049 -0.628137 0.480511
1646305747.827092 -867.237108 248.573422 607.358107 0.273643 0.030483 -0.092438 0.956894
1646305747.852091 -877.059125 251.391830 614.776947 -0.164706 0.359309 0.508137 0.765223
1646305747.877090 -886.988920 254.237762 622.209395 0.487183 -0.437507 -0.754689 -0.041046
1646305747.902089 -896.965452 257.000523 629.665030 0.471300 -0.212455 -0.478926 0.709485
1646305747.927088 -906.945294 259.831400 637.225975 0.131329 0.158540 0.129808 0.969932
1646305747.952087 -917.001857 262.718856 644.810645 -0.299855 0.421071 0.648834 0.558391
1646305747.977086 -927.146720 265.582428 652.433084 0.524233 -0.390432 -0.717098 0.241894
1646305748.002085 -937.317426 268.339854 660.126583 0.385053 -0.084251 -0.285766 0.873484
1646305748.027084 -947.513909 271.246182 667.859593 -0.023076 0.280256 0.345223 0.895402
1646305748.052083 -957.805826 274.183232 675.613022 -0.415819 0.449331 0.734288 0.293288
1646305748.077082 -968.164416 277.108099 683.407586 0.519427 -0.305643 -0.611837 0.512281
1646305748.102081 -978.548810 280.031525 691.260785 0.261022 0.051029 -0.063048 0.961919
1646305748.127080 -988.973398 283.014662 699.163325 -0.178255 0.372620 0.530047 0.740560
1646305748.152079 -999.497956 286.001546 707.092896 0.493048 -0.434705 -0.753613 -0.001863
1646305748.177078 -1010.062674 288.958238 715.088091 0.462958 -0.193172 -0.449780 0.738954
1646305748.202077 -1020.646948 291.950354 723.137724 0.108750 0.183740 0.169782 0.962074
1646305748.227076 -1031.307166 295.000328 731.210757 -0.321208 0.431912 0.670288 0.510874
1646305748.252075 -1042.060617 298.021279 739.325977 0.526171 -0.377845 -0.701428 0.297282
1646305748.277074 -1052.827223 301.039918 747.507388 0.363408 -0.059996 -0.243324 0.897290
1646305748.302073 -1063.557803 304.055459 755.773749 -0.051330 0.299880 0.381732 0.872764
1646305748.352071 -1085.406523 310.225480 772.318604 0.512267 -0.285850 -0.587094 0.557847
1646305748.377070 -1096.379810 313.300855 780.683512 0.235725 0.077235 -0.022874 0.968476
1646305748.402069 -1107.401836 316.451964 789.074918 -0.204219 0.385605 0.556065 0.707386
1646305748.427068 -1118.523222 319.604960 797.493244 0.502293 -0.426968 -0.750803 0.041161
1646305748.452067 -1129.682290 322.725282 805.977597 0.453312 -0.174730 -0.429323 0.761354
1646305748.477066 -1140.857685 325.890813 814.515308 0.091118 0.196966 0.188134 0.957866
1646305748.502065 -1152.113115 329.100924 823.075365 -0.334453 0.432211 0.676992 0.492967
1646305748.552063 -1174.815699 335.470416 840.344688 0.358310 -0.049329 -0.233270 0.902644
1646305748.577062 -1186.210161 338.711711 849.054694 -0.060661 0.306106 0.392026 0.865410
1646305748.602061 -1197.701822 341.977857 857.786626 0.438963 -0.449752 -0.744158 -0.226416
1646305748.652058 -1220.819245 348.464066 875.426489 0.228857 0.086034 -0.007707 0.969620
1646305748.677058 -1232.443652 351.778212 884.308120 -0.214484 0.391564 0.567885 0.691506
1646305748.702056 -1244.170687 355.087819 893.217280 0.507292 -0.423902 -0.747036 0.069993
1646305748.727056 -1255.928844 358.373198 902.194917 0.444813 -0.160916 -0.403889 0.783021
1646305748.752054 -1267.718005 361.736188 911.216006 0.073010 0.213812 0.223015 0.948271
1646305748.777053 -1279.579271 365.115183 920.268166 -0.350934 0.437345 0.694887 0.450229
1646305748.802052 -1291.522923 368.467609 929.363628 0.528125 -0.354941 -0.680569 0.363216
1646305748.852050 -1315.476986 375.228088 947.730288 -0.090943 0.322370 0.432887 0.836909
1646305748.877049 -1327.572111 378.657468 956.955043 0.454372 -0.444342 -0.753747 -0.167245
1646305748.902048 -1339.723466 382.053548 966.236543 0.500015 -0.255571 -0.548596 0.619444
1646305748.927047 -1351.883239 385.475586 975.580645 0.196071 0.111023 0.039545 0.973481
1646305748.952046 -1364.114572 388.957135 984.945887 -0.244202 0.400152 0.599986 0.648275
1646305748.977045 -1376.441016 392.430909 994.342928 0.514398 -0.410781 -0.741674 0.128740
1646305749.002044 -1388.793492 395.880883 1003.811064 0.426965 -0.135086 -0.366755 0.815441
1646305749.027043 -1401.165718 399.382504 1013.329720 0.042650 0.234762 0.261881 0.935140
1646305749.052042 -1413.627026 402.926031 1022.869104 -0.372101 0.441171 0.708019 0.406962
1646305749.077041 -1426.168241 406.440403 1032.453862 0.529460 -0.341317 -0.663990 0.402855
1646305749.102040 -1438.721920 409.955395 1042.107890 0.320280 -0.005011 -0.159703 0.933751
1646305749.127039 -1451.317750 413.533859 1051.799541 -0.110121 0.335264 0.456362 0.816826
1646305749.152038 -1464.019728 417.123996 1061.519068 0.463917 -0.443726 -0.755241 -0.132285
1646305749.177037 -1476.770681 420.685287 1071.293772 0.494598 -0.244848 -0.528199 0.645312
1646305749.202036 -1489.531316 424.275272 1081.131050 0.180862 0.124713 0.067302 0.973245
1646305749.227035 -1502.360926 427.924077 1090.994118 -0.258803 0.407646 0.615494 0.622906
1646305749.252034 -1515.290079 431.520662 1100.915550 0.519157 -0.407847 -0.733989 0.159363
1646305749.277033 -1528.243760 435.138973 1110.878779 0.417949 -0.124246 -0.344314 0.831462
1646305749.302032 -1541.219051 438.806904 1120.892000 0.025485 0.245586 0.282719 0.926881
1646305749.327031 -1554.284970 442.514126 1130.924998 -0.386059 0.444390 0.713290 0.380386
1646305749.352030 -1567.427608 446.191280 1141.004978 0.530677 -0.334735 -0.649445 0.429598
1646305749.377029 -1580.581788 449.872176 1151.153447 0.308280 0.006702 -0.135502 0.941572
1646305749.402028 -1593.781231 453.616811 1161.337042 -0.126224 0.343130 0.471610 0.802442
1646305749.427027 -1607.081235 457.374175 1171.543949 0.473012 -0.443032 -0.753441 -0.110944
1646305749.452026 -1620.432583 461.098583 1181.810971 0.494135 -0.238841 -0.516929 0.656940
1646305749.477025 -1633.815881 464.852741 1192.126431 0.175595 0.128928 0.076345 0.972993
1646305749.502024 -1647.249005 468.666714 1202.479229 -0.263319 0.407202 0.617777 0.619032
1646305749.527023 -1660.776732 472.467599 1212.865132 0.520344 -0.404706 -0.734444 0.161390
1646305749.552022 -1674.304722 476.295483 1223.344555 0.419481 -0.126285 -0.344374 0.830358
1646305749.577021 -1687.881949 480.130006 1233.847877 0.026047 0.241254 0.280947 0.928540
1646305749.602020 -1701.549496 484.004455 1244.371042 -0.386792 0.442813 0.711464 0.384874
1646305749.627018 -1715.294589 487.849911 1254.940728 0.533233 -0.337251 -0.648523 0.425843
1646305749.652017 -1729.023231 491.759783 1265.584803 0.310603 0.002691 -0.135192 0.940873
1646305749.677016 -1742.820868 495.678865 1276.260450 -0.127897 0.341290 0.472228 0.802598
1646305749.702015 -1756.723118 499.606195 1286.959474 0.476619 -0.442905 -0.751877 -0.106536
1646305749.727015 -1770.677714 503.501469 1297.718780 0.493348 -0.237464 -0.509401 0.663874
1646305749.752013 -1784.701669 507.644530 1308.449179 0.167655 0.131708 0.086533 0.973169
1646305749.777012 -1798.732111 511.648296 1319.290209 -0.275183 0.408761 0.624320 0.606146
1646305749.802011 -1812.864754 515.626752 1330.166297 0.525345 -0.401062 -0.727709 0.183309
1646305749.827010 -1827.023046 519.586858 1341.110623 0.409352 -0.114804 -0.324459 0.844972
1646305749.852009 -1841.230110 523.593931 1352.062347 0.009196 0.250997 0.303413 0.919161
1646305749.877008 -1855.506910 527.645259 1363.072275 -0.396502 0.442182 0.722026 0.354879
1646305749.902007 -1869.857569 531.664736 1374.130522 0.525618 -0.326948 -0.639912 0.455350
