# timestamp tx ty tz qx qy qz qw
1646305719.128250 -0.001301 0.000503 -0.000277 -0.000049 -0.000156 0.000106 1.000000
1646305719.203247 -0.001182 0.000428 -0.000574 0.000001 -0.000111 0.000101 1.000000
1646305719.228246 -0.002520 -0.000400 -0.000030 0.000014 -0.000089 0.000136 1.000000
1646305719.253245 -0.002047 -0.000404 -0.000002 -0.000023 -0.000014 0.000149 1.000000
1646305719.278244 -0.001686 -0.000480 -0.000124 -0.000102 -0.000065 -0.000042 1.000000
1646305719.303243 -0.000129 -0.000172 0.000006 -0.000131 -0.000021 -0.000083 1.000000
1646305719.328242 -0.000267 -0.000433 -0.000073 -0.000049 -0.000033 -0.000007 1.000000
1646305719.353241 -0.000133 -0.000462 -0.000090 -0.000097 0.000071 0.000044 1.000000
1646305719.378240 -0.000428 -0.000440 -0.000133 -0.000094 0.000019 0.000029 1.000000
1646305719.403239 -0.000460 -0.000516 -0.000433 -0.000087 -0.000016 -0.000007 1.000000
1646305719.428238 -0.000498 -0.000605 -0.000394 -0.000030 -0.000054 0.000025 1.000000
1646305719.453237 -0.000385 -0.000663 -0.000386 -0.000113 0.000036 0.000093 1.000000
1646305719.478236 -0.000896 0.000968 -0.000130 -0.000055 0.000070 0.000067 1.000000
1646305719.503235 -0.000840 0.001109 -0.000048 -0.000045 0.000109 0.000101 1.000000
1646305719.528234 -0.000994 0.001431 0.000372 0.000062 0.000376 0.000139 1.000000
1646305719.553233 -0.000890 0.001541 0.000321 -0.000054 0.000200 0.000131 1.000000
1646305719.578232 -0.000883 0.001625 0.000265 -0.000093 0.000076 0.000076 1.000000
1646305719.603231 -0.000645 0.001710 0.000299 -0.000075 0.000079 0.000130 1.000000
1646305719.628230 -0.000568 0.001535 0.000160 0.000037 0.000213 0.000101 1.000000
1646305719.653229 -0.000495 0.001535 0.000100 -0.000064 0.000115 0.000116 1.000000
1646305719.678228 -0.000388 0.001537 0.000043 -0.000097 -0.000008 0.000079 1.000000
1646305719.703227 -0.000242 0.001456 0.000053 -0.000077 0.000052 0.000132 1.000000
1646305719.728226 -0.000193 0.001266 -0.000029 0.000040 0.000271 0.000071 1.000000
1646305719.753225 -0.000133 0.001171 -0.000070 -0.000077 0.000140 0.000092 1.000000
1646305719.778224 0.000057 0.000884 -0.000183 -0.000084 0.000040 0.000071 1.000000
1646305719.803223 0.000019 0.000637 -0.000248 -0.000069 0.000074 0.000095 1.000000
1646305719.828222 -0.000035 0.000664 -0.000851 0.000004 0.000380 0.000033 1.000000
1646305719.853221 -0.000004 0.000553 -0.001030 -0.000101 0.000077 0.000048 1.000000
1646305719.878220 -0.001040 0.000551 -0.001047 -0.000057 0.000004 0.000077 1.000000
1646305719.903219 -0.001007 0.000496 -0.000997 -0.000045 0.000071 0.000066 1.000000
1646305719.928218 -0.000943 0.000451 -0.001251 0.000000 0.000288 0.000095 1.000000
1646305719.953217 -0.000871 0.000451 -0.001278 -0.000104 0.000060 0.000138 1.000000
1646305719.978216 -0.002144 0.000662 -0.001997 -0.000048 -0.000021 0.000037 1.000000
1646305720.003215 -0.001903 0.000826 -0.001970 0.000010 0.000012 0.000022 1.000000
1646305720.028214 -0.001930 0.000893 -0.001770 -0.000041 0.000060 0.000150 1.000000
1646305720.053213 -0.001752 0.000950 -0.001478 -0.000101 0.000046 0.000170 1.000000
1646305720.078212 -0.002267 0.002440 -0.002663 -0.000047 -0.000041 0.000029 1.000000
1646305720.103211 -0.002043 0.002573 -0.002675 0.000001 0.000040 0.000071 1.000000
1646305720.128211 -0.002301 0.002264 -0.002291 -0.000078 0.000031 0.000161 1.000000
1646305720.153209 -0.001785 0.002503 -0.001972 -0.000151 0.000015 0.000154 1.000000
1646305720.178209 -0.001566 0.002618 -0.001635 -0.000069 -0.000007 0.000024 1.000000
1646305720.203207 -0.001285 0.002619 -0.001432 -0.000023 0.000093 0.000058 1.000000
1646305720.228207 -0.001399 0.002319 -0.001515 -0.000048 0.000156 0.000133 1.000000
1646305720.253206 -0.001068 0.002283 -0.001263 -0.000155 0.000054 0.000156 1.000000
1646305720.278204 -0.000842 0.002086 -0.000851 -0.000073 -0.000007 0.000043 1.000000
1646305720.303204 -0.000653 0.001911 -0.000640 -0.000060 0.000058 0.000064 1.000000
1646305720.328202 -0.000765 0.001424 -0.000432 -0.000022 0.000102 0.000087 1.000000
1646305720.353202 -0.000723 0.001236 -0.000218 -0.000096 0.000125 0.000149 1.000000
1646305720.378201 -0.000681 0.000894 -0.000570 -0.000069 0.000010 0.000079 1.000000
1646305720.403199 -0.000556 0.000681 -0.000473 0.000004 0.000040 0.000047 1.000000
1646305720.428199 -0.000597 0.000567 -0.000520 -0.000019 0.000098 0.000058 1.000000
1646305720.453198 -0.000792 0.000371 -0.000484 -0.000098 0.000094 0.000122 1.000000
1646305720.503196 -0.000696 0.000096 -0.000854 -0.000059 -0.000000 0.000044 1.000000
1646305720.528195 -0.000879 0.000410 -0.000637 -0.000028 0.000062 0.000082 1.000000
1646305720.553194 -0.000931 0.000367 -0.000597 -0.000078 0.000079 0.000147 1.000000
1646305720.578193 -0.001819 0.000692 -0.001608 -0.000054 0.000011 0.000061 1.000000
1646305720.603192 -0.001616 0.000834 -0.001700 -0.000046 0.000033 0.000005 1.000000
1646305720.628191 -0.001639 0.000814 -0.001454 -0.000046 0.000060 0.000102 1.000000
1646305720.653190 -0.001496 0.000928 -0.001348 -0.000098 0.000039 0.000159 1.000000
1646305720.678189 -0.002111 0.001353 -0.002336 -0.000046 -0.000028 0.000050 1.000000
1646305720.703188 -0.001829 0.001511 -0.002376 -0.000012 0.000027 0.000000 1.000000
1646305720.728187 -0.001709 0.001440 -0.002117 -0.000069 0.000081 0.000119 1.000000
1646305720.753186 -0.001504 0.001493 -0.001790 -0.000119 0.000026 0.000177 1.000000
1646305720.778185 -0.001429 0.001645 -0.001305 -0.000065 -0.000011 0.000057 1.000000
1646305720.803184 -0.001091 0.001720 -0.001105 -0.000027 0.000018 0.000031 1.000000
1646305720.828183 -0.001143 0.001594 -0.000762 -0.000038 0.000071 0.000082 1.000000
1646305720.853182 -0.001136 0.001586 -0.000568 -0.000073 0.000088 0.000142 1.000000
1646305720.878181 -0.000994 0.001513 -0.000224 -0.000077 0.000035 0.000046 1.000000
1646305720.903180 -0.000914 0.001382 -0.000036 -0.000056 0.000065 0.000029 1.000000
1646305720.928179 -0.001013 0.001146 0.000169 -0.000002 0.000078 0.000094 1.000000
1646305720.953178 -0.001052 0.001042 0.000241 -0.000057 0.000102 0.000138 1.000000
1646305720.978177 -0.001883 0.001300 -0.001213 -0.000063 0.000014 0.000048 1.000000
1646305721.003176 -0.001642 0.001244 -0.001333 -0.000028 0.000043 0.000019 1.000000
1646305721.028175 -0.001751 0.001222 -0.001237 -0.000033 0.000085 0.000129 1.000000
1646305721.053178 -0.001494 0.001238 -0.001181 -0.000099 0.000049 0.000158 1.000000
1646305721.078177 -0.002174 0.001647 -0.002260 -0.000049 -0.000019 0.000052 1.000000
1646305721.103176 -0.001905 0.001666 -0.002371 -0.000034 0.000015 0.000004 1.000000
1646305721.128175 -0.002028 0.001766 -0.002023 -0.000067 0.000047 0.000153 1.000000
1646305721.153174 -0.001692 0.001850 -0.001808 -0.000150 0.000028 0.000168 1.000000
1646305721.178173 -0.002233 0.002273 -0.002621 -0.000051 -0.000045 0.000034 1.000000
1646305721.203172 -0.001934 0.002258 -0.002562 -0.000034 0.000000 0.000024 1.000000
1646305721.228171 -0.002114 0.002133 -0.001959 -0.000053 0.000047 0.000143 1.000000
1646305721.253170 -0.001757 0.002165 -0.001641 -0.000124 0.000046 0.000173 1.000000
1646305721.278169 -0.002295 0.002437 -0.002358 -0.000051 -0.000037 0.000008 1.000000
1646305721.303168 -0.002036 0.002350 -0.002220 -0.000012 -0.000006 0.000045 1.000000
1646305721.328167 -0.002218 0.001951 -0.001486 -0.000059 0.000042 0.000148 1.000000
1646305721.353166 -0.001919 0.001865 -0.001189 -0.000116 0.000050 0.000176 1.000000
1646305721.378165 -0.001708 0.001724 -0.000892 -0.000081 0.000030 0.000029 1.000000
1646305721.403164 -0.001402 0.001639 -0.000616 -0.000034 0.000074 0.000032 1.000000
1646305721.428163 -0.001447 0.001464 -0.000341 -0.000023 0.000088 0.000128 1.000000
1646305721.453162 -0.001345 0.001289 -0.000216 -0.000062 0.000082 0.000173 1.000000
1646305721.478161 -0.002035 0.001549 -0.001417 -0.000057 -0.000013 0.000046 1.000000
1646305721.503160 -0.001742 0.001690 -0.001353 -0.000023 -0.000027 0.000003 1.000000
1646305721.528160 -0.001882 0.001504 -0.000902 -0.000037 0.000073 0.000126 1.000000
1646305721.553159 -0.001629 0.001449 -0.000795 -0.000108 0.000061 0.000175 1.000000
1646305721.578158 -0.001511 0.001302 -0.001106 -0.000062 0.000004 0.000053 1.000000
1646305721.603157 -0.001127 0.001484 -0.001096 -0.000027 0.000004 0.000022 1.000000
1646305721.628156 -0.001398 0.001476 -0.000826 -0.000041 0.000078 0.000121 1.000000
1646305721.653155 -0.001298 0.001422 -0.000782 -0.000094 0.000063 0.000179 1.000000
1646305721.678154 -0.001920 0.001727 -0.001930 -0.000052 -0.000029 0.000038 1.000000
1646305721.703153 -0.001539 0.002183 -0.001953 -0.000063 -0.000011 -0.000040 1.000000
1646305721.728152 -0.001721 0.002161 -0.001651 -0.000055 0.000055 0.000129 1.000000
1646305721.753151 -0.001453 0.002237 -0.001494 -0.000140 0.000053 0.000155 1.000000
1646305721.778150 -0.001268 0.002251 -0.001353 -0.000058 -0.000003 0.000051 1.000000
1646305721.803149 -0.001080 0.002401 -0.001298 -0.000076 0.000008 -0.000013 1.000000
1646305721.828148 -0.001300 0.002152 -0.001065 -0.000045 0.000089 0.000105 1.000000
1646305721.853147 -0.001270 0.002088 -0.000941 -0.000103 0.000068 0.000129 1.000000
1646305721.878146 -0.001344 0.002071 -0.000697 -0.000076 0.000008 0.000044 1.000000
1646305721.903145 -0.001372 0.001934 -0.001238 -0.000058 -0.000026 -0.000013 1.000000
1646305721.928144 -0.001513 0.001838 -0.001122 -0.000048 0.000057 0.000111 1.000000
1646305721.953143 -0.001374 0.001740 -0.001035 -0.000118 0.000058 0.000161 1.000000
1646305721.978142 -0.001997 0.001991 -0.002015 -0.000052 -0.000026 0.000034 1.000000
1646305722.003142 -0.001727 0.002172 -0.002059 -0.000049 -0.000039 -0.000028 1.000000
1646305722.028141 -0.001599 0.001855 -0.001886 -0.000052 0.000085 0.000121 1.000000
1646305722.053140 -0.001535 0.001711 -0.001633 -0.000150 0.000040 0.000164 1.000000
1646305722.078139 -0.001845 0.002259 -0.002384 -0.000050 -0.000045 0.000046 1.000000
1646305722.103138 -0.001661 0.002496 -0.002459 -0.000044 -0.000080 -0.000021 1.000000
1646305722.128137 -0.001515 0.001649 -0.002858 -0.000079 0.000032 0.000136 1.000000
1646305722.153136 -0.001511 0.001535 -0.002359 -0.000142 0.000002 0.000185 1.000000
1646305722.178135 -0.001853 0.002365 -0.003478 -0.000024 -0.000054 0.000030 1.000000
1646305722.203134 -0.001633 0.002716 -0.003494 -0.000051 -0.000011 -0.000027 1.000000
1646305722.228133 -0.001799 0.002303 -0.002956 -0.000082 0.000084 0.000148 1.000000
1646305722.253132 -0.001576 0.002237 -0.002413 -0.000163 0.000011 0.000156 1.000000
1646305722.278131 -0.002110 0.002554 -0.003499 -0.000028 -0.000047 0.000031 1.000000
1646305722.303130 -0.001850 0.002764 -0.003425 -0.000002 -0.000046 0.000004 1.000000
1646305722.328129 -0.001989 0.002236 -0.002593 -0.000077 0.000023 0.000123 1.000000
1646305722.353128 -0.001647 0.002121 -0.001995 -0.000169 0.000021 0.000171 1.000000
1646305722.378127 -0.001540 0.001760 -0.001833 -0.000057 -0.000020 0.000047 1.000000
1646305722.403126 -0.001266 0.001555 -0.001453 -0.000053 0.000018 0.000016 1.000000
1646305722.428125 -0.001248 0.001074 -0.001704 -0.000048 0.000035 0.000090 1.000000
1646305722.453125 -0.001208 0.000891 -0.001255 -0.000123 0.000052 0.000164 1.000000
1646305722.478123 -0.001125 0.000548 -0.000489 -0.000081 0.000019 0.000056 1.000000
1646305722.503123 -0.000951 0.000459 -0.000181 -0.000037 -0.000007 -0.000016 1.000000
1646305722.528121 -0.001047 0.000304 0.000205 0.000000 0.000086 0.000088 1.000000
1646305722.553121 -0.001276 0.000242 0.000211 -0.000061 0.000092 0.000158 1.000000
1646305722.578120 -0.001281 0.000200 0.000196 -0.000085 0.000023 0.000065 1.000000
1646305722.603119 -0.001206 0.000223 0.000314 -0.000090 -0.000012 -0.000020 1.000000
1646305722.628118 -0.001304 0.000256 0.000448 0.000007 0.000063 0.000099 1.000000
1646305722.653117 -0.001313 0.000255 0.000283 -0.000057 0.000089 0.000165 1.000000
1646305722.678116 -0.002079 0.000953 -0.001834 -0.000053 -0.000020 0.000047 1.000000
1646305722.703115 -0.001871 0.001149 -0.002093 -0.000047 -0.000027 -0.000003 1.000000
1646305722.728114 -0.001963 0.001060 -0.001767 -0.000063 0.000056 0.000137 1.000000
1646305722.753113 -0.001774 0.001184 -0.001671 -0.000124 0.000033 0.000179 1.000000
1646305722.778112 -0.001694 0.001199 -0.001280 -0.000056 0.000004 0.000046 1.000000
1646305722.803111 -0.001483 0.001297 -0.001277 -0.000027 -0.000010 -0.000005 1.000000
1646305722.828110 -0.001495 0.001098 -0.000832 -0.000023 0.000054 0.000117 1.000000
1646305722.853109 -0.001317 0.001126 -0.000733 -0.000100 0.000071 0.000172 1.000000
1646305722.878108 -0.001260 0.001078 -0.000448 -0.000075 0.000002 0.000056 1.000000
1646305722.903107 -0.001126 0.001122 -0.000350 -0.000058 -0.000017 -0.000038 1.000000
1646305722.928107 -0.000865 0.000994 -0.000578 -0.000024 0.000108 0.000065 1.000000
1646305722.953105 -0.001000 0.001041 -0.000577 -0.000105 0.000073 0.000134 1.000000
1646305722.978105 -0.001013 0.000952 -0.000301 -0.000087 0.000016 0.000056 1.000000
1646305723.003103 -0.000894 0.000977 -0.000265 -0.000066 0.000038 -0.000007 1.000000
1646305723.028103 -0.000962 0.001073 -0.000104 -0.000011 0.000071 0.000089 1.000000
1646305723.053102 -0.001140 0.001078 -0.000214 -0.000067 0.000087 0.000159 1.000000
1646305723.078101 -0.002024 0.001631 -0.002273 -0.000044 -0.000018 0.000043 1.000000
1646305723.103100 -0.001956 0.001860 -0.002557 -0.000051 0.000024 0.000002 1.000000
1646305723.128099 -0.002011 0.001997 -0.002415 -0.000062 0.000077 0.000120 1.000000
1646305723.153098 -0.001863 0.002090 -0.002191 -0.000166 0.000005 0.000164 1.000000
1646305723.178097 -0.001781 0.001997 -0.001791 -0.000067 -0.000001 0.000029 1.000000
1646305723.203096 -0.001442 0.002088 -0.001771 -0.000070 -0.000043 -0.000027 1.000000
1646305723.228095 -0.001488 0.002018 -0.001441 -0.000037 0.000059 0.000107 1.000000
1646305723.253094 -0.001356 0.002021 -0.001206 -0.000109 0.000057 0.000146 1.000000
1646305723.278093 -0.001352 0.001896 -0.000718 -0.000078 -0.000020 0.000025 1.000000
1646305723.303092 -0.001205 0.001892 -0.000526 -0.000065 -0.000058 -0.000043 1.000000
1646305723.328091 -0.001439 0.001819 -0.000155 -0.000027 0.000020 0.000090 1.000000
1646305723.353090 -0.001572 0.001730 -0.000145 -0.000106 0.000088 0.000146 1.000000
1646305723.378089 -0.001591 0.001600 -0.000137 -0.000088 0.000003 0.000049 1.000000
1646305723.403088 -0.001371 0.001537 -0.000023 -0.000087 -0.000006 -0.000045 1.000000
1646305723.428087 -0.001391 0.001447 0.000072 -0.000014 0.000089 0.000111 1.000000
1646305723.453087 -0.001339 0.001381 -0.000037 -0.000073 0.000084 0.000147 1.000000
1646305723.478086 -0.001254 0.001282 -0.000133 -0.000083 0.000008 0.000062 1.000000
1646305723.503084 -0.001098 0.001296 -0.000153 -0.000094 -0.000052 -0.000050 1.000000
1646305723.553083 -0.001735 0.001849 -0.001922 -0.000038 0.000020 0.000142 1.000000
1646305723.578082 -0.001625 0.001837 -0.001917 -0.000054 -0.000027 0.000051 1.000000
1646305723.603081 -0.001301 0.001949 -0.002106 -0.000036 -0.000120 -0.000023 1.000000
1646305723.628080 -0.001197 0.001859 -0.002030 -0.000069 0.000046 0.000121 1.000000
1646305723.653079 -0.000959 0.001833 -0.001838 -0.000190 0.000007 0.000178 1.000000
1646305723.678078 -0.000428 0.001623 -0.001470 -0.000342 -0.000015 -0.000055 1.000000
1646305723.703077 0.000097 0.000486 -0.002911 -0.001731 -0.000303 -0.001488 0.999997
1646305723.728076 -0.000043 -0.001302 -0.007321 -0.000802 0.000404 -0.004690 0.999989
1646305723.753075 -0.000813 -0.003620 -0.015063 0.000180 0.001684 -0.007903 0.999967
1646305723.778074 -0.002782 -0.006087 -0.029112 -0.001704 0.010888 -0.009586 0.999893
1646305723.803073 -0.004786 -0.008154 -0.046043 -0.004184 0.022227 -0.011685 0.999676
1646305723.828072 -0.006507 -0.009680 -0.065156 -0.005160 0.038801 -0.014534 0.999128
1646305723.853071 -0.007597 -0.010537 -0.089864 -0.006306 0.048560 -0.016248 0.998668
1646305723.878070 -0.007631 -0.009958 -0.117223 -0.005715 0.052738 -0.017119 0.998445
1646305723.903069 -0.004626 -0.008175 -0.145453 -0.004507 0.050331 -0.016643 0.998584
1646305723.928068 -0.000254 -0.004507 -0.177544 0.002018 0.045385 -0.013612 0.998875
1646305723.953068 0.005688 0.000172 -0.208606 0.008789 0.032559 -0.009149 0.999389
1646305723.978066 0.011917 0.007909 -0.241705 0.017131 0.021589 -0.002788 0.999616
1646305724.003066 0.017289 0.017423 -0.277657 0.029151 0.010883 0.005841 0.999499
1646305724.028065 0.023271 0.030355 -0.313961 0.046371 0.004881 0.016510 0.998776
1646305724.053060 0.028610 0.044150 -0.349291 0.062630 -0.003552 0.028441 0.997625
1646305724.078059 0.033854 0.059004 -0.385580 0.080939 -0.006927 0.040661 0.995865
1646305724.103058 0.037469 0.075149 -0.425141 0.098077 -0.008183 0.054766 0.993637
1646305724.128057 0.042348 0.093165 -0.462221 0.114766 -0.003994 0.069320 0.990963
1646305724.153056 0.046024 0.110223 -0.498116 0.129524 -0.001778 0.082947 0.988099
1646305724.178056 0.050130 0.127402 -0.532083 0.140483 0.004633 0.095231 0.985482
1646305724.203054 0.053908 0.144768 -0.567696 0.150684 0.011836 0.107287 0.982672
1646305724.228054 0.058539 0.163166 -0.606984 0.160008 0.020738 0.118308 0.979781
1646305724.253053 0.062259 0.180558 -0.639264 0.167929 0.027175 0.127996 0.977076
1646305724.278052 0.067692 0.198804 -0.664840 0.175234 0.034817 0.134941 0.974614
1646305724.303051 0.073521 0.217859 -0.691650 0.182517 0.041618 0.140811 0.972177
1646305724.328050 0.081110 0.238553 -0.716368 0.189071 0.047270 0.144417 0.970135
1646305724.353049 0.088137 0.257858 -0.739618 0.191435 0.051017 0.145471 0.969324
1646305724.378048 0.097221 0.278332 -0.757864 0.190547 0.054254 0.144693 0.969439
1646305724.403047 0.105952 0.298974 -0.775149 0.188086 0.056186 0.145158 0.969740
1646305724.428046 0.116246 0.321255 -0.790990 0.186097 0.057202 0.146932 0.969797
1646305724.453045 0.124825 0.342526 -0.804824 0.184349 0.057743 0.148351 0.969883
1646305724.478044 0.134677 0.364726 -0.814221 0.183192 0.058015 0.149067 0.969976
1646305724.503043 0.144537 0.388698 -0.822120 0.181755 0.057225 0.151246 0.969956
1646305724.528042 0.155332 0.415472 -0.828780 0.180131 0.055053 0.155886 0.969650
1646305724.553041 0.165063 0.440643 -0.834278 0.176632 0.052009 0.161288 0.969578
1646305724.578040 0.175207 0.467207 -0.836407 0.170404 0.048453 0.167854 0.969763
1646305724.603039 0.185753 0.494973 -0.837789 0.161095 0.043638 0.177665 0.969835
1646305724.628038 0.197747 0.524462 -0.834186 0.147345 0.037018 0.190862 0.969789
1646305724.653037 0.208708 0.553753 -0.835115 0.128565 0.032201 0.204023 0.969953
1646305724.678036 0.218813 0.584883 -0.833387 0.107197 0.026524 0.217737 0.969740
1646305724.703036 0.228334 0.618052 -0.830611 0.085620 0.020564 0.233267 0.968418
1646305724.728035 0.237835 0.653332 -0.825032 0.063997 0.013484 0.250656 0.965864
1646305724.753034 0.245918 0.690748 -0.823828 0.041789 0.004213 0.267717 0.962582
1646305724.778033 0.251877 0.731065 -0.824672 0.020466 -0.007174 0.285116 0.958248
1646305724.803032 0.258750 0.771688 -0.826036 -0.000679 -0.021671 0.303217 0.952675
1646305724.828031 0.265558 0.813512 -0.828438 -0.019764 -0.037881 0.321320 0.946006
1646305724.853030 0.271554 0.856514 -0.835252 -0.036765 -0.052194 0.339007 0.938615
1646305724.878029 0.275238 0.898569 -0.843218 -0.054808 -0.065760 0.355799 0.930634
1646305724.903028 0.280927 0.939047 -0.853274 -0.077409 -0.079428 0.370818 0.922059
1646305724.928027 0.288852 0.975687 -0.861650 -0.104486 -0.093916 0.382470 0.913225
1646305724.953026 0.297766 1.013128 -0.874725 -0.134411 -0.106087 0.392400 0.903715
1646305724.978025 0.307234 1.048614 -0.886301 -0.164892 -0.119547 0.399656 0.893753
1646305725.003024 0.319144 1.083082 -0.897584 -0.197274 -0.132806 0.403096 0.883719
1646305725.028023 0.331956 1.115909 -0.908763 -0.232837 -0.146253 0.401785 0.873479
1646305725.053022 0.348352 1.148036 -0.918515 -0.269290 -0.155017 0.398416 0.862970
1646305725.078021 0.364476 1.178558 -0.926589 -0.304349 -0.162373 0.393476 0.852164
1646305725.103020 0.383068 1.207523 -0.933640 -0.337656 -0.166054 0.386097 0.842225
1646305725.128019 0.402632 1.235373 -0.942062 -0.368574 -0.164251 0.377496 0.833470
1646305725.153018 0.423404 1.260213 -0.947030 -0.390686 -0.160620 0.365151 0.829597
1646305725.178018 0.446487 1.284528 -0.951750 -0.409577 -0.156235 0.354237 0.826047
1646305725.203017 0.471710 1.307174 -0.955800 -0.424108 -0.151602 0.343108 0.824273
1646305725.228016 0.498588 1.328381 -0.959095 -0.433523 -0.145701 0.332236 0.824893
1646305725.253015 0.526475 1.351505 -0.961747 -0.436479 -0.138661 0.320646 0.829123
1646305725.278014 0.557577 1.368606 -0.962505 -0.437476 -0.132162 0.308579 0.834222
1646305725.303013 0.591405 1.382774 -0.962267 -0.436782 -0.126453 0.295512 0.840181
1646305725.328012 0.624933 1.395176 -0.960258 -0.434263 -0.120219 0.281018 0.847344
1646305725.353011 0.659498 1.407363 -0.958153 -0.425771 -0.112857 0.265356 0.857653
1646305725.378010 0.694331 1.414951 -0.954319 -0.412748 -0.104649 0.249687 0.869680
1646305725.403009 0.729503 1.420394 -0.950934 -0.395829 -0.096444 0.233276 0.882950
1646305725.428008 0.764897 1.423978 -0.948606 -0.375758 -0.088125 0.216936 0.896649
1646305725.453007 0.802037 1.425277 -0.945115 -0.353552 -0.080464 0.201842 0.909828
1646305725.478006 0.837862 1.425433 -0.940599 -0.332716 -0.072028 0.186752 0.921540
1646305725.503005 0.874293 1.424572 -0.936815 -0.312090 -0.062563 0.171327 0.932380
1646305725.528004 0.910171 1.422653 -0.933909 -0.291984 -0.051016 0.155492 0.942319
1646305725.553003 0.948344 1.417802 -0.930504 -0.272067 -0.038704 0.140064 0.951243
1646305725.578002 0.984312 1.414425 -0.927609 -0.253520 -0.025990 0.124158 0.958977
1646305725.603001 1.020732 1.410838 -0.925336 -0.237777 -0.013745 0.109110 0.965074
1646305725.628000 1.056302 1.406174 -0.923805 -0.223467 -0.002311 0.096247 0.969945
1646305725.652999 1.091352 1.407623 -0.924633 -0.208386 0.007714 0.086373 0.974195
1646305725.677999 1.126310 1.403563 -0.927138 -0.194479 0.016884 0.078321 0.977629
1646305725.702998 1.161902 1.404564 -0.931708 -0.181165 0.025532 0.070488 0.980591
1646305725.727997 1.197558 1.407875 -0.938309 -0.166392 0.035194 0.064240 0.983335
1646305725.752996 1.231912 1.416331 -0.946314 -0.148710 0.044955 0.061258 0.985957
1646305725.777995 1.266765 1.423505 -0.956092 -0.128194 0.055383 0.061286 0.988303
1646305725.802994 1.302514 1.433447 -0.967331 -0.106761 0.064358 0.062716 0.990216
1646305725.827993 1.338299 1.446536 -0.980124 -0.082201 0.071944 0.066285 0.991803
1646305725.852992 1.372116 1.461113 -0.990851 -0.055521 0.077344 0.071922 0.992856
1646305725.877991 1.405495 1.476912 -1.002828 -0.030496 0.082335 0.078533 0.993037
1646305725.902990 1.438848 1.492702 -1.014468 -0.005420 0.086396 0.085713 0.992552
1646305725.927989 1.471798 1.511330 -1.024848 0.017723 0.088928 0.093439 0.991487
1646305725.952988 1.502664 1.530350 -1.031595 0.041153 0.093152 0.101969 0.989561
1646305725.977987 1.533736 1.550704 -1.039409 0.064123 0.098186 0.109876 0.987003
1646305726.002986 1.564685 1.571766 -1.045906 0.087158 0.104239 0.117809 0.983696
1646305726.027985 1.596383 1.593991 -1.050306 0.109245 0.110528 0.127908 0.979535
1646305726.052984 1.624947 1.617240 -1.052285 0.128322 0.117214 0.137661 0.975112
1646305726.077983 1.654444 1.640186 -1.052619 0.144201 0.123998 0.145584 0.970894
1646305726.102982 1.683986 1.662680 -1.051981 0.157334 0.130145 0.152290 0.967014
1646305726.127981 1.713029 1.686381 -1.052799 0.167059 0.135102 0.160682 0.963338
1646305726.152980 1.739700 1.709070 -1.050167 0.171614 0.138815 0.167833 0.960787
1646305726.177979 1.766852 1.733858 -1.045859 0.170527 0.142241 0.172869 0.959585
1646305726.202979 1.794947 1.757704 -1.041779 0.167045 0.142786 0.177834 0.959210
1646305726.227978 1.825571 1.781520 -1.035923 0.162012 0.141114 0.184127 0.959133
1646305726.252977 1.852574 1.806534 -1.030443 0.154557 0.136574 0.190570 0.959762
1646305726.277976 1.881473 1.832036 -1.025220 0.144016 0.129551 0.195971 0.961286
1646305726.302975 1.910206 1.858393 -1.020191 0.132203 0.117646 0.202722 0.963112
1646305726.327974 1.938525 1.884190 -1.013291 0.119104 0.102239 0.212396 0.964494
1646305726.352973 1.964522 1.909665 -1.006782 0.105754 0.084365 0.222042 0.965607
1646305726.377972 1.991225 1.934908 -1.001552 0.093703 0.066022 0.231495 0.966059
1646305726.402971 2.017446 1.962420 -0.996548 0.083695 0.049425 0.241738 0.965461
1646305726.427970 2.043214 1.991153 -0.990209 0.075455 0.036441 0.252034 0.964084
1646305726.452969 2.069143 2.020485 -0.984362 0.064885 0.027284 0.261484 0.962638
1646305726.477968 2.094970 2.047547 -0.979646 0.053505 0.020803 0.271124 0.960831
1646305726.502967 2.120534 2.076847 -0.974829 0.041423 0.017473 0.281259 0.958578
1646305726.527966 2.145207 2.107098 -0.969434 0.029567 0.017502 0.291913 0.955828
1646305726.552965 2.170907 2.138674 -0.964403 0.016692 0.019237 0.302398 0.952841
1646305726.577964 2.195986 2.168303 -0.961330 0.004811 0.020910 0.313339 0.949399
1646305726.602963 2.220486 2.198504 -0.957906 -0.005738 0.022871 0.323639 0.945887
1646305726.627962 2.243310 2.228580 -0.955926 -0.014995 0.024865 0.333421 0.942331
1646305726.652961 2.268292 2.258885 -0.953937 -0.024856 0.024237 0.342785 0.938772
1646305726.677961 2.293966 2.286794 -0.952702 -0.034184 0.020237 0.352179 0.935089
1646305726.702960 2.320061 2.316157 -0.951955 -0.043006 0.013725 0.362753 0.930791
1646305726.727959 2.346218 2.345289 -0.954041 -0.049200 0.005469 0.373487 0.926314
1646305726.752958 2.371892 2.376452 -0.955917 -0.053556 -0.002712 0.383989 0.921779
1646305726.777957 2.397403 2.404690 -0.958052 -0.057071 -0.009821 0.392609 0.917881
1646305726.802956 2.422139 2.432825 -0.960668 -0.061056 -0.015140 0.398833 0.914864
1646305726.827955 2.444993 2.459498 -0.964737 -0.065944 -0.018866 0.402157 0.912998
1646305726.852954 2.470095 2.486213 -0.968881 -0.072444 -0.021516 0.404054 0.911608
1646305726.877953 2.495574 2.509470 -0.972322 -0.079972 -0.025002 0.404495 0.910694
1646305726.902952 2.520815 2.533696 -0.975053 -0.088888 -0.027535 0.403702 0.910146
1646305726.927951 2.544258 2.557732 -0.975683 -0.095144 -0.029367 0.401249 0.910541
1646305726.952950 2.570336 2.582209 -0.978660 -0.101144 -0.029245 0.398945 0.910910
1646305726.977949 2.597934 2.604798 -0.979719 -0.106764 -0.028656 0.396100 0.911529
1646305727.002948 2.626065 2.628270 -0.980031 -0.112529 -0.027227 0.392341 0.912505
1646305727.027947 2.650324 2.646570 -0.978420 -0.119163 -0.024498 0.386676 0.914156
1646305727.052946 2.679614 2.670392 -0.977062 -0.124113 -0.020788 0.380260 0.916279
1646305727.077945 2.709542 2.691673 -0.974982 -0.126202 -0.016879 0.372111 0.919414
1646305727.102944 2.739504 2.713752 -0.972731 -0.128510 -0.013753 0.362748 0.922881
1646305727.127944 2.769020 2.736327 -0.968515 -0.131106 -0.012306 0.352055 0.926670
1646305727.152942 2.800887 2.759117 -0.967149 -0.133513 -0.010481 0.341850 0.930163
1646305727.177942 2.833288 2.779590 -0.965204 -0.134110 -0.010529 0.329556 0.934503
1646305727.202941 2.867006 2.799573 -0.963817 -0.135521 -0.012655 0.315558 0.939094
1646305727.227940 2.894590 2.812930 -0.960833 -0.135475 -0.016253 0.299045 0.944433
1646305727.252939 2.927911 2.830415 -0.960281 -0.134590 -0.020115 0.283052 0.949401
1646305727.277938 2.960198 2.846714 -0.958840 -0.131713 -0.023967 0.266343 0.954536
1646305727.302937 2.993198 2.861461 -0.958036 -0.128382 -0.028717 0.249282 0.959454
1646305727.327936 3.023612 2.876975 -0.954980 -0.122566 -0.033451 0.231552 0.964491
1646305727.352935 3.056367 2.892910 -0.955048 -0.116657 -0.037140 0.215302 0.968843
1646305727.377934 3.087409 2.906492 -0.952986 -0.109769 -0.039940 0.200410 0.972724
1646305727.402933 3.118495 2.920466 -0.951479 -0.103264 -0.042172 0.185832 0.976230
1646305727.427932 3.146421 2.934895 -0.948176 -0.097129 -0.044077 0.171997 0.979306
1646305727.452931 3.177269 2.949680 -0.946529 -0.092070 -0.044319 0.159471 0.981900
1646305727.477930 3.207196 2.962055 -0.942994 -0.088001 -0.044010 0.148546 0.983998
1646305727.502929 3.237050 2.974502 -0.939248 -0.084823 -0.043525 0.138505 0.985762
1646305727.527928 3.256177 2.979907 -0.936409 -0.080066 -0.041673 0.130421 0.987342
1646305727.552927 3.287210 2.991736 -0.932666 -0.074201 -0.038812 0.124313 0.988703
1646305727.577926 3.313435 3.001770 -0.928407 -0.067326 -0.036350 0.119710 0.989856
1646305727.602926 3.341089 3.011764 -0.924643 -0.061281 -0.034265 0.116929 0.990655
1646305727.627924 3.362917 3.019663 -0.920599 -0.055833 -0.033633 0.116386 0.991063
1646305727.652924 3.393904 3.028991 -0.917902 -0.049700 -0.033570 0.115621 0.991481
1646305727.702922 3.448110 3.047346 -0.912474 -0.035093 -0.034781 0.113303 0.992331
1646305727.727921 3.468024 3.054679 -0.911988 -0.027717 -0.036513 0.112329 0.992613
1646305727.752920 3.499712 3.062784 -0.909614 -0.020401 -0.039368 0.110389 0.992899
1646305727.777919 3.525587 3.070464 -0.907369 -0.012990 -0.042411 0.108240 0.993135
1646305727.802918 3.552413 3.076738 -0.905701 -0.006600 -0.045926 0.107183 0.993156
1646305727.827917 3.569730 3.080954 -0.902519 -0.001500 -0.049169 0.108739 0.992852
1646305727.852916 3.600636 3.086697 -0.899177 0.003434 -0.050649 0.109195 0.992723
1646305727.877915 3.625740 3.091656 -0.896949 0.006767 -0.050741 0.109509 0.992667
1646305727.902914 3.652032 3.095975 -0.894777 0.007769 -0.050067 0.109334 0.992713
1646305727.927913 3.672251 3.100637 -0.891429 0.006174 -0.048494 0.110401 0.992684
1646305727.952912 3.705102 3.103212 -0.888543 0.003496 -0.045946 0.109077 0.992965
1646305727.977911 3.732359 3.105075 -0.885642 0.000210 -0.043909 0.107186 0.993269
1646305728.002910 3.760741 3.106678 -0.882909 -0.002973 -0.042423 0.104383 0.993627
1646305728.027909 3.790290 3.111925 -0.884624 -0.004408 -0.041220 0.102231 0.993896
1646305728.052900 3.823232 3.114744 -0.882067 -0.004233 -0.040772 0.098369 0.994305
1646305728.077899 3.853666 3.116626 -0.880656 -0.003599 -0.041309 0.094930 0.994620
1646305728.102898 3.884710 3.118360 -0.879665 -0.001071 -0.041588 0.090364 0.995040
1646305728.127897 3.899378 3.111371 -0.880639 0.002756 -0.042551 0.085413 0.995433
1646305728.152896 3.935687 3.111157 -0.880773 0.007436 -0.042464 0.078038 0.996018
1646305728.177895 3.965559 3.110817 -0.881833 0.011489 -0.043138 0.071012 0.996476
1646305728.177895 3.965559 3.110817 -0.881833 0.011489 -0.043138 0.071012 0.996476
1646305728.227893 4.034931 3.103715 -0.892278 0.016369 -0.040630 0.058145 0.997347
1646305728.252892 4.066630 3.102264 -0.895858 0.019562 -0.040320 0.050519 0.997717
1646305728.252892 4.066630 3.102264 -0.895858 0.019562 -0.040320 0.050519 0.997717
1646305728.327889 4.151759 3.109329 -0.902375 0.026747 -0.036242 0.034474 0.998390
1646305728.327889 4.151759 3.109329 -0.902375 0.026747 -0.036242 0.034474 0.998390
1646305728.427885 4.277450 3.127271 -0.892637 0.026722 -0.016996 0.025065 0.999184
1646305728.427885 4.277450 3.127271 -0.892637 0.026722 -0.016996 0.025065 0.999184
1646305728.527881 4.397303 3.150150 -0.883128 0.024484 -0.010574 0.045609 0.998603
1646305728.527881 4.397303 3.150150 -0.883128 0.024484 -0.010574 0.045609 0.998603
1646305728.627877 4.526364 3.176488 -0.888987 0.019147 -0.022524 0.092045 0.995316
1646305728.627877 4.526364 3.176488 -0.888987 0.019147 -0.022524 0.092045 0.995316
1646305728.727873 4.640906 3.217664 -0.914604 -0.012648 -0.026878 0.141120 0.989547
1646305728.727873 4.640906 3.217664 -0.914604 -0.012648 -0.026878 0.141120 0.989547
1646305728.827869 4.758853 3.260705 -0.936281 -0.081288 -0.015356 0.186967 0.978877
1646305728.827869 4.758853 3.260705 -0.936281 -0.081288 -0.015356 0.186967 0.978877
1646305728.927865 4.876236 3.294605 -0.950174 -0.148709 0.003882 0.210619 0.966183
1646305728.927865 4.876236 3.294605 -0.950174 -0.148709 0.003882 0.210619 0.966183
1646305729.027861 5.003719 3.316283 -0.959583 -0.197354 0.021446 0.187222 0.962050
1646305729.027861 5.003719 3.316283 -0.959583 -0.197354 0.021446 0.187222 0.962050
1646305729.127857 5.143210 3.317792 -0.965945 -0.225711 0.023324 0.130989 0.965066
1646305729.127857 5.143210 3.317792 -0.965945 -0.225711 0.023324 0.130989 0.965066
1646305729.227853 5.288013 3.291599 -0.965335 -0.243569 0.000993 0.067087 0.967560
1646305729.227853 5.288013 3.291599 -0.965335 -0.243569 0.000993 0.067087 0.967560
1646305729.327849 5.429110 3.246154 -0.951277 -0.270701 -0.001384 -0.001937 0.962661
1646305729.327849 5.429110 3.246154 -0.951277 -0.270701 -0.001384 -0.001937 0.962661
1646305729.427845 5.564583 3.202033 -0.923832 -0.287747 0.014779 -0.053997 0.956069
1646305729.427845 5.564583 3.202033 -0.923832 -0.287747 0.014779 -0.053997 0.956069
1646305729.527841 5.706222 3.163853 -0.906642 -0.287722 0.002559 -0.062256 0.955685
1646305729.527841 5.706222 3.163853 -0.906642 -0.287722 0.002559 -0.062256 0.955685
1646305729.627837 5.856250 3.129904 -0.912378 -0.255692 -0.011777 -0.058469 0.964917
1646305729.627837 5.856250 3.129904 -0.912378 -0.255692 -0.011777 -0.058469 0.964917
1646305729.727834 5.987525 3.109691 -0.927044 -0.212322 -0.005423 -0.042514 0.976260
1646305729.727834 5.987525 3.109691 -0.927044 -0.212322 -0.005423 -0.042514 0.976260
1646305729.827829 6.117177 3.096189 -0.932357 -0.153147 0.023549 -0.004415 0.987913
1646305729.827829 6.117177 3.096189 -0.932357 -0.153147 0.023549 -0.004415 0.987913
1646305729.927825 6.256577 3.082936 -0.923296 -0.097092 0.049915 0.032760 0.993483
1646305729.927825 6.256577 3.082936 -0.923296 -0.097092 0.049915 0.032760 0.993483
1646305730.027822 6.401275 3.064281 -0.916960 -0.048240 0.038426 0.050991 0.996793
1646305730.027822 6.401275 3.064281 -0.916960 -0.048240 0.038426 0.050991 0.996793
1646305730.127818 6.541303 3.022405 -0.922422 -0.030150 0.015881 0.030206 0.998963
1646305730.202815 6.632659 2.978609 -0.931773 -0.033140 0.005027 0.001482 0.999437
1646305730.227814 6.662305 2.965784 -0.932795 -0.036353 0.006449 -0.008358 0.999283
1646305730.252813 6.690954 2.951248 -0.932252 -0.040810 0.010417 -0.019777 0.998917
1646305730.277812 6.720747 2.934171 -0.930847 -0.044480 0.016990 -0.031985 0.998354
1646305730.302811 6.751998 2.917856 -0.929775 -0.048796 0.022575 -0.044699 0.997553
1646305730.327810 6.783270 2.901839 -0.926412 -0.052646 0.026642 -0.058723 0.996529
1646305730.352809 6.814305 2.883152 -0.922700 -0.055389 0.028667 -0.072344 0.995428
1646305730.377808 6.845065 2.863953 -0.920096 -0.056015 0.029894 -0.086537 0.994223
1646305730.402807 6.875124 2.842314 -0.918145 -0.055243 0.030631 -0.101900 0.992787
1646305730.427806 6.903635 2.816891 -0.915649 -0.054652 0.031490 -0.119049 0.990883
1646305730.452805 6.932686 2.788670 -0.912891 -0.055104 0.032483 -0.137793 0.988393
1646305730.477804 6.958008 2.758008 -0.912817 -0.057242 0.034392 -0.157856 0.985202
1646305730.502803 6.981406 2.725096 -0.913538 -0.057114 0.036873 -0.179398 0.981425
1646305730.527802 7.001206 2.689824 -0.916902 -0.054085 0.040058 -0.205096 0.976425
1646305730.552801 7.019304 2.653840 -0.916468 -0.047777 0.040604 -0.233973 0.970219
1646305730.577800 7.032871 2.616814 -0.918296 -0.040807 0.038811 -0.267798 0.961828
1646305730.602799 7.042472 2.579015 -0.920626 -0.035233 0.035589 -0.305010 0.951032
1646305730.627798 7.045861 2.541081 -0.923850 -0.033593 0.030117 -0.345582 0.937303
1646305730.652797 7.046258 2.502527 -0.926770 -0.031891 0.027104 -0.387632 0.920864
1646305730.677796 7.042207 2.465608 -0.929450 -0.029741 0.025621 -0.432025 0.901007
1646305730.702795 7.034108 2.429720 -0.931015 -0.026092 0.026770 -0.476419 0.878423
1646305730.727794 7.021491 2.398007 -0.933522 -0.020573 0.029536 -0.520783 0.852930
1646305730.752793 7.005879 2.369260 -0.935956 -0.015001 0.033538 -0.563361 0.825393
1646305730.777792 6.988483 2.343485 -0.936099 -0.009276 0.036676 -0.605526 0.794925
1646305730.802791 6.967984 2.320664 -0.935867 -0.004059 0.038894 -0.645946 0.762381
1646305730.827790 6.945355 2.303126 -0.935053 0.000074 0.038462 -0.685070 0.727462
1646305730.852789 6.921442 2.291622 -0.932924 0.003152 0.036741 -0.722148 0.690755
1646305730.877788 6.898001 2.283211 -0.930736 0.005447 0.033686 -0.757318 0.652154
1646305730.902787 6.873633 2.280298 -0.928734 0.007304 0.029574 -0.789959 0.612402
1646305730.927786 6.849492 2.280311 -0.927660 0.009446 0.024795 -0.820998 0.570314
1646305730.952785 6.825852 2.291300 -0.924938 0.010429 0.019734 -0.850177 0.526023
1646305730.977784 6.803129 2.304754 -0.923032 0.011015 0.018075 -0.877409 0.479276
1646305731.002783 6.782095 2.323257 -0.920818 0.010689 0.018974 -0.902820 0.429467
1646305731.027782 6.764315 2.339870 -0.919655 0.007807 0.023023 -0.925235 0.378615
1646305731.052781 6.747689 2.368795 -0.916776 0.003217 0.026904 -0.944331 0.327880
1646305731.077780 6.734093 2.404100 -0.915194 -0.000971 0.030419 -0.959693 0.279399
1646305731.102779 6.723685 2.439076 -0.915078 -0.002463 0.031111 -0.972129 0.232361
1646305731.127778 6.717827 2.475896 -0.916930 -0.000396 0.027636 -0.982288 0.185329
1646305731.152777 6.715358 2.514845 -0.917244 0.005468 0.021719 -0.990288 0.137219
1646305731.177776 6.716666 2.561598 -0.919280 0.011621 0.015090 -0.996046 0.086771
1646305731.202775 6.721368 2.607512 -0.920562 0.017484 0.011457 -0.999233 0.033098
1646305731.227774 6.732084 2.654843 -0.921056 -0.022907 -0.010754 0.999381 0.024442
1646305731.252773 6.747292 2.704099 -0.921729 -0.026254 -0.013242 0.996170 0.082346
1646305731.277772 6.766515 2.757946 -0.920155 -0.028426 -0.015976 0.989608 0.140046
1646305731.302771 6.789676 2.809259 -0.921577 -0.029028 -0.017858 0.979833 0.196893
1646305731.327770 6.819136 2.861929 -0.922871 -0.028924 -0.016659 0.966886 0.253015
1646305731.352769 6.854659 2.906464 -0.923496 -0.029862 -0.014690 0.950841 0.307886
1646305731.377768 6.894318 2.950459 -0.922912 -0.030916 -0.010089 0.931862 0.361352
1646305731.402767 6.937936 2.991283 -0.925208 -0.032562 -0.004652 0.909851 0.413628
1646305731.427766 6.987711 3.032457 -0.931372 -0.036525 0.000379 0.885367 0.463455
1646305731.452765 7.040236 3.062095 -0.932775 -0.040100 0.003737 0.858780 0.510758
1646305731.477764 7.095316 3.085769 -0.931845 -0.044006 0.007801 0.830725 0.554886
1646305731.502763 7.150724 3.107727 -0.931672 -0.046463 0.010943 0.800830 0.596987
1646305731.527762 7.209763 3.122937 -0.934754 -0.046932 0.013117 0.769804 0.636418
1646305731.552761 7.265660 3.135592 -0.933921 -0.045592 0.015070 0.737610 0.673517
1646305731.577760 7.320931 3.142276 -0.931743 -0.042789 0.017162 0.704228 0.708476
1646305731.602759 7.373723 3.147815 -0.927769 -0.039941 0.018999 0.669139 0.741820
1646305731.627758 7.425686 3.147352 -0.918357 -0.036549 0.020009 0.633231 0.772841
1646305731.652757 7.476079 3.147625 -0.913889 -0.032377 0.019951 0.597446 0.801007
1646305731.677756 7.524952 3.144557 -0.908631 -0.027408 0.019855 0.561594 0.826721
1646305731.702755 7.572139 3.139711 -0.902591 -0.022423 0.018910 0.526555 0.849635
1646305731.727754 7.615048 3.133436 -0.890996 -0.018568 0.018076 0.493904 0.869130
1646305731.752753 7.657679 3.127624 -0.882837 -0.016228 0.015617 0.462491 0.886338
1646305731.777752 7.698746 3.120529 -0.876292 -0.016177 0.012087 0.433310 0.901019
1646305731.802751 7.738551 3.114739 -0.869064 -0.016196 0.009089 0.406266 0.913566
1646305731.827750 7.775421 3.113834 -0.859850 -0.017035 0.007980 0.382652 0.923701
1646305731.852749 7.810715 3.111059 -0.852314 -0.017851 0.007071 0.360276 0.932648
1646305731.877748 7.845590 3.110111 -0.847378 -0.018383 0.006535 0.339177 0.940520
1646305731.902747 7.880900 3.111187 -0.844008 -0.017481 0.007124 0.319503 0.947397
1646305731.927746 7.913292 3.116509 -0.843967 -0.016142 0.010759 0.301965 0.953122
1646305731.952745 7.946291 3.121348 -0.842240 -0.013417 0.016719 0.284144 0.958542
1646305731.977744 7.978968 3.126714 -0.842768 -0.010005 0.022976 0.267448 0.963246
1646305732.002743 8.012282 3.133062 -0.845675 -0.006352 0.028365 0.252135 0.967255
1646305732.027742 8.042995 3.141567 -0.852610 -0.005138 0.031221 0.239429 0.970398
1646305732.052737 8.074538 3.148144 -0.859354 -0.004190 0.034106 0.228600 0.972914
1646305732.077736 8.104461 3.154066 -0.869004 -0.002486 0.038990 0.221228 0.974439
1646305732.102735 8.133845 3.161697 -0.879015 0.000333 0.045943 0.215907 0.975332
1646305732.127734 8.160379 3.170376 -0.887353 0.002027 0.056048 0.212380 0.975576
1646305732.152733 8.186978 3.177909 -0.897105 0.002928 0.067340 0.207781 0.975850
1646305732.177732 8.212856 3.183646 -0.907936 0.003612 0.079271 0.202353 0.976092
1646305732.202731 8.238286 3.189271 -0.917254 0.004098 0.090595 0.197136 0.976173
1646305732.227730 8.262877 3.195589 -0.924782 0.001792 0.101839 0.193268 0.975845
1646305732.252729 8.286235 3.201125 -0.931115 -0.000531 0.112369 0.189585 0.975413
1646305732.277728 8.309916 3.204853 -0.936279 -0.002906 0.122830 0.186330 0.974775
1646305732.302727 8.333157 3.209851 -0.938009 -0.006827 0.131243 0.184687 0.973971
1646305732.327726 8.354742 3.215806 -0.934719 -0.011707 0.137976 0.185322 0.972873
1646305732.352725 8.377563 3.221684 -0.930999 -0.016362 0.143279 0.186829 0.971750
1646305732.377724 8.400564 3.226200 -0.925046 -0.021532 0.147203 0.189381 0.970568
1646305732.402723 8.423605 3.232707 -0.915386 -0.027498 0.148648 0.192933 0.969497
1646305732.427722 8.445893 3.241295 -0.900947 -0.034064 0.146959 0.199598 0.968196
1646305732.452721 8.468671 3.249638 -0.886649 -0.040683 0.144631 0.206455 0.966852
1646305732.477720 8.490875 3.257078 -0.870551 -0.045527 0.140941 0.214305 0.965472
1646305732.502719 8.511674 3.265837 -0.852385 -0.048037 0.136507 0.220892 0.964502
1646305732.527718 8.528577 3.273662 -0.831529 -0.049811 0.130215 0.227656 0.963709
1646305732.552717 8.547224 3.282996 -0.811126 -0.049872 0.124152 0.231993 0.963472
1646305732.577716 8.566164 3.293132 -0.789790 -0.047508 0.118157 0.234886 0.963644
1646305732.602715 8.583800 3.302675 -0.766906 -0.045722 0.112548 0.237332 0.963803
1646305732.627714 8.596498 3.308728 -0.742313 -0.045969 0.105704 0.240389 0.963808
1646305732.652713 8.611934 3.317528 -0.717894 -0.045223 0.098750 0.241691 0.964256
1646305732.677712 8.627660 3.326976 -0.694280 -0.042820 0.092150 0.241892 0.964968
1646305732.702711 8.642813 3.335043 -0.671974 -0.039430 0.085777 0.244436 0.965059
1646305732.727710 8.651769 3.341832 -0.646304 -0.034572 0.080063 0.244835 0.965635
1646305732.727710 8.651769 3.341832 -0.646304 -0.034572 0.080063 0.244835 0.965635
1646305732.777709 8.684356 3.372036 -0.597316 -0.025241 0.071507 0.245505 0.966425
1646305732.802707 8.694524 3.380682 -0.574754 -0.021754 0.068428 0.245643 0.966697
1646305732.827706 8.700291 3.383033 -0.551649 -0.020393 0.067371 0.245898 0.966736
1646305732.827706 8.700291 3.383033 -0.551649 -0.020393 0.067371 0.245898 0.966736
1646305732.877704 8.716808 3.394078 -0.507730 -0.019299 0.071987 0.241946 0.967423
1646305732.902704 8.722915 3.398982 -0.486512 -0.019417 0.075465 0.239533 0.967756
1646305732.927703 8.722571 3.399881 -0.460314 -0.023153 0.079575 0.238189 0.967676
1646305732.927703 8.722571 3.399881 -0.460314 -0.023153 0.079575 0.238189 0.967676
1646305732.977700 8.733333 3.405584 -0.409280 -0.033284 0.091778 0.232692 0.967638
1646305733.002700 8.736771 3.408273 -0.383723 -0.036819 0.097675 0.229250 0.967754
1646305733.027699 8.738206 3.410520 -0.356060 -0.039251 0.101383 0.227686 0.967647
1646305733.027699 8.738206 3.410520 -0.356060 -0.039251 0.101383 0.227686 0.967647
1646305733.077697 8.753989 3.418721 -0.298594 -0.040538 0.104609 0.223425 0.968243
1646305733.102695 8.756934 3.422741 -0.274735 -0.039031 0.103286 0.220965 0.969011
1646305733.127695 8.756293 3.426347 -0.250364 -0.038558 0.100721 0.220644 0.969373
1646305733.127695 8.756293 3.426347 -0.250364 -0.038558 0.100721 0.220644 0.969373
1646305733.177693 8.776450 3.433010 -0.197230 -0.037675 0.096693 0.217749 0.970472
1646305733.202692 8.779272 3.436822 -0.177239 -0.034350 0.094909 0.215223 0.971335
1646305733.227691 8.776973 3.441377 -0.158835 -0.030961 0.093610 0.214975 0.971630
1646305733.227691 8.776973 3.441377 -0.158835 -0.030961 0.093610 0.214975 0.971630
1646305733.277689 8.803149 3.453107 -0.116973 -0.025585 0.090192 0.209600 0.973282
1646305733.302688 8.805497 3.457407 -0.102476 -0.022446 0.087900 0.204229 0.974710
1646305733.327687 8.810957 3.462711 -0.088901 -0.018902 0.084684 0.198800 0.976192
1646305733.327687 8.810957 3.462711 -0.088901 -0.018902 0.084684 0.198800 0.976192
1646305733.377685 8.850448 3.478740 -0.059101 -0.008354 0.079354 0.187666 0.978986
1646305733.402683 8.837722 3.479499 -0.050918 -0.003778 0.077869 0.181182 0.980355
1646305733.427683 8.841307 3.483071 -0.041461 -0.000840 0.075134 0.176999 0.981339
1646305733.427683 8.841307 3.483071 -0.041461 -0.000840 0.075134 0.176999 0.981339
1646305733.477681 8.901913 3.504038 -0.024295 0.001923 0.063202 0.172665 0.982949
1646305733.502680 8.901123 3.505719 -0.017507 0.001642 0.059778 0.168218 0.983934
1646305733.527679 8.908099 3.505688 -0.011686 0.001942 0.053853 0.165585 0.984722
1646305733.527679 8.908099 3.505688 -0.011686 0.001942 0.053853 0.165585 0.984722
1646305733.577677 8.999119 3.538349 -0.002078 0.000812 0.042131 0.166472 0.985145
1646305733.602676 9.015563 3.544751 0.004197 -0.000552 0.040326 0.163491 0.985720
1646305733.627675 9.035449 3.534751 0.007554 -0.001480 0.037034 0.160121 0.986401
1646305733.627675 9.035449 3.534751 0.007554 -0.001480 0.037034 0.160121 0.986401
1646305733.677673 9.111435 3.556887 0.014665 -0.002162 0.029754 0.156408 0.987242
1646305733.702672 9.133061 3.561962 0.018933 -0.002235 0.027911 0.152512 0.987905
1646305733.727671 9.160281 3.547124 0.021251 -0.000643 0.025022 0.149060 0.988511
1646305733.727671 9.160281 3.547124 0.021251 -0.000643 0.025022 0.149060 0.988511
1646305733.777669 9.199988 3.550742 0.025523 0.002141 0.020228 0.147544 0.988846
1646305733.802668 9.220293 3.553430 0.028520 0.003335 0.019390 0.147582 0.988854
1646305733.827667 9.243084 3.543160 0.029134 0.004657 0.018743 0.147038 0.988942
1646305733.827667 9.243084 3.543160 0.029134 0.004657 0.018743 0.147038 0.988942
1646305733.877665 9.269064 3.544435 0.034593 0.004532 0.020002 0.148987 0.988626
1646305733.902664 9.283718 3.544487 0.037723 0.004965 0.019002 0.148134 0.988772
1646305733.927663 9.300315 3.541949 0.039320 0.005120 0.019086 0.148227 0.988756
1646305733.927663 9.300315 3.541949 0.039320 0.005120 0.019086 0.148227 0.988756
1646305733.977661 9.334556 3.552473 0.045097 0.004398 0.015848 0.149114 0.988683
1646305734.002660 9.346697 3.553566 0.046617 0.004232 0.015431 0.147582 0.988920
1646305734.027659 9.363183 3.550681 0.048451 0.004694 0.014060 0.146428 0.989110
1646305734.027659 9.363183 3.550681 0.048451 0.004694 0.014060 0.146428 0.989110
1646305734.077657 9.382690 3.564251 0.049337 0.004938 0.008858 0.143655 0.989576
1646305734.102656 9.389497 3.563637 0.051958 0.004691 0.006235 0.143136 0.989672
1646305734.127655 9.400886 3.558597 0.053086 0.003469 0.003789 0.141632 0.989906
1646305734.127655 9.400886 3.558597 0.053086 0.003469 0.003789 0.141632 0.989906
1646305734.177653 9.431349 3.572087 0.057710 0.002519 0.002773 0.141810 0.989887
1646305734.202652 9.449302 3.575050 0.058765 0.002491 0.002551 0.143451 0.989651
1646305734.227651 9.458962 3.568246 0.059747 0.002421 0.001680 0.143595 0.989632
1646305734.227651 9.458962 3.568246 0.059747 0.002421 0.001680 0.143595 0.989632
1646305734.277649 9.484131 3.582509 0.062518 0.003059 0.001622 0.146708 0.989174
1646305734.302648 9.496176 3.584295 0.063420 0.004150 0.001152 0.149982 0.988679
1646305734.327647 9.507520 3.580053 0.063700 0.004827 0.000775 0.151027 0.988518
1646305734.327647 9.507520 3.580053 0.063700 0.004827 0.000775 0.151027 0.988518
1646305734.377645 9.531708 3.588417 0.065771 0.006148 0.002058 0.155766 0.987773
1646305734.402644 9.533395 3.586847 0.066642 0.006703 0.001826 0.155389 0.987829
1646305734.452642 9.553339 3.584189 0.068227 0.004831 0.000625 0.156584 0.987653
1646305734.477641 9.560335 3.589389 0.068044 0.003838 -0.000931 0.156831 0.987618
1646305734.502640 9.570482 3.590663 0.069310 0.003785 -0.001069 0.156684 0.987641
1646305734.527639 9.575288 3.587360 0.067777 0.005224 -0.001518 0.156269 0.987700
1646305734.527639 9.575288 3.587360 0.067777 0.005224 -0.001518 0.156269 0.987700
1646305734.577637 9.597026 3.594899 0.067557 0.004889 -0.002114 0.156665 0.987637
1646305734.602636 9.603436 3.596114 0.066073 0.005134 -0.001578 0.156103 0.987726
1646305734.627635 9.607525 3.592714 0.065701 0.006591 -0.002123 0.155903 0.987748
1646305734.627635 9.607525 3.592714 0.065701 0.006591 -0.002123 0.155903 0.987748
1646305734.677633 9.615933 3.599944 0.069334 0.004600 -0.001489 0.157206 0.987554
1646305734.702632 9.616645 3.600303 0.069691 0.005465 -0.002152 0.156138 0.987718
1646305734.727631 9.621060 3.597735 0.070635 0.007026 -0.002997 0.155902 0.987743
1646305734.727631 9.621060 3.597735 0.070635 0.007026 -0.002997 0.155902 0.987743
1646305734.777629 9.624453 3.603577 0.074083 0.005000 -0.002597 0.155536 0.987814
1646305734.802628 9.621779 3.603267 0.073874 0.005056 -0.002463 0.155452 0.987827
1646305734.827627 9.625552 3.599107 0.074741 0.007826 -0.004900 0.155304 0.987824
1646305734.827627 9.625552 3.599107 0.074741 0.007826 -0.004900 0.155304 0.987824
1646305734.877625 9.629922 3.604691 0.077252 0.006471 -0.005617 0.155585 0.987785
1646305734.902624 9.628616 3.605062 0.077136 0.005797 -0.002865 0.154609 0.987955
1646305734.927623 9.631517 3.603284 0.077266 0.008493 -0.004363 0.154588 0.987933
1646305734.927623 9.631517 3.603284 0.077266 0.008493 -0.004363 0.154588 0.987933
1646305734.977621 9.635490 3.606100 0.079117 0.006282 -0.005703 0.155555 0.987791
1646305735.002620 9.633946 3.606038 0.078818 0.005405 -0.002959 0.154571 0.987963
1646305735.027619 9.634187 3.603674 0.078272 0.008113 -0.003515 0.154535 0.987948
1646305735.027619 9.634187 3.603674 0.078272 0.008113 -0.003515 0.154535 0.987948
1646305735.077617 9.637853 3.606677 0.079838 0.006036 -0.004981 0.155222 0.987849
1646305735.102616 9.635388 3.606227 0.079323 0.005607 -0.002982 0.154359 0.987994
1646305735.127615 9.635588 3.604528 0.078791 0.008311 -0.003610 0.154113 0.988012
1646305735.127615 9.635588 3.604528 0.078791 0.008311 -0.003610 0.154113 0.988012
1646305735.177613 9.636181 3.607899 0.081297 0.005640 -0.004004 0.154692 0.987939
1646305735.202612 9.632948 3.607567 0.080592 0.005547 -0.003169 0.154182 0.988022
1646305735.227611 9.632877 3.604686 0.080002 0.008580 -0.004800 0.154298 0.987975
1646305735.227611 9.632877 3.604686 0.080002 0.008580 -0.004800 0.154298 0.987975
1646305735.277609 9.635892 3.606172 0.082393 0.006419 -0.005984 0.155487 0.987799
1646305735.302608 9.633718 3.605972 0.082500 0.005368 -0.003410 0.154806 0.987924
1646305735.327607 9.633598 3.604739 0.082100 0.008225 -0.004503 0.154656 0.987924
1646305735.327607 9.633598 3.604739 0.082100 0.008225 -0.004503 0.154656 0.987924
1646305735.377605 9.636328 3.607165 0.082314 0.006318 -0.005782 0.155422 0.987811
1646305735.402604 9.635112 3.607367 0.081994 0.005353 -0.003249 0.154552 0.987965
1646305735.427603 9.635218 3.606194 0.081874 0.007804 -0.003856 0.154155 0.988008
1646305735.427603 9.635218 3.606194 0.081874 0.007804 -0.003856 0.154155 0.988008
1646305735.477601 9.636676 3.608488 0.083029 0.005846 -0.004892 0.154957 0.987892
1646305735.502600 9.634186 3.608496 0.082366 0.005494 -0.003154 0.154427 0.987984
1646305735.527599 9.633535 3.604891 0.081823 0.007681 -0.004194 0.154693 0.987924
1646305735.527599 9.633535 3.604891 0.081823 0.007681 -0.004194 0.154693 0.987924
1646305735.577597 9.632093 3.606364 0.086213 0.004803 -0.003108 0.155815 0.987770
1646305735.602596 9.629097 3.605725 0.086766 0.005484 -0.003645 0.155396 0.987830
1646305735.627595 9.626012 3.600387 0.086557 0.006516 -0.003067 0.154637 0.987945
1646305735.627595 9.626012 3.600387 0.086557 0.006516 -0.003067 0.154637 0.987945
1646305735.677593 9.620061 3.600617 0.089091 0.004445 -0.002414 0.155308 0.987853
1646305735.702592 9.616476 3.599572 0.090010 0.004682 -0.003388 0.154890 0.987915
1646305735.727591 9.613164 3.593978 0.089522 0.004783 -0.002622 0.154171 0.988029
1646305735.727591 9.613164 3.593978 0.089522 0.004783 -0.002622 0.154171 0.988029
1646305735.777589 9.609750 3.596001 0.089994 0.003931 -0.001714 0.154975 0.987909
1646305735.802588 9.602999 3.593639 0.090682 0.003471 -0.002279 0.154422 0.987996
1646305735.827587 9.605082 3.591496 0.090475 0.001059 -0.001250 0.154668 0.987965
1646305735.827587 9.605082 3.591496 0.090475 0.001059 -0.001250 0.154668 0.987965
1646305735.877585 9.606092 3.594848 0.087136 -0.002423 0.001882 0.153966 0.988071
1646305735.902584 9.607272 3.595037 0.085935 -0.003906 0.002974 0.153109 0.988197
1646305735.927583 9.607581 3.590907 0.085417 -0.004163 0.001644 0.152284 0.988327
1646305735.927583 9.607581 3.590907 0.085417 -0.004163 0.001644 0.152284 0.988327
1646305735.977582 9.611945 3.596925 0.087868 -0.006405 0.001766 0.153107 0.988187
1646305736.002580 9.614910 3.598944 0.087833 -0.005529 0.001237 0.152916 0.988223
1646305736.027580 9.614719 3.594672 0.087141 -0.004297 0.001443 0.152434 0.988303
1646305736.027580 9.614719 3.594672 0.087141 -0.004297 0.001443 0.152434 0.988303
1646305736.077569 9.617792 3.599253 0.089577 -0.006433 0.001668 0.153725 0.988091
1646305736.102568 9.619324 3.600542 0.089629 -0.005608 0.001016 0.153609 0.988115
1646305736.127567 9.617887 3.596442 0.089176 -0.004278 0.001330 0.153368 0.988159
1646305736.127567 9.617887 3.596442 0.089176 -0.004278 0.001330 0.153368 0.988159
1646305736.177565 9.621799 3.600679 0.090380 -0.006580 0.001733 0.154946 0.987899
1646305736.202564 9.622541 3.601349 0.090202 -0.005779 0.000877 0.154781 0.987931
1646305736.227563 9.621103 3.597332 0.089529 -0.004285 0.001435 0.154041 0.988054
1646305736.227563 9.621103 3.597332 0.089529 -0.004285 0.001435 0.154041 0.988054
1646305736.277561 9.624659 3.601546 0.090244 -0.006538 0.001778 0.155260 0.987850
1646305736.302560 9.624669 3.602028 0.090074 -0.005696 0.000821 0.154807 0.987928
1646305736.327559 9.623076 3.597800 0.089207 -0.004297 0.001393 0.154001 0.988060
1646305736.327559 9.623076 3.597800 0.089207 -0.004297 0.001393 0.154001 0.988060
1646305736.377557 9.625850 3.601646 0.089499 -0.006469 0.001864 0.155371 0.987833
1646305736.402556 9.625369 3.601960 0.089148 -0.005699 0.000868 0.154928 0.987909
1646305736.427555 9.623377 3.598180 0.088564 -0.004305 0.001353 0.154165 0.988035
1646305736.427555 9.623377 3.598180 0.088564 -0.004305 0.001353 0.154165 0.988035
1646305736.477553 9.625744 3.601766 0.089420 -0.006520 0.001824 0.155318 0.987841
1646305736.502553 9.625271 3.602128 0.089215 -0.005788 0.000814 0.154932 0.987908
1646305736.527551 9.623549 3.598481 0.088628 -0.004326 0.001354 0.154174 0.988033
1646305736.527551 9.623549 3.598481 0.088628 -0.004326 0.001354 0.154174 0.988033
1646305736.577549 9.626327 3.602030 0.089300 -0.006508 0.001888 0.155302 0.987844
1646305736.602548 9.626015 3.602500 0.089067 -0.005763 0.000841 0.154968 0.987902
1646305736.627548 9.623889 3.598987 0.088503 -0.004332 0.001316 0.154265 0.988019
1646305736.627548 9.623889 3.598987 0.088503 -0.004332 0.001316 0.154265 0.988019
1646305736.677546 9.626551 3.602436 0.089337 -0.006474 0.001812 0.155392 0.987830
1646305736.702544 9.625920 3.602840 0.089084 -0.005803 0.000825 0.155064 0.987887
1646305736.727544 9.623968 3.599238 0.088573 -0.004365 0.001312 0.154425 0.987994
1646305736.727544 9.623968 3.599238 0.088573 -0.004365 0.001312 0.154425 0.987994
1646305736.777542 9.626210 3.602288 0.089116 -0.006569 0.001832 0.155222 0.987856
1646305736.802541 9.626109 3.602631 0.088887 -0.005908 0.000781 0.155404 0.987833
1646305736.827539 9.624248 3.599099 0.088541 -0.004393 0.001320 0.154697 0.987951
1646305736.827539 9.624248 3.599099 0.088541 -0.004393 0.001320 0.154697 0.987951
1646305736.877538 9.626104 3.602349 0.089301 -0.006495 0.001785 0.155503 0.987812
1646305736.902537 9.625901 3.602808 0.089120 -0.005851 0.000785 0.155433 0.987829
1646305736.927536 9.623998 3.599534 0.088836 -0.004362 0.001299 0.154756 0.987942
1646305736.927536 9.623998 3.599534 0.088836 -0.004362 0.001299 0.154756 0.987942
1646305736.977534 9.626175 3.602556 0.089463 -0.006578 0.001924 0.156734 0.987617
1646305737.002533 9.625001 3.603168 0.089377 -0.005779 0.000810 0.156704 0.987628
1646305737.027532 9.622838 3.599811 0.088794 -0.004233 0.001484 0.156756 0.987627
1646305737.027532 9.622838 3.599811 0.088794 -0.004233 0.001484 0.156756 0.987627
1646305737.077530 9.625747 3.603086 0.089303 -0.006527 0.001921 0.158098 0.987400
1646305737.102529 9.625056 3.603479 0.089230 -0.005804 0.000825 0.157668 0.987475
1646305737.127528 9.623064 3.600112 0.088695 -0.004286 0.001431 0.156891 0.987606
1646305737.127528 9.623064 3.600112 0.088695 -0.004286 0.001431 0.156891 0.987606
1646305737.177526 9.625998 3.602914 0.089175 -0.006571 0.002013 0.158198 0.987383
1646305737.202525 9.625400 3.603285 0.088978 -0.005768 0.000839 0.157625 0.987482
1646305737.227524 9.623505 3.600322 0.088575 -0.004307 0.001447 0.156804 0.987619
1646305737.227524 9.623505 3.600322 0.088575 -0.004307 0.001447 0.156804 0.987619
1646305737.277522 9.626453 3.603720 0.089266 -0.006600 0.002042 0.158122 0.987395
1646305737.302521 9.625730 3.604163 0.089227 -0.005803 0.000824 0.157578 0.987489
1646305737.327520 9.623939 3.600654 0.088844 -0.004296 0.001420 0.156772 0.987625
1646305737.327520 9.623939 3.600654 0.088844 -0.004296 0.001420 0.156772 0.987625
1646305737.377518 9.626978 3.603409 0.089156 -0.006610 0.002060 0.158052 0.987406
1646305737.402517 9.626073 3.603752 0.089064 -0.005842 0.000828 0.157507 0.987500
1646305737.427516 9.624438 3.600562 0.088682 -0.004323 0.001458 0.156685 0.987638
1646305737.427516 9.624438 3.600562 0.088682 -0.004323 0.001458 0.156685 0.987638
1646305737.477514 9.626498 3.603449 0.089199 -0.006599 0.002097 0.157923 0.987427
1646305737.502513 9.625718 3.603784 0.089045 -0.005795 0.000844 0.157446 0.987510
1646305737.527512 9.623992 3.600688 0.088730 -0.004318 0.001387 0.156679 0.987639
1646305737.527512 9.623992 3.600688 0.088730 -0.004318 0.001387 0.156679 0.987639
1646305737.577510 9.627044 3.603920 0.089255 -0.006593 0.002047 0.158002 0.987415
1646305737.602509 9.626126 3.604329 0.089151 -0.005855 0.000804 0.157442 0.987510
1646305737.627508 9.624384 3.601117 0.088883 -0.004327 0.001370 0.156553 0.987659
1646305737.627508 9.624384 3.601117 0.088883 -0.004327 0.001370 0.156553 0.987659
1646305737.677506 9.627348 3.603475 0.089799 -0.006609 0.001977 0.157059 0.987565
1646305737.702505 9.626565 3.603707 0.089633 -0.005845 0.000769 0.156957 0.987588
1646305737.727504 9.625272 3.600816 0.089324 -0.004316 0.001368 0.156204 0.987714
1646305737.727504 9.625272 3.600816 0.089324 -0.004316 0.001368 0.156204 0.987714
1646305737.777502 9.628266 3.603380 0.089485 -0.006561 0.002041 0.156940 0.987584
1646305737.802501 9.627449 3.603508 0.089252 -0.005850 0.000788 0.156909 0.987595
1646305737.827500 9.625714 3.600381 0.088978 -0.004314 0.001373 0.156141 0.987724
1646305737.827500 9.625714 3.600381 0.088978 -0.004314 0.001373 0.156141 0.987724
1646305737.877498 9.628564 3.603245 0.089591 -0.006554 0.002039 0.156994 0.987576
1646305737.902497 9.627903 3.603434 0.089348 -0.005841 0.000802 0.156929 0.987592
1646305737.927496 9.626310 3.600738 0.089061 -0.004307 0.001388 0.156181 0.987718
1646305737.927496 9.626310 3.600738 0.089061 -0.004307 0.001388 0.156181 0.987718
1646305737.977494 9.628622 3.603141 0.089492 -0.006628 0.002110 0.157001 0.987574
1646305738.002493 9.627495 3.603170 0.089330 -0.005897 0.000794 0.156914 0.987594
1646305738.027492 9.625709 3.600629 0.089100 -0.004289 0.001450 0.156180 0.987718
1646305738.027492 9.625709 3.600629 0.089100 -0.004289 0.001450 0.156180 0.987718
1646305738.077490 9.627689 3.603223 0.089974 -0.006635 0.002094 0.157026 0.987570
1646305738.102489 9.626688 3.603435 0.089912 -0.005925 0.000776 0.156940 0.987590
1646305738.127488 9.625326 3.600819 0.089772 -0.004256 0.001448 0.156188 0.987717
1646305738.127488 9.625326 3.600819 0.089772 -0.004256 0.001448 0.156188 0.987717
1646305738.177486 9.627063 3.603505 0.090589 -0.006634 0.002068 0.156969 0.987579
1646305738.202485 9.627119 3.603899 0.090546 -0.005884 0.000727 0.156963 0.987587
1646305738.227484 9.625533 3.601086 0.090172 -0.004244 0.001483 0.156172 0.987720
1646305738.227484 9.625533 3.601086 0.090172 -0.004244 0.001483 0.156172 0.987720
1646305738.277483 9.627256 3.603122 0.089259 -0.006609 0.002112 0.157054 0.987566
1646305738.302482 9.627211 3.603376 0.089116 -0.005891 0.000821 0.156968 0.987586
1646305738.327481 9.625949 3.601196 0.088791 -0.004290 0.001444 0.156136 0.987725
1646305738.327481 9.625949 3.601196 0.088791 -0.004290 0.001444 0.156136 0.987725
1646305738.377479 9.629031 3.603916 0.089409 -0.006636 0.002178 0.157091 0.987559
1646305738.402478 9.629001 3.604156 0.089320 -0.005839 0.000794 0.156957 0.987588
1646305738.427477 9.627522 3.601212 0.089159 -0.004289 0.001476 0.156114 0.987729
1646305738.427477 9.627522 3.601212 0.089159 -0.004289 0.001476 0.156114 0.987729
1646305738.477475 9.629768 3.604888 0.090063 -0.006628 0.002097 0.157005 0.987573
1646305738.502474 9.629194 3.605120 0.090213 -0.005878 0.000750 0.157055 0.987572
1646305738.527473 9.627914 3.601992 0.089657 -0.004274 0.001485 0.156091 0.987732
1646305738.527473 9.627914 3.601992 0.089657 -0.004274 0.001485 0.156091 0.987732
1646305738.577471 9.629520 3.605255 0.090211 -0.006576 0.002086 0.156982 0.987577
1646305738.602470 9.629006 3.605483 0.090282 -0.005839 0.000743 0.157061 0.987571
1646305738.627469 9.627585 3.602296 0.089851 -0.004266 0.001443 0.156087 0.987733
1646305738.627469 9.627585 3.602296 0.089851 -0.004266 0.001443 0.156087 0.987733
1646305738.677467 9.629410 3.605374 0.090228 -0.006670 0.002139 0.157021 0.987570
1646305738.702466 9.628740 3.605476 0.090155 -0.005881 0.000752 0.157031 0.987576
1646305738.727465 9.628116 3.602420 0.089692 -0.004265 0.001511 0.156192 0.987716
1646305738.727465 9.628116 3.602420 0.089692 -0.004265 0.001511 0.156192 0.987716
1646305738.777463 9.629350 3.605420 0.090095 -0.006624 0.002061 0.156930 0.987585
1646305738.802462 9.631250 3.606032 0.091361 -0.006607 0.002087 0.156773 0.987610
1646305738.827461 9.629970 3.602816 0.091225 -0.004213 0.001495 0.156010 0.987745
1646305738.827461 9.629970 3.602816 0.091225 -0.004213 0.001495 0.156010 0.987745
1646305738.877459 9.629982 3.606083 0.090652 -0.006640 0.002087 0.157012 0.987572
1646305738.902458 9.630273 3.606445 0.090351 -0.005911 0.000818 0.157044 0.987574
1646305738.927457 9.628762 3.602860 0.090028 -0.004256 0.001436 0.156106 0.987730
1646305738.927457 9.628762 3.602860 0.090028 -0.004256 0.001436 0.156106 0.987730
1646305738.977455 9.629797 3.605373 0.090050 -0.006683 0.002115 0.157014 0.987572
1646305739.002454 9.628067 3.605433 0.090109 -0.005986 0.000745 0.157009 0.987579
1646305739.027453 9.626742 3.602329 0.089743 -0.004264 0.001491 0.156141 0.987724
1646305739.027453 9.626742 3.602329 0.089743 -0.004264 0.001491 0.156141 0.987724
1646305739.077449 9.641189 3.607321 0.090163 -0.006650 0.002178 0.157198 0.987542
1646305739.102448 9.653074 3.608997 0.089894 -0.005799 0.000738 0.156989 0.987583
1646305739.127447 9.651758 3.604878 0.089473 -0.004249 0.001559 0.155507 0.987824
1646305739.127447 9.651758 3.604878 0.089473 -0.004249 0.001559 0.155507 0.987824
1646305739.177445 9.642454 3.607894 0.090410 -0.006682 0.002211 0.157189 0.987543
1646305739.202444 9.641792 3.607882 0.090549 -0.005776 0.000779 0.156951 0.987589
1646305739.227443 9.637737 3.603556 0.090189 -0.004242 0.001522 0.155832 0.987773
1646305739.227443 9.637737 3.603556 0.090189 -0.004242 0.001522 0.155832 0.987773
1646305739.277441 9.632407 3.605588 0.090569 -0.006605 0.002077 0.157073 0.987563
1646305739.302440 9.630548 3.605579 0.090744 -0.005830 0.000774 0.156928 0.987593
1646305739.327439 9.627756 3.602325 0.090295 -0.004242 0.001462 0.156082 0.987734
1646305739.327439 9.627756 3.602325 0.090295 -0.004242 0.001462 0.156082 0.987734
1646305739.377437 9.628151 3.604920 0.090164 -0.006606 0.002075 0.156989 0.987576
1646305739.402436 9.627436 3.606278 0.090275 -0.005853 0.000796 0.156942 0.987590
1646305739.427435 9.625915 3.603378 0.089945 -0.004256 0.001422 0.156155 0.987722
1646305739.427435 9.625915 3.603378 0.089945 -0.004256 0.001422 0.156155 0.987722
1646305739.477433 9.629378 3.605621 0.090201 -0.006615 0.002087 0.157016 0.987572
1646305739.502432 9.629190 3.605994 0.090294 -0.005804 0.000805 0.156911 0.987595
1646305739.527431 9.628306 3.603116 0.089998 -0.004264 0.001489 0.156101 0.987731
1646305739.527431 9.628306 3.603116 0.089998 -0.004264 0.001489 0.156101 0.987731
1646305739.577429 9.631879 3.606526 0.090483 -0.006660 0.002109 0.157015 0.987571
1646305739.602428 9.632224 3.607016 0.090898 -0.005896 0.000743 0.156927 0.987592
1646305739.627427 9.631479 3.603808 0.090542 -0.004244 0.001463 0.156016 0.987744
1646305739.627427 9.631479 3.603808 0.090542 -0.004244 0.001463 0.156016 0.987744
1646305739.677425 9.632298 3.606797 0.090625 -0.006639 0.002113 0.157047 0.987567
1646305739.702424 9.631879 3.607138 0.090873 -0.005916 0.000698 0.156916 0.987594
1646305739.727423 9.630823 3.603725 0.090494 -0.004230 0.001477 0.156017 0.987744
1646305739.727423 9.630823 3.603725 0.090494 -0.004230 0.001477 0.156017 0.987744
1646305739.777421 9.631959 3.605991 0.090751 -0.006621 0.002094 0.157053 0.987566
1646305739.802420 9.631443 3.606192 0.090969 -0.005898 0.000722 0.156893 0.987598
1646305739.827419 9.630270 3.603097 0.090512 -0.004218 0.001451 0.156042 0.987740
1646305739.827419 9.630270 3.603097 0.090512 -0.004218 0.001451 0.156042 0.987740
1646305739.877417 9.631847 3.605743 0.090832 -0.006616 0.002095 0.157024 0.987570
1646305739.902416 9.631362 3.605930 0.090981 -0.005913 0.000699 0.156910 0.987595
1646305739.927415 9.630343 3.603007 0.090525 -0.004232 0.001493 0.156049 0.987739
1646305739.927415 9.630343 3.603007 0.090525 -0.004232 0.001493 0.156049 0.987739
1646305739.977413 9.631450 3.605768 0.090537 -0.006677 0.002105 0.157044 0.987567
1646305740.002412 9.630800 3.606056 0.090665 -0.005962 0.000711 0.156882 0.987599
1646305740.027411 9.629811 3.603125 0.090279 -0.004242 0.001425 0.156050 0.987739
1646305740.027411 9.629811 3.603125 0.090279 -0.004242 0.001425 0.156050 0.987739
1646305740.077410 9.631149 3.605799 0.090566 -0.006613 0.002081 0.157024 0.987570
1646305740.102408 9.630868 3.606124 0.090746 -0.005881 0.000739 0.156912 0.987595
1646305740.152406 9.629818 3.602758 0.090346 -0.004248 0.001435 0.156042 0.987740
1646305740.177406 9.628855 3.602475 0.088387 -0.006301 0.001348 0.156949 0.987586
1646305740.202404 9.626236 3.602093 0.086310 -0.006157 0.001765 0.156879 0.987597
1646305740.227403 9.625092 3.600332 0.086887 -0.004345 0.001468 0.156187 0.987717
1646305740.227403 9.625092 3.600332 0.086887 -0.004345 0.001468 0.156187 0.987717
1646305740.277401 9.628613 3.604000 0.089171 -0.006586 0.002112 0.156998 0.987575
1646305740.302401 9.628478 3.604312 0.089833 -0.005799 0.000855 0.156898 0.987597
1646305740.327399 9.627913 3.602341 0.089911 -0.004254 0.001461 0.156123 0.987727
1646305740.327399 9.627913 3.602341 0.089911 -0.004254 0.001461 0.156123 0.987727
1646305740.377398 9.629319 3.604744 0.090377 -0.006642 0.002104 0.157013 0.987572
1646305740.402396 9.628872 3.605029 0.090550 -0.005781 0.000832 0.157020 0.987578
1646305740.427396 9.628463 3.602661 0.090338 -0.004257 0.001455 0.156107 0.987730
1646305740.427396 9.628463 3.602661 0.090338 -0.004257 0.001455 0.156107 0.987730
1646305740.477394 9.629089 3.605269 0.090417 -0.006616 0.002073 0.156999 0.987574
1646305740.502393 9.626787 3.605308 0.090245 -0.005787 0.000866 0.157033 0.987576
1646305740.527392 9.626191 3.602710 0.089992 -0.004263 0.001477 0.156174 0.987719
1646305740.527392 9.626191 3.602710 0.089992 -0.004263 0.001477 0.156174 0.987719
1646305740.577390 9.627982 3.605204 0.090365 -0.006589 0.002071 0.156956 0.987581
1646305740.602389 9.626372 3.605268 0.090167 -0.005799 0.000859 0.157048 0.987574
1646305740.652387 9.625700 3.602726 0.089978 -0.004236 0.001495 0.156167 0.987720
1646305740.677386 9.624839 3.602478 0.088148 -0.006300 0.001380 0.156870 0.987598
1646305740.702385 9.625179 3.602175 0.086515 -0.006188 0.001804 0.156904 0.987593
1646305740.727384 9.624855 3.600566 0.087134 -0.004340 0.001493 0.156216 0.987712
1646305740.727384 9.624855 3.600566 0.087134 -0.004340 0.001493 0.156216 0.987712
1646305740.777382 9.629053 3.604471 0.088799 -0.006604 0.002115 0.157000 0.987574
1646305740.802381 9.630266 3.604883 0.088811 -0.005857 0.000864 0.157067 0.987570
1646305740.827380 9.629948 3.602727 0.089014 -0.004291 0.001505 0.156092 0.987732
1646305740.827380 9.629948 3.602727 0.089014 -0.004291 0.001505 0.156092 0.987732
1646305740.877378 9.630771 3.605985 0.089953 -0.006614 0.002093 0.157049 0.987566
1646305740.902377 9.631812 3.606481 0.089945 -0.005824 0.000829 0.156998 0.987581
1646305740.927376 9.631217 3.603724 0.089973 -0.004255 0.001481 0.156022 0.987743
1646305740.927376 9.631217 3.603724 0.089973 -0.004255 0.001481 0.156022 0.987743
1646305740.977374 9.631305 3.606380 0.090570 -0.006628 0.002102 0.157006 0.987573
1646305741.002373 9.632145 3.606838 0.090437 -0.005890 0.000726 0.157039 0.987575
