# timestamp tx ty tz qx qy qz qw
1646305719.128250 -0.001301 0.000503 -0.000277 -0.000049 -0.000156 0.000106 1.000000
1646305719.203247 -0.001182 0.000428 -0.000574 0.000001 -0.000111 0.000101 1.000000
1646305719.228246 -0.004625 0.000351 0.000251 0.000054 0.000077 0.000323 1.000000
1646305719.253245 -0.005484 0.009670 -0.000173 -0.000078 -0.000119 -0.000129 1.000000
1646305719.278244 -0.009267 0.011270 0.000199 0.000014 0.000495 -0.000285 1.000000
1646305719.303243 -0.014315 0.013664 0.000005 -0.000465 0.000213 0.000065 1.000000
1646305719.328242 -0.018895 0.017761 -0.000452 -0.000217 0.000485 0.000241 1.000000
1646305719.353241 -0.022183 0.023512 -0.000369 -0.000463 0.000113 0.000116 1.000000
1646305719.378240 -0.026818 0.028479 0.000358 -0.000074 0.000537 -0.000231 1.000000
1646305719.403239 -0.033290 0.033633 0.000184 -0.000528 0.000173 -0.000334 1.000000
1646305719.428238 -0.039358 0.037548 -0.000136 -0.000140 0.000598 0.000504 1.000000
1646305719.453237 -0.044209 0.043554 -0.000345 -0.000600 0.000095 0.000219 1.000000
1646305719.478236 -0.049213 0.050473 0.000038 -0.000073 0.000607 -0.000189 1.000000
1646305719.503235 -0.056719 0.058140 0.000179 -0.000591 0.000142 -0.000510 1.000000
1646305719.528234 -0.065388 0.066146 0.000138 -0.000121 0.000634 0.000268 1.000000
1646305719.553233 -0.073289 0.072519 -0.000320 -0.000662 0.000090 0.000485 1.000000
1646305719.578232 -0.079519 0.079127 -0.000021 -0.000058 0.000652 -0.000253 1.000000
1646305719.603231 -0.088144 0.087636 -0.000036 -0.000648 0.000077 -0.000457 1.000000
1646305719.628230 -0.097346 0.097132 0.000099 -0.000076 0.000677 0.000320 1.000000
1646305719.653229 -0.106681 0.106865 -0.000003 -0.000690 0.000080 0.000149 1.000000
1646305719.678228 -0.115376 0.115240 -0.000033 -0.000027 0.000694 0.000317 1.000000
1646305719.703227 -0.126667 0.126032 -0.000129 -0.000709 0.000043 -0.000917 0.999999
1646305719.728226 -0.137812 0.137725 0.000038 -0.000065 0.000706 0.000748 0.999999
1646305719.753225 -0.149328 0.149692 0.000198 -0.000666 0.000057 -0.000580 1.000000
1646305719.778224 -0.161943 0.162633 -0.000159 -0.000051 0.000685 0.000332 1.000000
1646305719.803223 -0.176655 0.176500 -0.000120 -0.000679 0.000046 -0.000395 1.000000
1646305719.828222 -0.193592 0.192730 0.000066 -0.000054 0.000702 0.000351 1.000000
1646305719.853221 -0.211324 0.211159 0.000061 -0.000685 0.000042 -0.000244 1.000000
1646305719.878220 -0.231125 0.231384 -0.000186 -0.000044 0.000676 0.000120 1.000000
1646305719.903219 -0.252689 0.253013 -0.000040 -0.000692 0.000046 -0.000165 1.000000
1646305719.928218 -0.275429 0.274959 0.000005 -0.000062 0.000693 0.000146 1.000000
1646305719.953217 -0.299316 0.299078 0.000088 -0.000683 0.000078 -0.000142 1.000000
1646305719.978216 -0.325451 0.325867 -0.000164 -0.000084 0.000681 0.000108 1.000000
1646305720.003215 -0.353781 0.354522 -0.000063 -0.000674 0.000062 -0.000168 1.000000
1646305720.028214 -0.383433 0.383456 0.000057 -0.000072 0.000683 0.000129 1.000000
1646305720.053213 -0.414694 0.414305 0.000000 -0.000717 0.000091 -0.000136 1.000000
1646305720.078212 -0.447285 0.447449 -0.000169 -0.000104 0.000716 0.000091 1.000000
1646305720.103211 -0.482121 0.482594 0.000015 -0.000735 0.000102 -0.000133 1.000000
1646305720.128211 -0.519138 0.518835 0.000062 -0.000112 0.000745 0.000131 1.000000
1646305720.153209 -0.557712 0.557554 -0.000027 -0.000732 0.000107 -0.000106 1.000000
1646305720.178209 -0.598571 0.598926 -0.000091 -0.000129 0.000735 0.000093 1.000000
1646305720.203207 -0.641617 0.642212 0.000026 -0.000784 0.000134 -0.000107 1.000000
1646305720.228207 -0.687387 0.687399 0.000020 -0.000141 0.000796 0.000066 1.000000
1646305720.253206 -0.734816 0.734621 0.000004 -0.000792 0.000146 -0.000057 1.000000
1646305720.278204 -0.784367 0.784407 -0.000143 -0.000142 0.000793 0.000060 1.000000
1646305720.303204 -0.835898 0.836348 0.000090 -0.000827 0.000161 -0.000068 1.000000
1646305720.328202 -0.890131 0.890448 0.000023 -0.000139 0.000826 0.000050 1.000000
1646305720.353202 -0.946429 0.946537 -0.000057 -0.000829 0.000141 -0.000076 1.000000
1646305720.378201 -1.004962 1.004783 -0.000097 -0.000116 0.000821 0.000069 1.000000
1646305720.403199 -1.065545 1.065630 0.000114 -0.000836 0.000084 -0.000063 1.000000
1646305720.428199 -1.128800 1.129089 -0.000038 -0.000091 0.000846 0.000047 1.000000
1646305720.453198 -1.194592 1.194991 -0.000033 -0.000832 0.000092 -0.000051 1.000000
1646305720.478197 -1.263141 1.263142 -0.000067 -0.000118 0.000821 0.000056 1.000000
1646305720.503196 -1.333968 1.333915 0.000064 -0.000791 0.000114 -0.000066 1.000000
1646305720.528195 -1.407396 1.407549 0.000007 -0.000097 0.000800 0.000059 1.000000
1646305720.553194 -1.483231 1.483530 -0.000057 -0.000800 0.000094 -0.000064 1.000000
1646305720.578193 -1.562023 1.562135 -0.000057 -0.000120 0.000803 0.000046 1.000000
1646305720.603192 -1.643368 1.643417 0.000091 -0.000811 0.000128 -0.000039 1.000000
1646305720.628191 -1.727384 1.727716 -0.000040 -0.000138 0.000815 0.000017 1.000000
1646305720.653190 -1.814297 1.814666 -0.000027 -0.000810 0.000126 -0.000028 1.000000
1646305720.678189 -1.904201 1.904246 -0.000014 -0.000131 0.000821 0.000001 1.000000
1646305720.703188 -1.996683 1.996918 0.000047 -0.000842 0.000121 0.000010 1.000000
1646305720.728187 -2.092250 2.092637 -0.000027 -0.000157 0.000852 -0.000039 1.000000
1646305720.753186 -2.190879 2.191134 -0.000027 -0.000863 0.000147 0.000009 1.000000
1646305720.778185 -2.292801 2.292834 0.000010 -0.000155 0.000874 -0.000022 1.000000
1646305720.803184 -2.397498 2.397906 0.000031 -0.000883 0.000155 0.000020 1.000000
1646305720.828183 -2.505659 2.505999 -0.000043 -0.000138 0.000881 -0.000019 1.000000
1646305720.853182 -2.616947 2.617187 0.000003 -0.000910 0.000129 0.000010 1.000000
1646305720.878181 -2.731512 2.731645 0.000000 -0.000170 0.000912 -0.000030 1.000000
1646305720.903180 -2.849031 2.849490 -0.000008 -0.000951 0.000173 0.000031 1.000000
1646305720.928179 -2.970103 2.970361 0.000016 -0.000185 0.000939 -0.000049 1.000000
1646305720.953178 -3.094368 3.094558 -0.000038 -0.000954 0.000181 0.000054 1.000000
1646305720.978177 -3.221925 3.222192 0.000026 -0.000197 0.000946 -0.000062 1.000000
1646305721.003176 -3.352697 3.353160 -0.000012 -0.000961 0.000186 0.000050 1.000000
1646305721.028175 -3.487165 3.487349 0.000010 -0.000225 0.000956 -0.000044 1.000000
1646305721.053178 -3.624827 3.625065 -0.000034 -0.000943 0.000215 0.000061 1.000000
1646305721.103176 -3.901435 3.902658 0.000045 -0.000234 0.000943 -0.000050 1.000000
1646305721.128175 -4.045918 4.045950 -0.000060 -0.000940 0.000230 -0.000004 1.000000
1646305721.153174 -4.193072 4.192694 0.000026 -0.000228 0.000938 0.000015 1.000000
1646305721.178173 -4.343223 4.343532 -0.000016 -0.000942 0.000239 -0.000017 1.000000
1646305721.203172 -4.497137 4.497719 0.000000 -0.000236 0.000951 0.000007 1.000000
1646305721.228171 -4.655000 4.655186 -0.000036 -0.000978 0.000220 -0.000018 0.999999
1646305721.253170 -4.816283 4.816384 -0.000031 -0.000246 0.000955 0.000007 1.000000
1646305721.278169 -4.980998 4.981248 -0.000014 -0.000961 0.000255 -0.000001 1.000000
1646305721.303168 -5.149316 5.149742 0.000007 -0.000253 0.000954 -0.000026 1.000000
1646305721.328167 -5.321450 5.321737 -0.000046 -0.000988 0.000253 0.000007 0.999999
1646305721.353166 -5.497174 5.497364 -0.000011 -0.000271 0.000977 -0.000015 0.999999
1646305721.378165 -5.676437 5.676604 -0.000063 -0.001034 0.000271 0.000026 0.999999
1646305721.403164 -5.859349 5.859741 0.000033 -0.000309 0.001016 -0.000037 0.999999
1646305721.428163 -6.046148 6.046372 -0.000069 -0.001016 0.000316 0.000030 0.999999
1646305721.453162 -6.236565 6.236784 -0.000012 -0.000330 0.001009 -0.000032 0.999999
1646305721.478161 -6.430670 6.430901 -0.000076 -0.001004 0.000331 0.000044 0.999999
1646305721.503160 -6.628519 6.628786 0.000026 -0.000308 0.000983 -0.000038 0.999999
1646305721.528160 -6.830219 6.830390 -0.000070 -0.001031 0.000313 0.000043 0.999999
1646305721.553159 -7.035609 7.035903 -0.000019 -0.000328 0.001041 -0.000053 0.999999
1646305721.578158 -7.244881 7.245124 -0.000070 -0.001067 0.000303 0.000045 0.999999
1646305721.603157 -7.457914 7.458173 0.000019 -0.000327 0.001066 -0.000052 0.999999
1646305721.628156 -7.674827 7.674966 -0.000073 -0.001093 0.000322 0.000025 0.999999
1646305721.653155 -7.895496 7.895676 -0.000043 -0.000347 0.001073 -0.000039 0.999999
1646305721.678154 -8.120012 8.120232 -0.000069 -0.001091 0.000330 0.000038 0.999999
1646305721.703153 -8.348371 8.348693 0.000036 -0.000347 0.001095 -0.000027 0.999999
1646305721.728152 -8.580734 8.580940 -0.000101 -0.001113 0.000336 0.000025 0.999999
1646305721.753151 -8.816987 8.817182 -0.000028 -0.000366 0.001115 -0.000019 0.999999
1646305721.778150 -9.057196 9.057324 -0.000078 -0.001141 0.000359 0.000004 0.999999
1646305721.803149 -9.301224 9.301511 0.000008 -0.000387 0.001131 -0.000016 0.999999
1646305721.828148 -9.549343 9.549518 -0.000089 -0.001175 0.000399 0.000014 0.999999
1646305721.853147 -9.801369 9.801557 -0.000031 -0.000427 0.001161 0.000008 0.999999
1646305721.878146 -10.057356 10.057530 -0.000074 -0.001181 0.000433 -0.000009 0.999999
1646305721.903145 -10.317279 10.317603 0.000005 -0.000441 0.001173 0.000002 0.999999
1646305721.928144 -10.581423 10.581530 -0.000119 -0.001169 0.000449 -0.000008 0.999999
1646305721.953143 -10.849404 10.849604 -0.000019 -0.000472 0.001162 -0.000011 0.999999
1646305721.978142 -11.121452 11.121650 -0.000079 -0.001179 0.000460 0.000007 0.999999
1646305722.003142 -11.397653 11.397851 0.000011 -0.000451 0.001174 0.000006 0.999999
1646305722.028141 -11.678110 11.678315 -0.000114 -0.001186 0.000435 -0.000010 0.999999
1646305722.053140 -11.962834 11.963075 -0.000025 -0.000445 0.001179 0.000013 0.999999
1646305722.078139 -12.251787 12.252014 -0.000120 -0.001183 0.000438 -0.000015 0.999999
1646305722.103138 -12.544954 12.545199 0.000039 -0.000433 0.001173 -0.000001 0.999999
1646305722.128137 -12.842400 12.842558 -0.000105 -0.001195 0.000448 0.000002 0.999999
1646305722.153136 -13.144027 13.144246 -0.000039 -0.000458 0.001173 -0.000011 0.999999
1646305722.178135 -13.449957 13.450061 -0.000084 -0.001190 0.000439 0.000023 0.999999
1646305722.203134 -13.760045 13.760322 0.000020 -0.000476 0.001200 -0.000024 0.999999
1646305722.228133 -14.074517 14.074692 -0.000099 -0.001228 0.000457 0.000015 0.999999
1646305722.253132 -14.393296 14.393454 -0.000062 -0.000475 0.001219 0.000003 0.999999
1646305722.303130 -15.033537 15.034350 -0.000133 -0.001267 0.000454 -0.000008 0.999999
1646305722.328129 -15.360060 15.360102 0.000067 -0.000456 0.001261 0.000001 0.999999
1646305722.353128 -15.690429 15.690105 -0.000144 -0.001289 0.000462 -0.000014 0.999999
1646305722.378127 -16.024820 16.024998 -0.000012 -0.000474 0.001297 0.000009 0.999999
1646305722.403126 -16.363632 16.364133 -0.000059 -0.001343 0.000483 -0.000017 0.999999
1646305722.428125 -16.707185 16.707273 -0.000048 -0.000510 0.001335 0.000004 0.999999
1646305722.453125 -17.054907 17.054813 -0.000127 -0.001366 0.000497 -0.000016 0.999999
1646305722.478123 -17.406782 17.406908 -0.000012 -0.000534 0.001359 0.000033 0.999999
1646305722.503123 -17.762925 17.763332 -0.000080 -0.001363 0.000500 -0.000048 0.999999
1646305722.528121 -18.123780 18.123844 -0.000030 -0.000529 0.001352 0.000018 0.999999
1646305722.553121 -18.488818 18.488860 -0.000137 -0.001364 0.000505 -0.000020 0.999999
1646305722.578120 -18.858181 18.858308 -0.000007 -0.000533 0.001365 0.000016 0.999999
1646305722.603119 -19.231824 19.232139 -0.000067 -0.001383 0.000524 -0.000031 0.999999
1646305722.628118 -19.610104 19.610220 -0.000010 -0.000531 0.001370 0.000028 0.999999
1646305722.653117 -19.992675 19.992738 -0.000163 -0.001367 0.000507 -0.000023 0.999999
1646305722.678116 -20.379590 20.379762 0.000007 -0.000526 0.001338 0.000036 0.999999
1646305722.703115 -20.770879 20.771165 -0.000026 -0.001327 0.000533 -0.000052 0.999999
1646305722.728114 -21.166776 21.166888 -0.000009 -0.000546 0.001330 0.000055 0.999999
1646305722.753113 -21.567035 21.567010 -0.000144 -0.001349 0.000538 -0.000057 0.999999
1646305722.778112 -21.971586 21.971757 -0.000001 -0.000585 0.001341 0.000038 0.999999
1646305722.803111 -22.380537 22.380854 0.000005 -0.001346 0.000571 -0.000040 0.999999
1646305722.828110 -22.794170 22.794300 -0.000005 -0.000576 0.001332 0.000043 0.999999
1646305722.853109 -23.212153 23.212192 -0.000135 -0.001358 0.000569 -0.000047 0.999999
1646305722.878108 -23.634445 23.634725 0.000028 -0.000593 0.001347 0.000039 0.999999
1646305722.903107 -24.061327 24.061587 -0.000006 -0.001346 0.000583 -0.000012 0.999999
1646305722.928107 -24.492824 24.492884 -0.000025 -0.000631 0.001350 0.000016 0.999999
1646305722.953105 -24.928675 24.928706 -0.000108 -0.001362 0.000633 -0.000003 0.999999
1646305722.978105 -25.368938 25.369146 0.000054 -0.000669 0.001350 0.000003 0.999999
1646305723.003103 -25.813719 25.813961 -0.000035 -0.001385 0.000670 0.000002 0.999999
1646305723.028103 -26.263136 26.263237 0.000003 -0.000682 0.001374 -0.000004 0.999999
1646305723.053102 -26.716962 26.717044 -0.000096 -0.001408 0.000670 -0.000005 0.999999
1646305723.078101 -27.175277 27.175527 -0.000003 -0.000692 0.001395 -0.000003 0.999999
1646305723.103100 -27.638181 27.638383 0.000020 -0.001438 0.000696 -0.000008 0.999999
1646305723.128099 -28.105674 28.105782 -0.000001 -0.000743 0.001404 0.000003 0.999999
1646305723.153098 -28.577671 28.577696 -0.000097 -0.001396 0.000746 0.000017 0.999999
1646305723.178097 -29.054145 29.054263 0.000014 -0.000780 0.001396 -0.000001 0.999999
1646305723.203096 -29.535028 29.535421 0.000015 -0.001390 0.000778 -0.000009 0.999999
1646305723.228095 -30.020804 30.020890 0.000002 -0.000820 0.001366 -0.000001 0.999999
1646305723.253094 -30.511115 30.511100 -0.000096 -0.001399 0.000811 0.000017 0.999999
1646305723.278093 -31.006005 31.006319 0.000006 -0.000790 0.001385 -0.000008 0.999999
1646305723.303092 -31.505791 31.506101 0.000025 -0.001371 0.000787 0.000016 0.999999
1646305723.328091 -32.010479 32.010464 0.000001 -0.000775 0.001351 -0.000017 0.999999
1646305723.353090 -32.519676 32.519657 -0.000122 -0.001365 0.000775 0.000043 0.999999
1646305723.378089 -33.033466 33.033736 0.000081 -0.000801 0.001346 -0.000049 0.999999
1646305723.403088 -33.552051 33.552378 0.000027 -0.001384 0.000800 0.000050 0.999999
1646305723.428087 -34.075591 34.075552 -0.000056 -0.000836 0.001389 -0.000068 0.999999
1646305723.453087 -34.603565 34.603553 -0.000064 -0.001405 0.000816 0.000083 0.999999
1646305723.478086 -35.136167 35.136403 0.000023 -0.000823 0.001386 -0.000076 0.999999
1646305723.503084 -35.673500 35.673873 0.000023 -0.001372 0.000816 0.000074 0.999999
1646305723.528084 -36.215839 36.215869 -0.000054 -0.000830 0.001381 -0.000060 0.999999
1646305723.553083 -36.762670 36.762696 -0.000126 -0.001400 0.000792 0.000060 0.999999
1646305723.578082 -37.314111 37.314395 0.000007 -0.000803 0.001388 -0.000068 0.999999
1646305723.603081 -37.870245 37.870657 0.000082 -0.001346 0.000784 0.000059 0.999999
1646305723.628080 -38.431434 38.431413 -0.000067 -0.000744 0.001334 -0.000074 0.999999
1646305723.653079 -38.997031 38.996987 -0.000074 -0.001268 0.000750 0.000071 0.999999
1646305723.678078 -39.566435 39.567435 -0.004800 -0.000634 0.001657 -0.000013 0.999998
1646305723.703077 -40.115606 40.152457 0.001284 -0.000454 0.001914 -0.001029 0.999998
1646305723.728076 -40.676059 40.727192 0.009558 -0.001809 0.001751 -0.003950 0.999989
1646305723.753075 -41.235962 41.302094 0.011966 -0.003241 0.006295 -0.006787 0.999952
1646305723.778074 -41.796578 41.876840 0.009505 -0.005611 0.015680 -0.008832 0.999822
1646305723.803073 -42.358414 42.452178 0.001147 -0.007253 0.026895 -0.011245 0.999549
1646305723.828072 -42.921153 43.028774 -0.010318 -0.008176 0.039148 -0.013920 0.999103
1646305723.853071 -43.482548 43.604814 -0.025990 -0.008845 0.048691 -0.015476 0.998655
1646305723.878070 -44.041475 44.182563 -0.043468 -0.008449 0.052887 -0.015540 0.998444
1646305723.903069 -44.597847 44.759537 -0.061095 -0.007679 0.050537 -0.015026 0.998580
