# timestamp tx ty tz qx qy qz qw
1646305719.128250 -0.001301 0.000503 -0.000277 -0.000049 -0.000156 0.000106 1.000000
1646305719.203247 -0.001182 0.000428 -0.000574 0.000001 -0.000111 0.000101 1.000000
1646305719.228246 -0.002520 -0.000400 -0.000030 0.000014 -0.000089 0.000136 1.000000
1646305719.253245 -0.002047 -0.000404 -0.000002 -0.000023 -0.000014 0.000149 1.000000
1646305719.278244 -0.001686 -0.000480 -0.000124 -0.000102 -0.000065 -0.000042 1.000000
1646305719.303243 -0.000129 -0.000172 0.000006 -0.000131 -0.000021 -0.000083 1.000000
1646305719.328242 -0.000267 -0.000433 -0.000073 -0.000049 -0.000033 -0.000007 1.000000
1646305719.353241 -0.000133 -0.000462 -0.000090 -0.000097 0.000071 0.000044 1.000000
1646305719.378240 0.017895 -0.025312 -0.000152 0.000049 0.000930 0.000175 1.000000
1646305719.403239 0.015770 -0.030533 -0.000933 0.000459 0.001475 -0.000501 0.999999
1646305719.428238 0.022356 -0.029962 -0.000383 0.000427 0.002364 -0.001937 0.999995
1646305719.453237 0.023800 -0.033028 -0.000994 -0.000015 0.001466 -0.001367 0.999998
1646305719.478236 0.037484 -0.023418 0.003760 -0.002149 -0.000336 -0.001725 0.999996
1646305719.503235 0.039202 -0.025743 0.003909 -0.002125 0.000821 0.000420 0.999997
1646305719.528234 0.041940 -0.025617 0.002670 -0.000236 -0.001417 -0.002849 0.999995
1646305719.553233 0.043345 -0.026662 0.002421 -0.000290 -0.000462 -0.004035 0.999992
1646305719.578232 0.044689 -0.028061 0.002349 -0.001878 -0.000073 -0.002254 0.999996
1646305719.603231 0.045006 -0.030297 0.001760 -0.001558 0.000629 0.000114 0.999999
1646305719.628230 0.044424 -0.033151 0.000256 -0.000252 0.000940 -0.003829 0.999992
1646305719.653229 0.044962 -0.034358 -0.000376 -0.000413 -0.000530 -0.004686 0.999989
1646305719.678228 0.052186 -0.034880 0.000993 -0.001903 -0.000478 -0.003904 0.999990
1646305719.703227 0.054002 -0.036785 0.001010 -0.001596 0.000286 -0.003133 0.999994
1646305719.728226 0.055359 -0.036893 0.000621 -0.000188 0.000517 -0.004549 0.999990
1646305719.753225 0.056532 -0.038224 -0.000307 -0.001209 -0.000639 -0.005665 0.999983
1646305719.778224 0.058152 -0.038950 -0.000845 -0.001855 -0.000372 -0.002814 0.999994
1646305719.803223 0.058826 -0.040225 -0.001088 -0.001667 0.000122 -0.002335 0.999996
1646305719.828222 0.059427 -0.038731 -0.000929 -0.000369 0.000836 -0.004740 0.999988
1646305719.853221 0.056629 -0.038014 -0.000005 -0.001307 -0.000633 -0.005786 0.999982
1646305719.878220 0.055995 -0.036136 -0.001267 -0.001859 -0.000455 -0.003759 0.999991
1646305719.903219 0.055417 -0.036754 -0.001494 -0.001764 -0.000063 -0.002861 0.999994
1646305719.928218 0.054597 -0.039416 -0.003442 -0.000354 0.001011 -0.004616 0.999989
1646305719.953217 0.053773 -0.039625 -0.004086 -0.001567 -0.000816 -0.005697 0.999982
1646305719.978216 0.054329 -0.039739 -0.004109 -0.001794 -0.000618 -0.004636 0.999987
1646305720.003215 0.053767 -0.040411 -0.004426 -0.001723 -0.000273 -0.003583 0.999992
1646305720.028214 0.052611 -0.042671 -0.005533 -0.000386 0.000684 -0.004733 0.999988
1646305720.053213 0.051860 -0.043181 -0.005583 -0.001694 -0.000907 -0.005677 0.999982
1646305720.078212 0.050843 -0.042459 -0.004928 -0.001777 -0.000587 -0.003828 0.999991
1646305720.103211 0.050226 -0.042401 -0.004603 -0.001627 -0.000267 -0.003569 0.999992
1646305720.128211 0.049320 -0.046860 -0.005991 -0.000427 0.000396 -0.004714 0.999989
1646305720.153209 0.048820 -0.047598 -0.005749 -0.001646 -0.000984 -0.005385 0.999984
1646305720.178209 0.050769 -0.049129 -0.004344 -0.001773 -0.000661 -0.005019 0.999986
1646305720.203207 0.050743 -0.050290 -0.003803 -0.001602 -0.000303 -0.004663 0.999988
1646305720.228207 0.050150 -0.051540 -0.003638 -0.000373 0.000290 -0.004981 0.999987
1646305720.253206 0.049957 -0.052302 -0.002943 -0.001663 -0.000864 -0.005525 0.999983
1646305720.278204 0.049451 -0.052089 0.000382 -0.001841 -0.000576 -0.004797 0.999987
1646305720.303204 0.049248 -0.052491 0.001683 -0.001713 -0.000449 -0.004980 0.999986
1646305720.328202 0.048486 -0.052303 0.002975 -0.000230 0.000135 -0.004848 0.999988
1646305720.353202 0.047991 -0.052330 0.003800 -0.001369 -0.000613 -0.005339 0.999985
1646305720.378201 0.047934 -0.051365 0.004982 -0.001930 -0.000471 -0.004355 0.999989
1646305720.403199 0.047754 -0.050623 0.006083 -0.001872 -0.000518 -0.004827 0.999986
1646305720.428199 0.048612 -0.049388 0.006814 -0.000122 0.000500 -0.004691 0.999989
1646305720.453198 0.048628 -0.048272 0.006615 -0.001252 -0.000488 -0.005388 0.999985
1646305720.478197 0.050597 -0.051102 0.005428 -0.001943 -0.000417 -0.004704 0.999987
1646305720.503196 0.050826 -0.050852 0.005285 -0.001874 -0.000424 -0.004924 0.999986
1646305720.528195 0.050738 -0.051170 0.003888 -0.000212 0.000273 -0.005026 0.999987
1646305720.553194 0.050717 -0.051028 0.003062 -0.001310 -0.000608 -0.005529 0.999984
1646305720.578193 0.050701 -0.050938 0.001419 -0.001873 -0.000482 -0.004699 0.999987
1646305720.603192 0.050689 -0.050522 0.000548 -0.001728 -0.000398 -0.005027 0.999986
1646305720.653190 0.048842 -0.054055 -0.005799 -0.000603 -0.001024 -0.004952 0.999987
1646305720.678189 0.050086 -0.055648 -0.007229 -0.001706 -0.000690 -0.004881 0.999986
1646305720.703188 0.050276 -0.055556 -0.008290 -0.001465 -0.000337 -0.005373 0.999984
1646305720.728187 0.051728 -0.054169 -0.009711 -0.000508 0.000651 -0.005172 0.999986
1646305720.753186 0.051939 -0.053147 -0.009197 -0.001700 -0.001079 -0.005668 0.999982
1646305720.778185 0.052582 -0.050742 -0.009259 -0.001677 -0.000750 -0.004966 0.999986
1646305720.803184 0.052484 -0.049559 -0.009305 -0.001380 -0.000356 -0.005101 0.999986
1646305720.828183 0.053943 -0.047863 -0.009685 -0.000531 0.000625 -0.005138 0.999986
1646305720.853182 0.053747 -0.046494 -0.008337 -0.001729 -0.001023 -0.005855 0.999981
1646305720.878181 0.053018 -0.045519 -0.006756 -0.001725 -0.000700 -0.004974 0.999986
1646305720.903180 0.052095 -0.044421 -0.005596 -0.001557 -0.000416 -0.005104 0.999986
1646305720.928179 0.052610 -0.042754 -0.005765 -0.000437 0.000730 -0.004868 0.999988
1646305720.953178 0.052521 -0.041696 -0.004165 -0.001616 -0.000876 -0.005754 0.999982
1646305720.978177 0.052291 -0.041258 -0.003429 -0.001792 -0.000625 -0.004882 0.999986
1646305721.003176 0.051388 -0.040867 -0.002304 -0.001590 -0.000467 -0.004992 0.999986
1646305721.053178 0.050272 -0.042050 -0.000854 -0.000536 -0.000749 -0.004856 0.999988
1646305721.078177 0.048413 -0.041901 -0.000629 -0.001845 -0.000570 -0.004700 0.999987
1646305721.103176 0.047736 -0.042114 0.000312 -0.001782 -0.000588 -0.004823 0.999987
1646305721.128175 0.048123 -0.042936 -0.000298 -0.000327 0.000420 -0.004621 0.999989
1646305721.153174 0.048781 -0.043904 0.000258 -0.001378 -0.000747 -0.005436 0.999984
1646305721.178173 0.049612 -0.045143 -0.000278 -0.001853 -0.000580 -0.004861 0.999986
1646305721.203172 0.049189 -0.045468 0.000085 -0.001749 -0.000568 -0.005034 0.999986
1646305721.228171 0.050330 -0.045194 -0.000972 -0.000331 0.000421 -0.004836 0.999988
1646305721.253170 0.050549 -0.045951 -0.000725 -0.001334 -0.000748 -0.005500 0.999984
1646305721.278169 0.050521 -0.046839 -0.001503 -0.001822 -0.000582 -0.004860 0.999986
1646305721.303168 0.050126 -0.046936 -0.001390 -0.001676 -0.000506 -0.005047 0.999986
1646305721.328167 0.050909 -0.045675 -0.002460 -0.000388 0.000348 -0.004887 0.999988
1646305721.353166 0.050904 -0.046069 -0.002039 -0.001377 -0.000794 -0.005534 0.999983
1646305721.378165 0.050629 -0.046797 -0.002044 -0.001819 -0.000569 -0.004881 0.999986
1646305721.403164 0.050083 -0.046695 -0.001817 -0.001619 -0.000418 -0.005140 0.999985
1646305721.428163 0.050724 -0.045319 -0.002259 -0.000392 0.000247 -0.004809 0.999988
1646305721.453162 0.050536 -0.045823 -0.001514 -0.001342 -0.000786 -0.005476 0.999984
1646305721.478161 0.050237 -0.045864 -0.002049 -0.001807 -0.000603 -0.004878 0.999986
1646305721.503160 0.049874 -0.045451 -0.001759 -0.001602 -0.000506 -0.005117 0.999985
1646305721.528160 0.050405 -0.044669 -0.002618 -0.000396 0.000314 -0.004839 0.999988
1646305721.553159 0.050436 -0.044997 -0.002075 -0.001392 -0.000811 -0.005500 0.999984
1646305721.578158 0.050032 -0.045308 -0.001724 -0.001814 -0.000604 -0.004903 0.999986
1646305721.603157 0.049660 -0.044732 -0.001317 -0.001650 -0.000489 -0.005126 0.999985
1646305721.628156 0.050408 -0.043618 -0.001853 -0.000379 0.000367 -0.004745 0.999989
1646305721.653155 0.050462 -0.043867 -0.001438 -0.001349 -0.000782 -0.005463 0.999984
1646305721.678154 0.050418 -0.044205 -0.002259 -0.001810 -0.000618 -0.004893 0.999986
1646305721.703153 0.050159 -0.043579 -0.002001 -0.001659 -0.000486 -0.005037 0.999986
1646305721.728152 0.050263 -0.042917 -0.002137 -0.000384 0.000281 -0.004748 0.999989
1646305721.753151 0.050433 -0.043799 -0.001581 -0.001372 -0.000785 -0.005506 0.999984
1646305721.778150 0.050999 -0.044858 -0.001751 -0.001815 -0.000594 -0.004865 0.999986
1646305721.803149 0.050636 -0.044520 -0.001530 -0.001683 -0.000472 -0.005011 0.999986
1646305721.853147 0.049890 -0.045486 -0.002035 -0.000530 -0.000801 -0.004877 0.999988
1646305721.878146 0.050246 -0.046049 -0.002440 -0.001804 -0.000607 -0.004832 0.999987
1646305721.903145 0.049825 -0.046115 -0.002215 -0.001626 -0.000524 -0.005014 0.999986
1646305721.928144 0.050424 -0.044905 -0.002755 -0.000410 0.000290 -0.004835 0.999988
1646305721.953143 0.050427 -0.045177 -0.002128 -0.001362 -0.000814 -0.005475 0.999984
1646305721.978142 0.050307 -0.045375 -0.002066 -0.001812 -0.000612 -0.004867 0.999986
1646305722.003142 0.049852 -0.045349 -0.001743 -0.001641 -0.000549 -0.005083 0.999986
1646305722.028141 0.050351 -0.044473 -0.002447 -0.000391 0.000305 -0.004812 0.999988
1646305722.053140 0.050412 -0.044729 -0.001862 -0.001387 -0.000803 -0.005510 0.999984
1646305722.078139 0.050208 -0.045047 -0.001980 -0.001818 -0.000618 -0.004874 0.999986
1646305722.103138 0.049955 -0.044883 -0.001646 -0.001656 -0.000512 -0.004993 0.999986
1646305722.128137 0.050588 -0.044838 -0.002406 -0.000391 0.000344 -0.004827 0.999988
1646305722.153136 0.050572 -0.045097 -0.001863 -0.001341 -0.000814 -0.005484 0.999984
1646305722.178135 0.050412 -0.045393 -0.001500 -0.001819 -0.000601 -0.004897 0.999986
1646305722.203134 0.050077 -0.045315 -0.001157 -0.001674 -0.000467 -0.005064 0.999986
1646305722.228133 0.050843 -0.044644 -0.001585 -0.000373 0.000334 -0.004833 0.999988
1646305722.253132 0.050779 -0.044950 -0.001265 -0.001339 -0.000773 -0.005517 0.999984
1646305722.278131 0.050525 -0.045042 -0.001613 -0.001820 -0.000588 -0.004877 0.999986
1646305722.303130 0.050443 -0.044803 -0.001599 -0.001623 -0.000563 -0.005072 0.999986
1646305722.328129 0.050913 -0.044449 -0.002415 -0.000395 0.000273 -0.004892 0.999988
1646305722.353128 0.050821 -0.044711 -0.002015 -0.001350 -0.000805 -0.005504 0.999984
1646305722.378127 0.050535 -0.044848 -0.002260 -0.001812 -0.000600 -0.004903 0.999986
1646305722.403126 0.050363 -0.044751 -0.002185 -0.001631 -0.000531 -0.005075 0.999986
1646305722.428125 0.050456 -0.043370 -0.002708 -0.000404 0.000192 -0.004823 0.999988
1646305722.453125 0.050444 -0.043642 -0.002260 -0.001338 -0.000816 -0.005474 0.999984
1646305722.478123 0.050749 -0.043918 -0.002095 -0.001819 -0.000592 -0.004930 0.999986
1646305722.503123 0.050571 -0.043869 -0.001924 -0.001604 -0.000516 -0.005066 0.999986
1646305722.528121 0.051006 -0.044212 -0.002579 -0.000392 0.000434 -0.004860 0.999988
1646305722.553121 0.050721 -0.044414 -0.002938 -0.001356 -0.000836 -0.005495 0.999984
1646305722.578120 0.050504 -0.044583 -0.002596 -0.001802 -0.000613 -0.004911 0.999986
1646305722.603119 0.050300 -0.044414 -0.002354 -0.001639 -0.000518 -0.005053 0.999986
1646305722.628118 0.050329 -0.043749 -0.002310 -0.000401 0.000196 -0.004791 0.999988
1646305722.653117 0.050120 -0.044500 -0.001737 -0.001334 -0.000809 -0.005454 0.999984
1646305722.678116 0.049867 -0.044689 -0.001766 -0.001816 -0.000612 -0.004918 0.999986
1646305722.703115 0.049748 -0.044711 -0.001390 -0.001641 -0.000496 -0.005068 0.999986
1646305722.728114 0.049985 -0.043687 -0.001692 -0.000394 0.000219 -0.004779 0.999988
1646305722.753113 0.049998 -0.044122 -0.001396 -0.001317 -0.000786 -0.005453 0.999984
1646305722.778112 0.049777 -0.044732 -0.001255 -0.001819 -0.000580 -0.004891 0.999986
1646305722.803111 0.049766 -0.044945 -0.001027 -0.001610 -0.000491 -0.005060 0.999986
1646305722.853109 0.049220 -0.046046 -0.002101 -0.000543 -0.000795 -0.004760 0.999988
1646305722.878108 0.049468 -0.046530 -0.002061 -0.001806 -0.000610 -0.004842 0.999986
1646305722.903107 0.049346 -0.046501 -0.001856 -0.001590 -0.000570 -0.005134 0.999985
1646305722.928107 0.049661 -0.045929 -0.002197 -0.000409 0.000123 -0.004795 0.999988
1646305722.953105 0.049638 -0.046225 -0.001778 -0.001292 -0.000813 -0.005392 0.999984
1646305722.978105 0.050036 -0.046782 -0.002304 -0.001812 -0.000610 -0.004929 0.999986
1646305723.003103 0.050130 -0.046543 -0.002136 -0.001609 -0.000511 -0.005155 0.999985
1646305723.028103 0.050745 -0.046437 -0.002795 -0.000415 0.000183 -0.004814 0.999988
1646305723.053102 0.050441 -0.046435 -0.002327 -0.001308 -0.000818 -0.005419 0.999984
1646305723.078101 0.050262 -0.046717 -0.001807 -0.001810 -0.000605 -0.004898 0.999986
1646305723.103100 0.050214 -0.046685 -0.001600 -0.001642 -0.000542 -0.005200 0.999985
1646305723.128099 0.051087 -0.046230 -0.002384 -0.000397 0.000247 -0.004876 0.999988
1646305723.153098 0.050618 -0.046262 -0.002003 -0.001335 -0.000817 -0.005479 0.999984
1646305723.178097 0.051538 -0.046128 -0.002232 -0.001816 -0.000587 -0.004930 0.999986
1646305723.203096 0.051431 -0.046067 -0.002149 -0.001618 -0.000517 -0.005110 0.999986
1646305723.228095 0.051702 -0.045850 -0.002524 -0.000392 0.000224 -0.004856 0.999988
1646305723.253094 0.051227 -0.045801 -0.002224 -0.001339 -0.000800 -0.005522 0.999984
1646305723.278093 0.052034 -0.045698 -0.002084 -0.001815 -0.000612 -0.004897 0.999986
1646305723.303092 0.051688 -0.045561 -0.001957 -0.001611 -0.000543 -0.005138 0.999985
1646305723.328091 0.051556 -0.045408 -0.002498 -0.000416 0.000225 -0.004869 0.999988
1646305723.353090 0.050924 -0.045439 -0.002222 -0.001356 -0.000804 -0.005520 0.999984
1646305723.378089 0.050784 -0.045417 -0.002544 -0.001804 -0.000615 -0.004894 0.999986
1646305723.403088 0.050398 -0.045256 -0.002352 -0.001587 -0.000521 -0.005123 0.999985
1646305723.453087 0.049104 -0.046221 -0.002092 -0.000542 -0.000811 -0.004777 0.999988
1646305723.478086 0.048721 -0.046391 -0.001644 -0.001815 -0.000607 -0.004863 0.999986
1646305723.503084 0.048350 -0.046232 -0.001352 -0.001588 -0.000619 -0.005177 0.999985
1646305723.528084 0.048329 -0.045286 -0.001469 -0.000388 0.000103 -0.004684 0.999989
1646305723.553083 0.048609 -0.045722 -0.001133 -0.001217 -0.000788 -0.005319 0.999985
1646305723.578082 0.048734 -0.045891 -0.001371 -0.001824 -0.000613 -0.004914 0.999986
1646305723.603081 0.048671 -0.045675 -0.001209 -0.001579 -0.000655 -0.005159 0.999985
1646305723.628080 0.049272 -0.045085 -0.002172 -0.000418 0.000064 -0.004673 0.999989
1646305723.653079 0.048605 -0.044652 -0.001596 -0.001372 -0.000809 -0.005296 0.999985
1646305723.678078 0.049157 -0.045253 -0.001654 -0.002075 -0.000539 -0.004979 0.999985
1646305723.703077 0.049499 -0.046279 -0.002937 -0.003231 -0.000742 -0.006667 0.999972
1646305723.728076 0.050062 -0.048448 -0.007716 -0.000914 0.000985 -0.009093 0.999958
1646305723.753075 0.049114 -0.050588 -0.016850 -0.004620 0.005905 -0.012512 0.999894
1646305723.778074 0.050164 -0.052297 -0.028283 -0.006214 0.014902 -0.015269 0.999753
1646305723.803073 0.048193 -0.054632 -0.044896 -0.008042 0.026429 -0.017470 0.999466
1646305723.828072 0.046824 -0.057297 -0.067419 -0.007663 0.038882 -0.019748 0.999019
1646305723.853071 0.045303 -0.058494 -0.091189 -0.006727 0.048799 -0.021676 0.998551
1646305723.878070 0.046039 -0.058698 -0.118896 -0.006206 0.052630 -0.022328 0.998345
1646305723.903069 0.048409 -0.057488 -0.147191 -0.004992 0.050300 -0.022126 0.998477
1646305723.928068 0.054234 -0.057967 -0.179863 0.000531 0.044027 -0.018796 0.998853
1646305723.953068 0.060127 -0.052833 -0.211041 0.008075 0.032637 -0.015004 0.999322
1646305723.978066 0.066538 -0.045693 -0.244530 0.016219 0.020976 -0.007932 0.999617
1646305724.003066 0.071996 -0.036131 -0.279778 0.027862 0.010304 0.000397 0.999559
1646305724.028065 0.078200 -0.022166 -0.317828 0.043805 0.001494 0.011274 0.998975
1646305724.053060 0.081709 -0.008502 -0.356194 0.061586 -0.005690 0.022956 0.997822
1646305724.078059 0.086802 0.007520 -0.392710 0.080179 -0.008921 0.035820 0.996097
1646305724.103058 0.090659 0.023779 -0.431857 0.097124 -0.010081 0.049825 0.993973
1646305724.128057 0.095256 0.041313 -0.469045 0.113549 -0.006050 0.064669 0.991407
1646305724.153056 0.096342 0.058759 -0.503432 0.127923 -0.002434 0.077740 0.988730
1646305724.178056 0.100065 0.076224 -0.534662 0.139647 0.004161 0.089713 0.986120
1646305724.203054 0.103231 0.093630 -0.570128 0.149869 0.011146 0.101739 0.983394
1646305724.228054 0.109231 0.112323 -0.609382 0.158628 0.018923 0.113659 0.980592
1646305724.253053 0.113581 0.130202 -0.641787 0.166835 0.026256 0.122800 0.977956
1646305724.278052 0.119618 0.148608 -0.667510 0.174658 0.033613 0.129882 0.975446
1646305724.303051 0.125247 0.168397 -0.694332 0.181885 0.040262 0.135631 0.973088
1646305724.328050 0.133193 0.188428 -0.720728 0.187759 0.045976 0.139641 0.971150
1646305724.353049 0.141026 0.208019 -0.743769 0.190554 0.049777 0.140077 0.970356
1646305724.378048 0.150332 0.227180 -0.761997 0.190065 0.052905 0.139758 0.970332
1646305724.403047 0.159160 0.248066 -0.779508 0.187593 0.054799 0.140055 0.970665
1646305724.428046 0.169223 0.270488 -0.794394 0.185209 0.055974 0.142084 0.970761
1646305724.453045 0.179788 0.291677 -0.808592 0.183396 0.056578 0.143036 0.970930
1646305724.478044 0.190143 0.314491 -0.817929 0.182796 0.056829 0.143961 0.970892
1646305724.503043 0.200569 0.337875 -0.825796 0.181296 0.056124 0.146286 0.970867
1646305724.528042 0.211742 0.364208 -0.830908 0.179365 0.054211 0.150778 0.970647
1646305724.553041 0.222530 0.389663 -0.836684 0.175865 0.051024 0.155901 0.970651
1646305724.578040 0.233280 0.416536 -0.840091 0.170143 0.047003 0.162928 0.970720
1646305724.603039 0.244289 0.444111 -0.841595 0.160769 0.042228 0.172799 0.970830
1646305724.628038 0.256126 0.473481 -0.838993 0.146165 0.036507 0.185578 0.971012
1646305724.653037 0.267245 0.503690 -0.839801 0.127631 0.031406 0.198659 0.971215
1646305724.678036 0.277683 0.534729 -0.838502 0.106759 0.025885 0.212838 0.970893
1646305724.703036 0.287486 0.567940 -0.836025 0.085134 0.020000 0.228376 0.969637
1646305724.728035 0.296932 0.603075 -0.826359 0.063440 0.012761 0.245367 0.967268
1646305724.753034 0.304753 0.641463 -0.825398 0.040598 0.004177 0.262329 0.964115
1646305724.778033 0.311390 0.680998 -0.826672 0.019431 -0.007088 0.280243 0.959706
1646305724.803032 0.318311 0.721781 -0.827856 -0.001811 -0.021441 0.298394 0.954200
1646305724.828031 0.325076 0.763807 -0.829950 -0.020769 -0.038179 0.316153 0.947712
1646305724.853030 0.331095 0.806972 -0.838204 -0.037930 -0.052045 0.333918 0.940400
1646305724.878029 0.335683 0.847589 -0.846606 -0.056901 -0.065912 0.351004 0.932317
1646305724.903028 0.341834 0.887939 -0.856635 -0.079573 -0.079402 0.366042 0.923784
1646305724.928027 0.348981 0.923505 -0.864423 -0.106001 -0.093123 0.377626 0.915145
1646305724.953026 0.358086 0.961194 -0.878219 -0.135381 -0.105528 0.387619 0.905697
1646305724.978025 0.368363 0.996035 -0.890304 -0.167091 -0.119016 0.395191 0.895399
1646305725.003024 0.380557 1.030086 -0.901779 -0.199533 -0.132115 0.398651 0.885330
1646305725.028023 0.393040 1.062303 -0.909711 -0.234493 -0.144580 0.397360 0.875337
1646305725.053022 0.409549 1.095251 -0.919697 -0.270643 -0.153310 0.393974 0.864889
1646305725.078021 0.426642 1.125197 -0.927786 -0.305946 -0.160666 0.389090 0.853927
1646305725.103020 0.445225 1.153976 -0.934593 -0.339271 -0.164134 0.381668 0.843970
1646305725.128019 0.465264 1.181605 -0.943089 -0.370484 -0.161741 0.373302 0.835001
1646305725.153018 0.487214 1.208527 -0.948164 -0.392054 -0.158186 0.360839 0.831304
1646305725.178018 0.510220 1.233031 -0.952903 -0.410911 -0.153646 0.349958 0.827693
1646305725.203017 0.535281 1.255937 -0.956950 -0.425406 -0.148936 0.338730 0.825899
1646305725.228016 0.562387 1.277110 -0.960123 -0.434839 -0.142884 0.327895 0.826429
1646305725.253015 0.591090 1.299862 -0.963843 -0.437676 -0.136051 0.316330 0.830581
1646305725.278014 0.621957 1.317148 -0.964760 -0.438575 -0.129526 0.304224 0.835657
1646305725.303013 0.655827 1.331173 -0.964744 -0.437853 -0.123911 0.291082 0.841547
1646305725.328012 0.689427 1.343472 -0.962381 -0.435505 -0.117674 0.276534 0.848538
1646305725.353011 0.724751 1.356254 -0.960993 -0.427012 -0.110403 0.260846 0.858738
1646305725.378010 0.759617 1.363873 -0.956793 -0.413807 -0.102219 0.245162 0.870753
1646305725.403009 0.794630 1.369406 -0.953492 -0.396836 -0.094061 0.228650 0.883964
1646305725.428008 0.829999 1.372936 -0.950526 -0.377030 -0.085776 0.212215 0.897472
1646305725.453007 0.867394 1.373801 -0.947538 -0.354905 -0.078334 0.196877 0.910574
1646305725.478006 0.903139 1.373834 -0.942752 -0.333864 -0.070052 0.181743 0.922278
1646305725.503005 0.939507 1.372341 -0.938965 -0.313260 -0.060774 0.166366 0.933004
1646305725.528004 0.975416 1.370195 -0.935840 -0.293110 -0.049401 0.150464 0.942872
1646305725.553003 1.013549 1.364933 -0.933312 -0.273325 -0.037083 0.134743 0.951715
1646305725.578002 1.049593 1.361340 -0.929377 -0.255304 -0.024230 0.118375 0.959281
1646305725.603001 1.085772 1.357705 -0.926947 -0.239450 -0.012027 0.103259 0.965327
1646305725.628000 1.121414 1.353248 -0.926169 -0.224624 -0.000551 0.090707 0.970214
1646305725.652999 1.157763 1.353237 -0.927272 -0.209501 0.009000 0.080660 0.974434
1646305725.677999 1.192337 1.349157 -0.929827 -0.196165 0.017699 0.072977 0.977691
1646305725.702998 1.227821 1.349663 -0.934371 -0.182766 0.026422 0.065273 0.980631
1646305725.727997 1.263341 1.349927 -0.940573 -0.167277 0.036137 0.058880 0.983487
1646305725.752996 1.298651 1.356677 -0.948806 -0.149602 0.045828 0.055720 0.986111
1646305725.777995 1.333303 1.362633 -0.958892 -0.129796 0.055775 0.056137 0.988378
1646305725.802994 1.369248 1.371794 -0.970147 -0.108047 0.064876 0.057455 0.990361
1646305725.827993 1.405021 1.383591 -0.982725 -0.082902 0.072657 0.060941 0.992035
1646305725.852992 1.439611 1.397578 -0.994393 -0.056348 0.077647 0.066306 0.993176
1646305725.877991 1.473114 1.411912 -1.007045 -0.031012 0.082127 0.073256 0.993442
1646305725.902990 1.506763 1.426820 -1.018909 -0.006605 0.085917 0.080747 0.993003
1646305725.927989 1.539852 1.444552 -1.030064 0.016941 0.088909 0.088007 0.992000
1646305725.952988 1.571716 1.463500 -1.037009 0.040575 0.092802 0.096270 0.990189
1646305725.977987 1.602424 1.483307 -1.044282 0.063909 0.098091 0.104740 0.987585
1646305726.002986 1.633388 1.504181 -1.051183 0.087421 0.104345 0.112937 0.984233
1646305726.027985 1.665014 1.526935 -1.053303 0.108979 0.110080 0.122585 0.980295
1646305726.052984 1.694038 1.549574 -1.055587 0.127904 0.116630 0.132205 0.975992
1646305726.077983 1.723370 1.572265 -1.055618 0.144121 0.123170 0.140425 0.971771
1646305726.102982 1.753323 1.594505 -1.055201 0.157588 0.129535 0.147368 0.967817
1646305726.127981 1.782712 1.618135 -1.054511 0.167071 0.134334 0.155445 0.964302
1646305726.152980 1.809896 1.640885 -1.052906 0.171420 0.137960 0.162511 0.961859
1646305726.177979 1.837727 1.665311 -1.049011 0.170735 0.141171 0.167914 0.960586
1646305726.202979 1.865822 1.689030 -1.045168 0.167730 0.142071 0.172880 0.960101
1646305726.227978 1.895549 1.712838 -1.039511 0.161808 0.140303 0.179008 0.960255
1646305726.252977 1.923045 1.737838 -1.034654 0.154247 0.135797 0.185237 0.960965
1646305726.277976 1.952918 1.761230 -1.029235 0.144108 0.128868 0.190947 0.962375
1646305726.302975 1.981872 1.786950 -1.024094 0.132397 0.117295 0.197861 0.964139
1646305726.327974 2.010331 1.812850 -1.015676 0.118919 0.101551 0.207058 0.965750
1646305726.352973 2.037208 1.839012 -1.009576 0.105792 0.083875 0.216939 0.966804
1646305726.377972 2.065348 1.863396 -1.005209 0.093720 0.066034 0.226665 0.967202
1646305726.402971 2.091939 1.890614 -1.000201 0.083680 0.049475 0.236771 0.966690
1646305726.427970 2.117211 1.918878 -0.994113 0.074701 0.036217 0.246695 0.965531
1646305726.452969 2.143072 1.948484 -0.989569 0.064263 0.026917 0.256397 0.964057
1646305726.477968 2.169347 1.975689 -0.984248 0.052973 0.020801 0.266351 0.962195
1646305726.502967 2.195092 2.004816 -0.979543 0.040679 0.017735 0.276324 0.960039
1646305726.527966 2.219694 2.035008 -0.975024 0.028553 0.017612 0.286613 0.957459
1646305726.552965 2.244315 2.065647 -0.970800 0.016008 0.019219 0.297324 0.954449
1646305726.577964 2.269729 2.094171 -0.967767 0.003918 0.021495 0.308583 0.950946
1646305726.602963 2.294401 2.123912 -0.964490 -0.006623 0.023496 0.318875 0.947482
1646305726.627962 2.318782 2.154005 -0.961702 -0.015927 0.024948 0.328190 0.944148
1646305726.652961 2.343527 2.183702 -0.959515 -0.025376 0.024406 0.337923 0.940515
1646305726.677961 2.369945 2.211539 -0.956881 -0.035341 0.021340 0.347785 0.936665
1646305726.702960 2.396112 2.240383 -0.956127 -0.044119 0.014904 0.358069 0.932533
1646305726.727959 2.423296 2.270122 -0.958046 -0.050076 0.006162 0.368405 0.928296
1646305726.752958 2.448793 2.300983 -0.960875 -0.054474 -0.002241 0.379163 0.923722
1646305726.777957 2.474776 2.328875 -0.963404 -0.058500 -0.010402 0.388007 0.919739
1646305726.802956 2.499531 2.356745 -0.965743 -0.062702 -0.015478 0.394238 0.916736
1646305726.827955 2.523866 2.383679 -0.969235 -0.066949 -0.018383 0.397092 0.915149
1646305726.852954 2.548133 2.410094 -0.974089 -0.073473 -0.021126 0.399328 0.913615
1646305726.877953 2.573869 2.433765 -0.978261 -0.081682 -0.023921 0.400017 0.912547
1646305726.902952 2.599124 2.457863 -0.982014 -0.089784 -0.026927 0.399118 0.912096
1646305726.927951 2.624352 2.481800 -0.981066 -0.096252 -0.028621 0.396121 0.912691
1646305726.952950 2.649717 2.505461 -0.984046 -0.101946 -0.028606 0.394245 0.912885
1646305726.977949 2.677939 2.527854 -0.985507 -0.108190 -0.027985 0.391459 0.913385
1646305727.002948 2.705864 2.551026 -0.985658 -0.114344 -0.026336 0.387439 0.914398
1646305727.027947 2.734649 2.570672 -0.984259 -0.120377 -0.023556 0.381423 0.916226
1646305727.052946 2.763174 2.592797 -0.982909 -0.124920 -0.020192 0.375791 0.918024
1646305727.077945 2.793046 2.614413 -0.980911 -0.128190 -0.016026 0.367587 0.920973
1646305727.102944 2.822558 2.636119 -0.978785 -0.130350 -0.012751 0.358102 0.924451
1646305727.127944 2.853030 2.657598 -0.975492 -0.132529 -0.011100 0.346817 0.928456
1646305727.152942 2.883888 2.680239 -0.974189 -0.134144 -0.009851 0.336817 0.931913
1646305727.177942 2.915684 2.700429 -0.972319 -0.135451 -0.009388 0.324786 0.935991
1646305727.202941 2.948671 2.719786 -0.970977 -0.136887 -0.011527 0.310713 0.940525
1646305727.227940 2.979217 2.734521 -0.968136 -0.136799 -0.015315 0.293748 0.945919
1646305727.252939 3.011591 2.752082 -0.967302 -0.135208 -0.019475 0.277993 0.950820
1646305727.277938 3.043927 2.768042 -0.966353 -0.133186 -0.023803 0.261312 0.955725
1646305727.302937 3.076590 2.782554 -0.965375 -0.129787 -0.028222 0.244238 0.960576
1646305727.327936 3.107759 2.795929 -0.963421 -0.124155 -0.032616 0.226228 0.965579
1646305727.352935 3.139974 2.810585 -0.963431 -0.117655 -0.036609 0.210094 0.969885
1646305727.377934 3.170628 2.823611 -0.962329 -0.111268 -0.040262 0.195411 0.973557
1646305727.402933 3.201623 2.836733 -0.960357 -0.104620 -0.042006 0.181074 0.976986
1646305727.427932 3.229606 2.850048 -0.955225 -0.098437 -0.043781 0.166744 0.980097
1646305727.452931 3.260288 2.863341 -0.953637 -0.093483 -0.043867 0.154319 0.982610
1646305727.477930 3.289731 2.875048 -0.950052 -0.089033 -0.044078 0.143365 0.984671
1646305727.502929 3.319387 2.886576 -0.946156 -0.085837 -0.043486 0.133477 0.986370
1646305727.527928 3.343559 2.895015 -0.941863 -0.081315 -0.041131 0.125040 0.987958
1646305727.552927 3.374063 2.906319 -0.938140 -0.075325 -0.038516 0.118848 0.989302
1646305727.577926 3.402680 2.917846 -0.934710 -0.068532 -0.036469 0.114854 0.990344
1646305727.602926 3.430825 2.927672 -0.930684 -0.062402 -0.034215 0.112172 0.991137
1646305727.627924 3.455717 2.934169 -0.926490 -0.057074 -0.033385 0.110618 0.991661
1646305727.652924 3.484428 2.943311 -0.923643 -0.050687 -0.033360 0.110009 0.992077
1646305727.677923 3.511153 2.952157 -0.920304 -0.043353 -0.033724 0.109490 0.992469
1646305727.702922 3.537895 2.960732 -0.917379 -0.035982 -0.035027 0.107958 0.992886
1646305727.727921 3.560839 2.968285 -0.915428 -0.028774 -0.036507 0.106647 0.993210
1646305727.752920 3.589829 2.976021 -0.913264 -0.021318 -0.039300 0.104849 0.993483
1646305727.777919 3.615651 2.982841 -0.911194 -0.014034 -0.042687 0.103094 0.993656
1646305727.802918 3.641833 2.989349 -0.909167 -0.008106 -0.046908 0.102420 0.993602
1646305727.827917 3.662904 2.994810 -0.908078 -0.002836 -0.049347 0.103166 0.993435
1646305727.852916 3.690935 3.000618 -0.905838 0.002054 -0.050860 0.103565 0.993319
1646305727.877915 3.715899 3.005564 -0.904000 0.005398 -0.051113 0.104120 0.993236
1646305727.902914 3.741672 3.009711 -0.902554 0.005749 -0.050225 0.104230 0.993268
1646305727.927913 3.762519 3.011943 -0.900511 0.004629 -0.048546 0.104843 0.993292
1646305727.952912 3.793718 3.013645 -0.898225 0.001988 -0.046237 0.103609 0.993541
1646305727.977911 3.820599 3.014949 -0.896057 -0.001361 -0.044142 0.101807 0.993823
1646305728.002910 3.848319 3.015737 -0.893673 -0.004308 -0.042330 0.099350 0.994142
1646305728.027909 3.877440 3.020425 -0.891281 -0.005729 -0.041401 0.096632 0.994442
1646305728.052900 3.908910 3.022228 -0.888693 -0.005608 -0.040923 0.093070 0.994802
1646305728.077899 3.938722 3.023192 -0.887114 -0.005001 -0.041194 0.089698 0.995104
1646305728.102898 3.969296 3.023671 -0.886078 -0.002718 -0.041739 0.085526 0.995458
1646305728.127897 3.989324 3.018332 -0.886311 0.001484 -0.042605 0.079865 0.995894
1646305728.152896 4.023518 3.017916 -0.886240 0.006407 -0.042606 0.072746 0.996419
1646305728.177895 4.053430 3.017646 -0.887128 0.010637 -0.043154 0.065758 0.996845
1646305728.177895 4.053430 3.017646 -0.887128 0.010637 -0.043154 0.065758 0.996845
1646305728.227893 4.119188 3.012201 -0.898886 0.015011 -0.040941 0.052802 0.997652
1646305728.252892 4.150788 3.010630 -0.902325 0.019575 -0.040397 0.043601 0.998040
1646305728.252892 4.150788 3.010630 -0.902325 0.019575 -0.040397 0.043601 0.998040
1646305728.327889 4.242028 3.011051 -0.907867 0.025562 -0.036389 0.028811 0.998595
1646305728.327889 4.242028 3.011051 -0.907867 0.025562 -0.036389 0.028811 0.998595
1646305728.427885 4.365801 3.026676 -0.897219 0.025724 -0.017278 0.019497 0.999330
1646305728.427885 4.365801 3.026676 -0.897219 0.025724 -0.017278 0.019497 0.999330
1646305728.527881 4.491298 3.045198 -0.886642 0.023553 -0.010841 0.039701 0.998875
1646305728.527881 4.491298 3.045198 -0.886642 0.023553 -0.010841 0.039701 0.998875
1646305728.627877 4.614613 3.076171 -0.890133 0.018315 -0.022493 0.086629 0.995818
1646305728.627877 4.614613 3.076171 -0.890133 0.018315 -0.022493 0.086629 0.995818
1646305728.727873 4.726922 3.117534 -0.914395 -0.013340 -0.026688 0.135694 0.990301
1646305728.727873 4.726922 3.117534 -0.914395 -0.013340 -0.026688 0.135694 0.990301
1646305728.827869 4.846011 3.158246 -0.937754 -0.082022 -0.014959 0.181585 0.979834
1646305728.827869 4.846011 3.158246 -0.937754 -0.082022 -0.014959 0.181585 0.979834
1646305728.927865 4.964400 3.192750 -0.954552 -0.149517 0.004694 0.204957 0.967272
1646305728.927865 4.964400 3.192750 -0.954552 -0.149517 0.004694 0.204957 0.967272
1646305729.027861 5.092003 3.210667 -0.965742 -0.198252 0.022618 0.181480 0.962938
1646305729.027861 5.092003 3.210667 -0.965742 -0.198252 0.022618 0.181480 0.962938
1646305729.127857 5.231095 3.208545 -0.973325 -0.226709 0.024345 0.125292 0.965563
1646305729.127857 5.231095 3.208545 -0.973325 -0.226709 0.024345 0.125292 0.965563
1646305729.227853 5.372982 3.180066 -0.972206 -0.244642 0.002003 0.062118 0.967620
1646305729.227853 5.372982 3.180066 -0.972206 -0.244642 0.002003 0.062118 0.967620
1646305729.327849 5.513220 3.129155 -0.957719 -0.271785 -0.000376 -0.006485 0.962336
1646305729.327849 5.513220 3.129155 -0.957719 -0.271785 -0.000376 -0.006485 0.962336
1646305729.427845 5.648661 3.082710 -0.929333 -0.288563 0.015887 -0.058711 0.955527
1646305729.427845 5.648661 3.082710 -0.929333 -0.288563 0.015887 -0.058711 0.955527
1646305729.527841 5.790347 3.044703 -0.911345 -0.288387 0.003570 -0.067046 0.955157
1646305729.527841 5.790347 3.044703 -0.911345 -0.288387 0.003570 -0.067046 0.955157
1646305729.627837 5.938877 3.012474 -0.917895 -0.256714 -0.010943 -0.062820 0.964382
1646305729.627837 5.938877 3.012474 -0.917895 -0.256714 -0.010943 -0.062820 0.964382
1646305729.727834 6.070068 2.992328 -0.933412 -0.213504 -0.004699 -0.047345 0.975783
1646305729.727834 6.070068 2.992328 -0.933412 -0.213504 -0.004699 -0.047345 0.975783
1646305729.827829 6.201032 2.982029 -0.936836 -0.153964 0.024169 -0.009752 0.987733
1646305729.827829 6.201032 2.982029 -0.936836 -0.153964 0.024169 -0.009752 0.987733
1646305729.927825 6.340705 2.969600 -0.925046 -0.097621 0.050161 0.027419 0.993581
1646305729.927825 6.340705 2.969600 -0.925046 -0.097621 0.050161 0.027419 0.993581
1646305730.027822 6.482769 2.946660 -0.914648 -0.048627 0.038622 0.045965 0.997011
1646305730.027822 6.482769 2.946660 -0.914648 -0.048627 0.038622 0.045965 0.997011
1646305730.127818 6.623880 2.898521 -0.917226 -0.030382 0.016203 0.025039 0.999093
1646305730.202815 6.715555 2.850722 -0.924298 -0.033177 0.005068 -0.003708 0.999430
1646305730.227814 6.746775 2.838422 -0.928089 -0.036761 0.006474 -0.013824 0.999207
1646305730.252813 6.776529 2.822668 -0.928780 -0.040812 0.010553 -0.024928 0.998800
1646305730.277812 6.806861 2.806895 -0.929077 -0.044762 0.016116 -0.037146 0.998177
1646305730.302811 6.838413 2.789865 -0.928043 -0.049254 0.021952 -0.050193 0.997283
1646305730.327810 6.869323 2.773894 -0.925864 -0.053115 0.026723 -0.064277 0.996159
1646305730.352809 6.899626 2.754756 -0.923257 -0.055920 0.028811 -0.077668 0.994993
1646305730.377808 6.930318 2.734401 -0.921081 -0.057236 0.029686 -0.091588 0.993707
1646305730.402807 6.960268 2.712328 -0.919493 -0.056627 0.030072 -0.107139 0.992175
1646305730.427806 6.989160 2.687985 -0.918451 -0.055309 0.031503 -0.124684 0.990153
1646305730.452805 7.016513 2.660577 -0.916095 -0.055717 0.032311 -0.142974 0.987629
1646305730.477804 7.041289 2.630176 -0.916136 -0.057576 0.034004 -0.162814 0.984388
1646305730.502803 7.063948 2.597932 -0.917092 -0.057410 0.036674 -0.184664 0.980438
1646305730.527802 7.082750 2.562327 -0.919867 -0.054685 0.039917 -0.210527 0.975241
1646305730.552801 7.101319 2.526574 -0.920305 -0.048062 0.040438 -0.239157 0.968947
1646305730.577800 7.114094 2.490882 -0.922548 -0.041552 0.038543 -0.272789 0.960403
1646305730.602799 7.122378 2.453649 -0.925281 -0.037040 0.034179 -0.309569 0.949540
1646305730.627798 7.125273 2.414709 -0.929831 -0.034500 0.029902 -0.350688 0.935379
1646305730.652797 7.126264 2.375968 -0.932566 -0.032619 0.026579 -0.392691 0.918708
1646305730.677796 7.122324 2.338401 -0.935209 -0.029938 0.025132 -0.436868 0.898676
1646305730.702795 7.113736 2.303199 -0.937176 -0.026152 0.026195 -0.480899 0.875994
1646305730.727794 7.100205 2.271145 -0.937506 -0.021163 0.028994 -0.525494 0.850040
1646305730.752793 7.085320 2.241559 -0.938851 -0.015407 0.032871 -0.568008 0.822222
1646305730.777792 7.067617 2.215432 -0.938339 -0.009637 0.035960 -0.609776 0.791699
1646305730.802791 7.047021 2.192795 -0.938003 -0.004568 0.037952 -0.649984 0.758986
1646305730.827790 7.023896 2.175745 -0.937210 -0.000328 0.037491 -0.689127 0.723670
1646305730.852789 7.000300 2.163718 -0.935517 0.002820 0.035963 -0.726060 0.686684
1646305730.877788 6.976622 2.155760 -0.933621 0.005443 0.032995 -0.760817 0.648105
1646305730.902787 6.952194 2.152750 -0.931388 0.007796 0.029187 -0.793518 0.607796
1646305730.927786 6.926551 2.155718 -0.928876 0.009235 0.023812 -0.824058 0.565929
1646305730.952785 6.902831 2.166385 -0.925968 0.010258 0.018852 -0.853079 0.521341
1646305730.977784 6.880903 2.179978 -0.923365 0.010729 0.017037 -0.880034 0.474483
1646305731.002783 6.860228 2.198968 -0.920998 0.010208 0.017991 -0.905153 0.424582
1646305731.052781 6.821433 2.248863 -0.916706 0.003323 0.026133 -0.946045 0.322963
1646305731.077780 6.808513 2.282190 -0.915932 -0.001169 0.029649 -0.961178 0.274331
1646305731.102779 6.798553 2.316878 -0.915259 -0.002443 0.030409 -0.973386 0.227131
1646305731.127778 6.792153 2.354206 -0.911570 0.000557 0.026689 -0.983258 0.180252
1646305731.152777 6.792191 2.394300 -0.912159 0.006066 0.021083 -0.991003 0.132026
1646305731.177776 6.794183 2.439670 -0.914091 0.012000 0.014557 -0.996502 0.081406
1646305731.202775 6.800060 2.485256 -0.915151 0.017667 0.011227 -0.999391 0.027909
1646305731.227774 6.811505 2.535205 -0.910401 -0.023098 -0.010039 0.999246 0.029543
1646305731.252773 6.826883 2.585293 -0.911112 -0.027289 -0.012238 0.995734 0.087292
1646305731.277772 6.846915 2.638229 -0.912799 -0.029255 -0.015412 0.988845 0.145232
1646305731.302771 6.871375 2.688329 -0.914349 -0.029688 -0.017420 0.978712 0.202331
1646305731.327770 6.898978 2.734393 -0.918970 -0.028860 -0.016066 0.965539 0.258155
1646305731.352769 6.934216 2.779252 -0.920159 -0.030468 -0.013620 0.949271 0.312683
1646305731.377768 6.976130 2.823755 -0.921691 -0.031739 -0.009274 0.929866 0.366409
1646305731.402767 7.020446 2.864007 -0.924478 -0.033235 -0.004044 0.907612 0.418472
1646305731.427766 7.070320 2.897917 -0.932588 -0.036590 0.000146 0.883001 0.467943
1646305731.452765 7.122622 2.927576 -0.935487 -0.040972 0.004648 0.856153 0.515075
1646305731.477764 7.179008 2.952120 -0.936303 -0.044652 0.008799 0.827591 0.559484
1646305731.502763 7.235032 2.973585 -0.937529 -0.047216 0.011964 0.797569 0.601258
1646305731.527762 7.292942 2.993564 -0.936680 -0.047456 0.013934 0.766568 0.640256
1646305731.552761 7.348832 3.006399 -0.936677 -0.045824 0.016138 0.734114 0.677286
1646305731.577760 7.404806 3.014009 -0.936268 -0.044094 0.018642 0.700538 0.712008
1646305731.602759 7.458439 3.019787 -0.933371 -0.040915 0.019913 0.665153 0.745319
1646305731.627758 7.511611 3.022721 -0.921601 -0.037185 0.020360 0.629136 0.776138
1646305731.652757 7.561958 3.023282 -0.916813 -0.033102 0.020627 0.593219 0.804096
1646305731.677756 7.611656 3.019595 -0.909962 -0.028576 0.020949 0.557495 0.829424
1646305731.702755 7.657996 3.015215 -0.904512 -0.023638 0.019486 0.522093 0.852338
1646305731.752753 7.742653 3.014112 -0.878618 -0.016449 0.015812 0.457748 0.888789
1646305731.777752 7.783224 3.005559 -0.870653 -0.017042 0.012909 0.428766 0.903163
1646305731.802751 7.822422 2.999256 -0.862915 -0.017304 0.009427 0.401749 0.915538
1646305731.827750 7.861553 2.993853 -0.856366 -0.017357 0.008449 0.377780 0.925694
1646305731.852749 7.897690 2.990363 -0.848537 -0.018072 0.007261 0.354974 0.934673
1646305731.877748 7.932430 2.985068 -0.842880 -0.019364 0.006676 0.334389 0.942213
1646305731.902747 7.967705 2.985295 -0.838948 -0.018726 0.007130 0.314677 0.948987
1646305731.927746 8.001279 2.988689 -0.843423 -0.016627 0.011393 0.296814 0.954722
1646305731.952745 8.034732 2.992209 -0.842173 -0.013917 0.016705 0.278903 0.960073
1646305731.977744 8.066975 2.996205 -0.842779 -0.010837 0.023057 0.262595 0.964570
1646305732.002743 8.099671 3.001516 -0.845386 -0.007282 0.028286 0.247147 0.968538
1646305732.027742 8.131914 3.009094 -0.854954 -0.005679 0.031752 0.234042 0.971691
1646305732.052737 8.162977 3.015098 -0.862121 -0.004763 0.034031 0.223326 0.974138
1646305732.077736 8.193212 3.019594 -0.871149 -0.003489 0.038898 0.216136 0.975582
1646305732.102735 8.222041 3.026462 -0.880942 -0.000450 0.045863 0.210843 0.976443
1646305732.127734 8.250085 3.035561 -0.891826 0.001362 0.056119 0.207105 0.976707
1646305732.152733 8.276449 3.042456 -0.902009 0.002449 0.067166 0.202477 0.976978
1646305732.177732 8.302394 3.047262 -0.912094 0.002761 0.079063 0.197475 0.977111
1646305732.202731 8.327478 3.052544 -0.920829 0.003407 0.090622 0.192027 0.977191
1646305732.227730 8.349789 3.059666 -0.927569 0.001522 0.102004 0.187944 0.976867
1646305732.252729 8.372778 3.064894 -0.933210 -0.000743 0.112401 0.184028 0.976473
1646305732.277728 8.395583 3.068369 -0.936955 -0.003371 0.122464 0.181153 0.975795
1646305732.302727 8.418212 3.072889 -0.938688 -0.007008 0.130985 0.179592 0.974957
1646305732.327726 8.438767 3.080573 -0.937190 -0.011796 0.138162 0.180114 0.973823
1646305732.352725 8.460930 3.086429 -0.933063 -0.016485 0.143478 0.181662 0.972698
1646305732.377724 8.483600 3.090442 -0.926021 -0.021707 0.146643 0.184339 0.971619
1646305732.402723 8.506322 3.096805 -0.916272 -0.027559 0.148253 0.187969 0.970530
1646305732.427722 8.527264 3.105808 -0.903166 -0.034073 0.147188 0.194405 0.969217
1646305732.452721 8.549346 3.114115 -0.888582 -0.040780 0.144835 0.201614 0.967839
1646305732.477720 8.571174 3.121963 -0.871807 -0.045668 0.140954 0.209271 0.966567
1646305732.502719 8.591967 3.130844 -0.853720 -0.048276 0.136406 0.215919 0.965630
1646305732.527718 8.614922 3.139166 -0.832262 -0.049817 0.130609 0.222478 0.964864
1646305732.552717 8.634309 3.148492 -0.811585 -0.049980 0.124410 0.226771 0.964676
1646305732.577716 8.653657 3.157099 -0.789380 -0.048056 0.118859 0.229988 0.964712
1646305732.602715 8.671594 3.166241 -0.767222 -0.046236 0.112776 0.232533 0.964921
1646305732.627714 8.685835 3.174550 -0.743599 -0.046144 0.106013 0.235149 0.965058
1646305732.652713 8.701259 3.183110 -0.719316 -0.045455 0.099112 0.236520 0.965489
1646305732.677712 8.717166 3.190886 -0.694961 -0.043490 0.092217 0.236964 0.966154
1646305732.702711 8.731341 3.198306 -0.673585 -0.040182 0.085708 0.239027 0.966388
1646305732.727710 8.739159 3.206034 -0.650438 -0.034999 0.080318 0.239621 0.966905
1646305732.727710 8.739159 3.206034 -0.650438 -0.034999 0.080318 0.239621 0.966905
1646305732.777709 8.766917 3.217380 -0.602843 -0.025844 0.072048 0.240167 0.967709
1646305732.802707 8.776545 3.222614 -0.580899 -0.022286 0.068846 0.240353 0.967984
1646305732.827706 8.777318 3.229851 -0.557786 -0.020996 0.067573 0.241225 0.967886
1646305732.827706 8.777318 3.229851 -0.557786 -0.020996 0.067573 0.241225 0.967886
1646305732.877704 8.794799 3.236223 -0.508797 -0.020164 0.072678 0.236630 0.968668
1646305732.902704 8.800271 3.239373 -0.487660 -0.019848 0.075319 0.234295 0.969040
1646305732.927703 8.798489 3.245693 -0.461932 -0.023548 0.079871 0.233617 0.968757
1646305732.927703 8.798489 3.245693 -0.461932 -0.023548 0.079871 0.233617 0.968757
1646305732.977700 8.808871 3.252085 -0.406021 -0.034073 0.092476 0.227273 0.968831
1646305733.002700 8.811718 3.255020 -0.384873 -0.037036 0.097691 0.224439 0.968871
1646305733.027699 8.812351 3.261271 -0.357959 -0.039457 0.101673 0.222965 0.968707
1646305733.027699 8.812351 3.261271 -0.357959 -0.039457 0.101673 0.222965 0.968707
1646305733.077697 8.817725 3.265231 -0.297873 -0.041124 0.105427 0.217951 0.969377
1646305733.102695 8.823887 3.270657 -0.276979 -0.039142 0.103470 0.216027 0.970100
1646305733.127695 8.828766 3.277130 -0.254387 -0.039017 0.100949 0.216029 0.970370
1646305733.127695 8.828766 3.277130 -0.254387 -0.039017 0.100949 0.216029 0.970370
1646305733.177693 8.837845 3.282045 -0.202650 -0.038015 0.096649 0.212202 0.971691
1646305733.202692 8.845109 3.287810 -0.182972 -0.034879 0.095124 0.210446 0.972341
1646305733.227691 8.849204 3.295872 -0.164315 -0.031417 0.093829 0.210269 0.972623
1646305733.227691 8.849204 3.295872 -0.164315 -0.031417 0.093829 0.210269 0.972623
1646305733.277689 8.859526 3.301508 -0.123893 -0.026126 0.090772 0.204098 0.974383
1646305733.302688 8.867507 3.307336 -0.108882 -0.023075 0.088144 0.199377 0.975678
1646305733.327687 8.873939 3.313288 -0.095087 -0.019407 0.084999 0.194216 0.977077
1646305733.327687 8.873939 3.313288 -0.095087 -0.019407 0.084999 0.194216 0.977077
1646305733.377685 8.883634 3.319537 -0.066243 -0.009058 0.080599 0.181405 0.980058
1646305733.402683 8.890357 3.324661 -0.056610 -0.004486 0.077851 0.176369 0.981230
1646305733.427683 8.894951 3.329485 -0.046390 -0.001375 0.075019 0.172373 0.982170
1646305733.427683 8.894951 3.329485 -0.046390 -0.001375 0.075019 0.172373 0.982170
1646305733.477681 8.909155 3.333765 -0.028412 0.001366 0.063268 0.165548 0.984169
1646305733.502680 8.912447 3.335370 -0.021346 0.001108 0.059391 0.162519 0.984916
1646305733.527679 8.917306 3.339229 -0.014673 0.001272 0.053337 0.161160 0.985485
1646305733.527679 8.917306 3.339229 -0.014673 0.001272 0.053337 0.161160 0.985485
1646305733.577677 8.937745 3.343776 -0.006881 0.000133 0.042398 0.158833 0.986395
1646305733.602676 8.934889 3.342923 -0.001933 -0.001438 0.040209 0.156361 0.986880
1646305733.652674 8.940915 3.345589 0.005237 -0.002983 0.033864 0.152099 0.987780
1646305733.677673 8.951892 3.343489 0.003852 -0.003273 0.030659 0.149150 0.988334
1646305733.702672 8.949465 3.342203 0.006687 -0.002705 0.028254 0.145164 0.989000
1646305733.727671 8.949196 3.343653 0.009637 -0.001612 0.025031 0.143321 0.989358
1646305733.727671 8.949196 3.343653 0.009637 -0.001612 0.025031 0.143321 0.989358
1646305733.777669 8.963296 3.345788 0.013242 0.001012 0.020717 0.142532 0.989573
1646305733.802668 8.956574 3.343857 0.015974 0.002466 0.019887 0.140783 0.989838
1646305733.827667 8.954274 3.346310 0.017530 0.003795 0.019065 0.141133 0.989800
1646305733.827667 8.954274 3.346310 0.017530 0.003795 0.019065 0.141133 0.989800
1646305733.877665 8.963441 3.347478 0.021893 0.003772 0.020325 0.142718 0.989547
1646305733.902664 8.957647 3.346080 0.024382 0.004166 0.019518 0.141795 0.989695
1646305733.927663 8.954795 3.347213 0.026403 0.004166 0.019066 0.142248 0.989639
1646305733.927663 8.954795 3.347213 0.026403 0.004166 0.019066 0.142248 0.989639
1646305733.977661 8.965190 3.349596 0.028284 0.003424 0.017154 0.142651 0.989619
1646305734.002660 8.959531 3.347705 0.031146 0.003394 0.015355 0.141145 0.989864
1646305734.027659 8.956816 3.349012 0.033776 0.003432 0.013152 0.140352 0.990008
1646305734.027659 8.956816 3.349012 0.033776 0.003432 0.013152 0.140352 0.990008
1646305734.077657 8.965831 3.350510 0.036260 0.003418 0.007700 0.139037 0.990251
1646305734.102656 8.961142 3.348413 0.038306 0.003042 0.006481 0.136786 0.990575
1646305734.127655 8.958330 3.348478 0.040389 0.002877 0.004920 0.135891 0.990707
1646305734.127655 8.958330 3.348478 0.040389 0.002877 0.004920 0.135891 0.990707
1646305734.177653 8.965439 3.349189 0.042438 0.001697 0.003354 0.137081 0.990553
1646305734.202652 8.960470 3.347387 0.044416 0.001843 0.002617 0.136652 0.990614
1646305734.227651 8.957871 3.349343 0.046557 0.001502 0.001842 0.137813 0.990455
1646305734.227651 8.957871 3.349343 0.046557 0.001502 0.001842 0.137813 0.990455
1646305734.277649 8.967086 3.350265 0.047715 0.002262 0.001966 0.142484 0.989793
1646305734.302648 8.962876 3.349293 0.049313 0.003701 0.001128 0.143219 0.989683
1646305734.327647 8.960370 3.350423 0.051122 0.004212 0.000919 0.144796 0.989452
1646305734.327647 8.960370 3.350423 0.051122 0.004212 0.000919 0.144796 0.989452
1646305734.377645 8.968449 3.352637 0.052046 0.004705 0.002112 0.148886 0.988841
1646305734.402644 8.964820 3.351574 0.053220 0.005092 0.001631 0.148642 0.988877
1646305734.427643 8.963654 3.351741 0.054742 0.004518 0.001230 0.149308 0.988780
1646305734.427643 8.963654 3.351741 0.054742 0.004518 0.001230 0.149308 0.988780
1646305734.477641 8.971720 3.354762 0.055359 0.003872 -0.000052 0.150931 0.988537
1646305734.502640 8.967733 3.353358 0.056197 0.004202 -0.000876 0.149873 0.988696
1646305734.527639 8.965986 3.353843 0.057122 0.004516 -0.001879 0.149603 0.988734
1646305734.527639 8.965986 3.353843 0.057122 0.004516 -0.001879 0.149603 0.988734
1646305734.577637 8.972873 3.355297 0.057165 0.005225 -0.002758 0.150256 0.988630
1646305734.602636 8.968825 3.353999 0.057940 0.006223 -0.003388 0.149342 0.988760
1646305734.627635 8.966577 3.354782 0.058881 0.006109 -0.003607 0.149137 0.988791
1646305734.627635 8.966577 3.354782 0.058881 0.006109 -0.003607 0.149137 0.988791
1646305734.677633 8.972284 3.356254 0.058238 0.006054 -0.002088 0.150067 0.988655
1646305734.702632 8.967771 3.354903 0.059079 0.006799 -0.002687 0.149270 0.988769
1646305734.727631 8.965273 3.355554 0.060262 0.006320 -0.003165 0.149109 0.988796
1646305734.727631 8.965273 3.355554 0.060262 0.006320 -0.003165 0.149109 0.988796
1646305734.777629 8.970421 3.357112 0.060997 0.006303 -0.003272 0.149818 0.988688
1646305734.802628 8.965631 3.355456 0.062327 0.006952 -0.004259 0.148751 0.988841
1646305734.827627 8.963279 3.356395 0.064028 0.007081 -0.005317 0.148250 0.988910
1646305734.827627 8.963279 3.356395 0.064028 0.007081 -0.005317 0.148250 0.988910
1646305734.877625 8.969541 3.357800 0.064230 0.007739 -0.006289 0.148877 0.988805
1646305734.902624 8.965594 3.356295 0.064941 0.008500 -0.007125 0.147835 0.988950
1646305734.927623 8.963738 3.356465 0.066012 0.008540 -0.007693 0.147589 0.988982
1646305734.927623 8.963738 3.356465 0.066012 0.008540 -0.007693 0.147589 0.988982
1646305734.977621 8.969390 3.357392 0.065764 0.007852 -0.006737 0.148768 0.988818
1646305735.002620 8.965832 3.355661 0.066234 0.008422 -0.007424 0.147815 0.988951
1646305735.027619 8.963993 3.356009 0.066843 0.008271 -0.007256 0.147594 0.988987
1646305735.027619 8.963993 3.356009 0.066843 0.008271 -0.007256 0.147594 0.988987
1646305735.077617 8.969793 3.357646 0.066899 0.007298 -0.005822 0.148590 0.988855
1646305735.102616 8.966385 3.356249 0.067645 0.008073 -0.006545 0.147591 0.988994
1646305735.127615 8.964560 3.356518 0.068316 0.008188 -0.006416 0.147264 0.989043
1646305735.127615 8.964560 3.356518 0.068316 0.008188 -0.006416 0.147264 0.989043
1646305735.177613 8.969223 3.358325 0.067293 0.007525 -0.004298 0.148224 0.988916
1646305735.202612 8.965820 3.357003 0.068042 0.008193 -0.005191 0.147381 0.989032
1646305735.227611 8.964272 3.356840 0.069163 0.008052 -0.005641 0.147185 0.989060
1646305735.227611 8.964272 3.356840 0.069163 0.008052 -0.005641 0.147185 0.989060
1646305735.277609 8.969618 3.358338 0.068318 0.007856 -0.006439 0.148788 0.988817
1646305735.302608 8.966675 3.357221 0.069089 0.008290 -0.007454 0.148041 0.988918
1646305735.327607 8.965136 3.357616 0.070075 0.008243 -0.008229 0.147670 0.988968
1646305735.327607 8.965136 3.357616 0.070075 0.008243 -0.008229 0.147670 0.988968
1646305735.377605 8.969212 3.359176 0.069078 0.008014 -0.007442 0.148594 0.988838
1646305735.402604 8.966116 3.358072 0.069857 0.008492 -0.008549 0.147782 0.988947
1646305735.427603 8.964290 3.358586 0.070519 0.007651 -0.008491 0.147251 0.989033
1646305735.427603 8.964290 3.358586 0.070519 0.007651 -0.008491 0.147251 0.989033
1646305735.477601 8.968721 3.359290 0.070174 0.007146 -0.006262 0.148047 0.988935
1646305735.502600 8.966034 3.358322 0.071015 0.007568 -0.006924 0.147577 0.988997
1646305735.527599 8.963711 3.358725 0.072023 0.006805 -0.006351 0.147777 0.988977
1646305735.527599 8.963711 3.358725 0.072023 0.006805 -0.006351 0.147777 0.988977
1646305735.577597 8.967085 3.359675 0.073133 0.005776 -0.003397 0.149161 0.988790
1646305735.602596 8.963944 3.358586 0.074213 0.006118 -0.003726 0.148414 0.988899
1646305735.627595 8.962097 3.358830 0.075171 0.005537 -0.003201 0.148246 0.988930
1646305735.627595 8.962097 3.358830 0.075171 0.005537 -0.003201 0.148246 0.988930
1646305735.677593 8.966739 3.359459 0.074665 0.004439 -0.002142 0.148674 0.988874
1646305735.702592 8.963749 3.358064 0.075395 0.004466 -0.002397 0.148020 0.988971
1646305735.727591 8.962355 3.357475 0.075668 0.003918 -0.002159 0.147798 0.989007
1646305735.727591 8.962355 3.357475 0.075668 0.003918 -0.002159 0.147798 0.989007
1646305735.777589 8.966584 3.358555 0.074263 0.002481 -0.000823 0.148602 0.988894
1646305735.802588 8.963970 3.357085 0.075170 0.001953 -0.001083 0.147851 0.989007
1646305735.827587 8.961949 3.356714 0.075391 0.000548 -0.000990 0.147275 0.989095
1646305735.827587 8.961949 3.356714 0.075391 0.000548 -0.000990 0.147275 0.989095
1646305735.877585 8.966052 3.355920 0.074284 -0.004007 0.001579 0.147262 0.989088
1646305735.902584 8.962787 3.353716 0.075467 -0.005024 0.000814 0.146088 0.989258
1646305735.927583 8.960870 3.353035 0.075830 -0.004982 0.001427 0.145464 0.989350
1646305735.927583 8.960870 3.353035 0.075830 -0.004982 0.001427 0.145464 0.989350
1646305735.977582 8.965762 3.354260 0.074685 -0.005337 0.001839 0.146355 0.989216
1646305736.002580 8.962762 3.353250 0.075418 -0.004879 0.001400 0.145841 0.989295
1646305736.027580 8.960895 3.353133 0.075913 -0.005065 0.001428 0.145813 0.989298
1646305736.027580 8.960895 3.353133 0.075913 -0.005065 0.001428 0.145813 0.989298
1646305736.077569 8.966759 3.353804 0.073957 -0.005421 0.002102 0.147149 0.989097
1646305736.102568 8.964037 3.352837 0.074511 -0.004967 0.001606 0.146509 0.989196
1646305736.127567 8.962008 3.353680 0.074750 -0.005163 0.001585 0.146782 0.989154
1646305736.127567 8.962008 3.353680 0.074750 -0.005163 0.001585 0.146782 0.989154
1646305736.177565 8.967701 3.354644 0.073388 -0.005585 0.002202 0.148434 0.988904
1646305736.202564 8.964783 3.353392 0.074036 -0.005098 0.001675 0.147693 0.989019
1646305736.227563 8.963107 3.353909 0.074425 -0.005206 0.001638 0.147495 0.989048
1646305736.227563 8.963107 3.353909 0.074425 -0.005206 0.001638 0.147495 0.989048
1646305736.277561 8.968046 3.355153 0.073555 -0.005564 0.002194 0.148621 0.988876
1646305736.302560 8.964879 3.354012 0.074276 -0.005060 0.001666 0.147712 0.989016
1646305736.327559 8.962863 3.354214 0.074748 -0.005185 0.001604 0.147484 0.989050
1646305736.327559 8.962863 3.354214 0.074748 -0.005185 0.001604 0.147484 0.989050
1646305736.377557 8.967732 3.355028 0.073745 -0.005450 0.002182 0.148749 0.988858
1646305736.402556 8.964608 3.353896 0.074463 -0.005011 0.001674 0.147848 0.988996
1646305736.427555 8.962775 3.354036 0.074753 -0.005171 0.001580 0.147612 0.989031
1646305736.427555 8.962775 3.354036 0.074753 -0.005171 0.001580 0.147612 0.989031
1646305736.477553 8.967047 3.355293 0.073999 -0.005402 0.002135 0.148688 0.988867
1646305736.502553 8.963974 3.354231 0.074678 -0.004993 0.001651 0.147875 0.988992
1646305736.527551 8.962153 3.354487 0.074998 -0.005179 0.001589 0.147603 0.989032
1646305736.527551 8.962153 3.354487 0.074998 -0.005179 0.001589 0.147603 0.989032
1646305736.577549 8.967517 3.355133 0.073816 -0.005342 0.002158 0.148652 0.988873
1646305736.602548 8.964744 3.354133 0.074394 -0.004925 0.001689 0.147897 0.988989
1646305736.627548 8.962781 3.354435 0.074684 -0.005168 0.001566 0.147728 0.989013
1646305736.627548 8.962781 3.354435 0.074684 -0.005168 0.001566 0.147728 0.989013
1646305736.677546 8.966960 3.355404 0.073844 -0.005394 0.002115 0.148800 0.988850
1646305736.702544 8.964307 3.354526 0.074459 -0.004979 0.001653 0.148018 0.988971
1646305736.752542 8.962166 3.355155 0.074832 -0.005192 0.001581 0.148126 0.988954
1646305736.777542 8.964136 3.354458 0.076905 -0.005184 0.001427 0.149073 0.988812
1646305736.802541 8.959656 3.354257 0.077123 -0.004925 0.001569 0.148585 0.988886
1646305736.827539 8.957817 3.354534 0.077535 -0.005140 0.001564 0.148228 0.988939
1646305736.827539 8.957817 3.354534 0.077535 -0.005140 0.001564 0.148228 0.988939
1646305736.877538 8.964770 3.355313 0.074076 -0.005369 0.002084 0.149075 0.988809
1646305736.902537 8.962297 3.354361 0.074621 -0.004985 0.001633 0.148412 0.988912
1646305736.927536 8.960974 3.354898 0.074890 -0.005210 0.001538 0.148176 0.988946
1646305736.927536 8.960974 3.354898 0.074890 -0.005210 0.001538 0.148176 0.988946
1646305736.977534 8.965881 3.355459 0.073707 -0.005420 0.002097 0.149925 0.988680
1646305737.002533 8.963043 3.354702 0.074239 -0.004983 0.001709 0.149631 0.988728
1646305737.027532 8.961197 3.355446 0.074449 -0.005111 0.001719 0.150092 0.988657
1646305737.027532 8.961197 3.355446 0.074449 -0.005111 0.001719 0.150092 0.988657
1646305737.077530 8.966078 3.356282 0.073756 -0.005374 0.002162 0.151395 0.988456
1646305737.102529 8.963500 3.355305 0.074344 -0.004977 0.001786 0.150584 0.988583
1646305737.127528 8.961959 3.355415 0.074802 -0.005126 0.001658 0.150297 0.988626
1646305737.127528 8.961959 3.355415 0.074802 -0.005126 0.001658 0.150297 0.988626
1646305737.177526 8.967132 3.356103 0.073929 -0.005404 0.002168 0.151449 0.988448
1646305737.202525 8.964230 3.354821 0.074629 -0.005009 0.001767 0.150523 0.988592
1646305737.227524 8.962181 3.355343 0.075112 -0.005135 0.001673 0.150235 0.988636
1646305737.227524 8.962181 3.355343 0.075112 -0.005135 0.001673 0.150235 0.988636
1646305737.277522 8.966981 3.355943 0.074009 -0.005498 0.002218 0.151341 0.988464
1646305737.302521 8.964183 3.354756 0.074614 -0.005068 0.001754 0.150439 0.988605
1646305737.327520 8.962200 3.354896 0.075077 -0.005138 0.001664 0.150217 0.988638
1646305737.327520 8.962200 3.354896 0.075077 -0.005138 0.001664 0.150217 0.988638
1646305737.377518 8.967264 3.355726 0.073902 -0.005487 0.002202 0.151238 0.988480
1646305737.402517 8.964594 3.354511 0.074491 -0.005093 0.001769 0.150369 0.988615
1646305737.427516 8.962824 3.354995 0.075023 -0.005156 0.001712 0.150060 0.988662
1646305737.427516 8.962824 3.354995 0.075023 -0.005156 0.001712 0.150060 0.988662
1646305737.477514 8.966265 3.355898 0.074189 -0.005441 0.002200 0.151146 0.988494
1646305737.502513 8.963512 3.354896 0.074847 -0.005026 0.001768 0.150330 0.988621
1646305737.527512 8.961795 3.355186 0.075309 -0.005139 0.001652 0.150057 0.988663
1646305737.527512 8.961795 3.355186 0.075309 -0.005139 0.001652 0.150057 0.988663
1646305737.577510 8.965888 3.356099 0.074221 -0.005410 0.002131 0.151149 0.988494
1646305737.602509 8.963058 3.355041 0.074810 -0.005044 0.001746 0.150331 0.988621
1646305737.627508 8.961581 3.355390 0.075166 -0.005165 0.001637 0.149897 0.988687
1646305737.627508 8.961581 3.355390 0.075166 -0.005165 0.001637 0.149897 0.988687
1646305737.677506 8.965943 3.356340 0.074448 -0.005435 0.002101 0.150636 0.988572
1646305737.702505 8.963297 3.355492 0.075015 -0.005039 0.001727 0.149902 0.988687
1646305737.727504 8.961659 3.355816 0.075383 -0.005159 0.001633 0.149605 0.988731
1646305737.727504 8.961659 3.355816 0.075383 -0.005159 0.001633 0.149605 0.988731
1646305737.777502 8.966442 3.356484 0.074003 -0.005366 0.002189 0.150576 0.988581
1646305737.802501 8.963978 3.355524 0.074530 -0.005041 0.001780 0.149879 0.988690
1646305737.827500 8.962233 3.355812 0.074946 -0.005163 0.001634 0.149513 0.988745
1646305737.827500 8.962233 3.355812 0.074946 -0.005163 0.001634 0.149513 0.988745
1646305737.877498 8.966821 3.356060 0.074016 -0.005351 0.002170 0.150549 0.988586
1646305737.902497 8.964391 3.355045 0.074526 -0.005001 0.001841 0.149876 0.988690
1646305737.927496 8.962683 3.355451 0.074937 -0.005154 0.001662 0.149560 0.988738
1646305737.927496 8.962683 3.355451 0.074937 -0.005154 0.001662 0.149560 0.988738
1646305737.977494 8.967097 3.356207 0.074095 -0.005425 0.002261 0.150613 0.988575
1646305738.002493 8.964675 3.355344 0.074587 -0.005053 0.001882 0.149872 0.988691
1646305738.027492 8.962769 3.355694 0.075036 -0.005137 0.001732 0.149546 0.988740
1646305738.027492 8.962769 3.355694 0.075036 -0.005137 0.001732 0.149546 0.988740
1646305738.077490 8.966850 3.355967 0.074443 -0.005424 0.002231 0.150571 0.988582
1646305738.102489 8.964418 3.354988 0.074981 -0.005115 0.001911 0.149868 0.988691
1646305738.127488 8.962627 3.355462 0.075480 -0.005106 0.001736 0.149507 0.988746
1646305738.127488 8.962627 3.355462 0.075480 -0.005106 0.001736 0.149507 0.988746
1646305738.177486 8.965517 3.355924 0.074892 -0.005397 0.002213 0.150540 0.988587
1646305738.202485 8.962995 3.355001 0.075409 -0.005017 0.001791 0.149897 0.988687
1646305738.227484 8.961010 3.355432 0.075797 -0.005106 0.001753 0.149553 0.988739
1646305738.227484 8.961010 3.355432 0.075797 -0.005106 0.001753 0.149553 0.988739
1646305738.277483 8.960450 3.355308 0.074307 -0.005415 0.002268 0.150490 0.988594
1646305738.302482 8.958167 3.354591 0.074779 -0.005143 0.001784 0.149955 0.988678
1646305738.327481 8.957101 3.355312 0.075148 -0.005133 0.001700 0.149623 0.988728
1646305738.327481 8.957101 3.355312 0.075148 -0.005133 0.001700 0.149623 0.988728
1646305738.377479 8.959820 3.355861 0.074149 -0.005449 0.002393 0.150511 0.988590
1646305738.402478 8.958254 3.355355 0.074608 -0.005121 0.001760 0.149958 0.988678
1646305738.427477 8.957680 3.355524 0.075145 -0.005125 0.001741 0.149595 0.988733
1646305738.427477 8.957680 3.355524 0.075145 -0.005125 0.001741 0.149595 0.988733
1646305738.477475 8.958147 3.356836 0.075160 -0.005412 0.002270 0.150404 0.988607
1646305738.502474 8.956627 3.356573 0.075620 -0.005115 0.001770 0.150080 0.988659
1646305738.527473 8.956339 3.356529 0.075954 -0.005107 0.001743 0.149627 0.988728
1646305738.527473 8.956339 3.356529 0.075954 -0.005107 0.001743 0.149627 0.988728
1646305738.577471 8.956706 3.356919 0.075145 -0.005370 0.002244 0.150377 0.988612
1646305738.602470 8.955320 3.356551 0.075489 -0.005064 0.001776 0.150088 0.988658
1646305738.627469 8.955398 3.356346 0.075885 -0.005097 0.001691 0.149724 0.988713
1646305738.627469 8.955398 3.356346 0.075885 -0.005097 0.001691 0.149724 0.988713
1646305738.677467 8.954902 3.356422 0.075369 -0.005473 0.002323 0.150410 0.988606
1646305738.702466 8.953688 3.356050 0.075638 -0.005116 0.001763 0.150070 0.988661
1646305738.727465 8.953477 3.356240 0.075888 -0.005101 0.001757 0.149630 0.988727
1646305738.727465 8.953477 3.356240 0.075888 -0.005101 0.001757 0.149630 0.988727
1646305738.777463 8.954164 3.356271 0.075267 -0.005437 0.002287 0.150307 0.988622
1646305738.802462 8.954596 3.356293 0.074666 -0.005397 0.002253 0.150356 0.988615
1646305738.827461 8.954407 3.356181 0.075226 -0.005106 0.001762 0.149650 0.988724
1646305738.827461 8.954407 3.356181 0.075226 -0.005106 0.001762 0.149650 0.988724
1646305738.877459 8.954006 3.356348 0.075006 -0.005448 0.002309 0.150351 0.988615
1646305738.902458 8.954208 3.356308 0.075558 -0.005272 0.002116 0.150163 0.988645
1646305738.927457 8.954118 3.356278 0.076178 -0.005091 0.001699 0.149661 0.988723
1646305738.927457 8.954118 3.356278 0.076178 -0.005091 0.001699 0.149661 0.988723
1646305738.977455 8.955000 3.357011 0.075173 -0.005482 0.002304 0.150408 0.988606
1646305739.002454 8.954314 3.356840 0.075584 -0.005206 0.001961 0.150081 0.988658
1646305739.027453 8.954282 3.356616 0.076080 -0.005102 0.001759 0.149648 0.988725
1646305739.027453 8.954282 3.356616 0.076080 -0.005102 0.001759 0.149648 0.988725
1646305739.077449 8.955850 3.356935 0.074959 -0.005388 0.002272 0.150395 0.988609
1646305739.102448 8.958705 3.356520 0.076447 -0.005130 0.001939 0.150025 0.988667
1646305739.127447 8.958461 3.356108 0.076982 -0.005047 0.001737 0.149556 0.988739
1646305739.127447 8.958461 3.356108 0.076982 -0.005047 0.001737 0.149556 0.988739
1646305739.177445 8.958247 3.356480 0.075539 -0.005405 0.002283 0.150423 0.988604
1646305739.202444 8.958424 3.355643 0.076269 -0.005064 0.001886 0.149949 0.988679
1646305739.227443 8.957802 3.355539 0.076606 -0.005073 0.001756 0.149560 0.988738
1646305739.227443 8.957802 3.355539 0.076606 -0.005073 0.001756 0.149560 0.988738
1646305739.277441 8.957182 3.354990 0.075350 -0.005401 0.002260 0.150413 0.988606
1646305739.302440 8.960042 3.356507 0.076821 -0.004952 0.001950 0.149943 0.988680
1646305739.352438 8.959361 3.356386 0.077427 -0.005063 0.001783 0.149489 0.988749
1646305739.377437 8.961435 3.355806 0.078625 -0.005309 0.001803 0.150497 0.988594
1646305739.402436 8.955044 3.356561 0.077249 -0.005257 0.002066 0.150316 0.988622
1646305739.427435 8.954053 3.356463 0.077466 -0.005048 0.001692 0.149631 0.988728
1646305739.427435 8.954053 3.356463 0.077466 -0.005048 0.001692 0.149631 0.988728
1646305739.477433 8.954770 3.356350 0.075371 -0.005424 0.002276 0.150390 0.988609
1646305739.502432 8.956238 3.358313 0.076199 -0.005012 0.001892 0.150003 0.988671
1646305739.527431 8.955973 3.357648 0.076489 -0.005088 0.001759 0.149594 0.988733
1646305739.527431 8.955973 3.357648 0.076489 -0.005088 0.001759 0.149594 0.988733
1646305739.577429 8.956791 3.358326 0.075150 -0.005454 0.002295 0.150402 0.988607
1646305739.602428 8.959024 3.360072 0.076168 -0.005091 0.001912 0.150020 0.988668
1646305739.627427 8.958721 3.358623 0.076539 -0.005085 0.001747 0.149536 0.988742
1646305739.627427 8.958721 3.358623 0.076539 -0.005085 0.001747 0.149536 0.988742
1646305739.677425 8.958396 3.359101 0.075377 -0.005445 0.002314 0.150442 0.988601
1646305739.702424 8.957746 3.359780 0.076400 -0.005017 0.001910 0.150005 0.988671
1646305739.727423 8.957150 3.358356 0.076767 -0.005073 0.001744 0.149545 0.988740
1646305739.727423 8.957150 3.358356 0.076767 -0.005073 0.001744 0.149545 0.988740
1646305739.777421 8.957450 3.358570 0.075366 -0.005404 0.002288 0.150452 0.988600
1646305739.802420 8.958707 3.356656 0.076393 -0.005017 0.001929 0.149960 0.988678
1646305739.827419 8.958205 3.356107 0.076770 -0.005048 0.001729 0.149519 0.988744
1646305739.827419 8.958205 3.356107 0.076770 -0.005048 0.001729 0.149519 0.988744
1646305739.877417 8.957514 3.356791 0.075581 -0.005412 0.002290 0.150413 0.988606
1646305739.902416 8.956900 3.355183 0.076382 -0.005056 0.001890 0.149945 0.988680
1646305739.927415 8.956304 3.355369 0.076729 -0.005062 0.001771 0.149585 0.988734
1646305739.927415 8.956304 3.355369 0.076729 -0.005062 0.001771 0.149585 0.988734
1646305739.977413 8.957130 3.356552 0.075569 -0.005151 0.002346 0.150307 0.988623
1646305740.002412 8.956929 3.355284 0.076387 -0.004651 0.002062 0.149943 0.988681
1646305740.027411 8.956373 3.355669 0.076912 -0.004977 0.001776 0.149483 0.988750
1646305740.027411 8.956373 3.355669 0.076912 -0.004977 0.001776 0.149483 0.988750
1646305740.077410 8.956835 3.357189 0.075564 -0.005338 0.002458 0.150338 0.988617
1646305740.102408 8.956037 3.356463 0.076421 -0.004697 0.002057 0.149991 0.988674
1646305740.127407 8.955630 3.356384 0.076936 -0.004977 0.001816 0.149525 0.988744
1646305740.127407 8.955630 3.356384 0.076936 -0.004977 0.001816 0.149525 0.988744
1646305740.202404 8.953612 3.359460 0.075827 -0.004990 0.002419 0.150228 0.988636
1646305740.227403 8.953173 3.358820 0.076088 -0.005019 0.001814 0.149621 0.988729
1646305740.227403 8.953173 3.358820 0.076088 -0.005019 0.001814 0.149621 0.988729
1646305740.277401 8.954655 3.358159 0.074924 -0.005362 0.002479 0.150349 0.988615
1646305740.302401 8.956281 3.360983 0.075922 -0.004673 0.002110 0.150109 0.988656
1646305740.327399 8.956430 3.359548 0.076495 -0.005004 0.001800 0.149525 0.988744
1646305740.327399 8.956430 3.359548 0.076495 -0.005004 0.001800 0.149525 0.988744
1646305740.377398 8.956994 3.357780 0.074971 -0.005402 0.002501 0.150382 0.988610
1646305740.402396 8.956975 3.358342 0.075866 -0.004723 0.002104 0.150092 0.988658
1646305740.427396 8.956664 3.357291 0.076473 -0.005002 0.001815 0.149503 0.988747
1646305740.427396 8.956664 3.357291 0.076473 -0.005002 0.001815 0.149503 0.988747
1646305740.477394 8.954503 3.356018 0.075676 -0.005401 0.002460 0.150325 0.988619
1646305740.502393 8.953861 3.356207 0.076620 -0.004758 0.002031 0.150010 0.988671
1646305740.527392 8.953517 3.356088 0.077234 -0.004981 0.001822 0.149580 0.988735
1646305740.527392 8.953517 3.356088 0.077234 -0.004981 0.001822 0.149580 0.988735
1646305740.577390 8.952618 3.354865 0.075943 -0.005395 0.002458 0.150255 0.988629
1646305740.602389 8.951465 3.354004 0.076701 -0.004806 0.001988 0.150025 0.988669
1646305740.627388 8.951481 3.355027 0.077272 -0.004965 0.001805 0.149654 0.988724
1646305740.627388 8.951481 3.355027 0.077272 -0.004965 0.001805 0.149654 0.988724
1646305740.677386 8.951661 3.356361 0.075990 -0.005443 0.002419 0.150300 0.988622
1646305740.702385 8.950428 3.354464 0.076695 -0.004950 0.001907 0.150047 0.988665
1646305740.727384 8.950973 3.355358 0.077128 -0.004983 0.001804 0.149685 0.988719
1646305740.727384 8.950973 3.355358 0.077128 -0.004983 0.001804 0.149685 0.988719
1646305740.777382 8.952161 3.355938 0.075907 -0.005411 0.002433 0.150308 0.988621
1646305740.802381 8.952848 3.354572 0.076971 -0.004938 0.001916 0.150076 0.988660
1646305740.827380 8.953588 3.355476 0.077403 -0.004979 0.001812 0.149610 0.988731
1646305740.827380 8.953588 3.355476 0.077403 -0.004979 0.001812 0.149610 0.988731
1646305740.877378 8.953565 3.356597 0.076104 -0.005423 0.002416 0.150357 0.988614
1646305740.902377 8.954872 3.356416 0.077326 -0.004879 0.001961 0.150089 0.988658
1646305740.927376 8.955241 3.356523 0.077814 -0.004956 0.001810 0.149543 0.988741
1646305740.927376 8.955241 3.356523 0.077814 -0.004956 0.001810 0.149543 0.988741
1646305740.977374 8.953896 3.357147 0.076242 -0.005374 0.002422 0.150302 0.988623
1646305741.002373 8.954898 3.356726 0.077900 -0.004731 0.002007 0.150128 0.988653
1646305741.027372 8.954813 3.356517 0.078293 -0.004945 0.001811 0.149579 0.988736
1646305741.027372 8.954813 3.356517 0.078293 -0.004945 0.001811 0.149579 0.988736
1646305741.077370 8.953790 3.356940 0.076208 -0.005617 0.002395 0.150388 0.988608
1646305741.102369 8.954450 3.356009 0.077521 -0.005177 0.001808 0.150125 0.988652
1646305741.127368 8.954482 3.356327 0.077719 -0.005008 0.001707 0.149635 0.988727
1646305741.127368 8.954482 3.356327 0.077719 -0.005008 0.001707 0.149635 0.988727
1646305741.177366 8.984392 3.444936 -0.090324 -0.145858 -0.120270 0.217117 0.957664
1646305741.202365 2667.794588 8731.961527 -5632.357254 0.556486 0.563909 -0.241599 0.560321
1646305741.227364 3637.372659 11335.238144 -7058.118607 -0.425995 -0.379236 0.400346 0.717239
1646305741.227364 3637.372659 11335.238144 -7058.118607 -0.425995 -0.379236 0.400346 0.717239
1646305741.277362 6091.751515 18226.411508 -11055.253090 -0.360857 -0.312677 0.374339 0.794913
1646305741.302361 7550.318848 22216.761535 -13511.088734 0.490168 0.505592 -0.176306 0.687770
1646305741.327360 9159.465267 26679.402567 -16276.298010 -0.529545 -0.487352 0.432222 0.543373
1646305741.327360 9159.465267 26679.402567 -16276.298010 -0.529545 -0.487352 0.432222 0.543373
1646305741.377358 13015.453624 37347.447059 -22968.328151 -0.559116 -0.519056 0.437920 0.475601
1646305741.402357 15123.920847 43209.079962 -26720.359281 0.259220 0.292841 0.011358 0.920283
1646305741.427356 17376.361333 49528.994291 -30813.797105 -0.644108 -0.616356 0.428921 0.145795
1646305741.427356 17376.361333 49528.994291 -30813.797105 -0.644108 -0.616356 0.428921 0.145795
1646305741.477354 22562.818632 63945.644252 -40229.151911 0.564686 0.570947 -0.250380 0.540795
1646305741.502353 25345.216974 71655.626249 -45278.538936 -0.445508 -0.399357 0.407388 0.689980
1646305741.527352 28309.981605 79813.712686 -50641.216557 0.412336 0.435126 -0.107996 0.793083
1646305741.527352 28309.981605 79813.712686 -50641.216557 0.412336 0.435126 -0.107996 0.793083
1646305741.577350 34828.712771 98056.132573 -62539.696695 -0.391976 -0.344367 0.387206 0.760157
1646305741.602349 38220.230883 107694.698260 -68813.688432 0.464080 0.482163 -0.152629 0.727223
1646305741.627348 41706.649135 117836.116906 -75410.153746 -0.551110 -0.510419 0.436596 0.495111
1646305741.627348 41706.649135 117836.116906 -75410.153746 -0.551110 -0.510419 0.436596 0.495111
1646305741.677346 49235.994093 139953.799079 -89981.451775 0.156124 0.195148 0.083958 0.964621
1646305741.702345 53152.459441 151446.985914 -97696.994337 -0.653776 -0.630274 0.416192 0.045991
1646305741.727345 57250.020627 163390.962816 -105723.216082 -0.076147 -0.029282 0.229729 0.969829
1646305741.727345 57250.020627 163390.962816 -105723.216082 -0.076147 -0.029282 0.229729 0.969829
1646305741.777342 66013.046221 189126.900026 -123043.185523 0.368825 0.395104 -0.072388 0.838225
1646305741.802341 70459.057811 202530.196883 -132089.108012 -0.608245 -0.573364 0.440669 0.327265
1646305741.852340 79759.731976 230712.593929 -151230.141370 -0.656363 -0.635635 0.406057 -0.016516
1646305741.877338 84600.077055 245508.636947 -161312.874258 -0.076057 -0.029195 0.229678 0.969851
1646305741.902338 89565.499891 260767.276440 -171752.102727 0.622062 0.618091 -0.320463 0.358198
1646305741.927337 94673.120103 276487.939148 -182528.224040 -0.335394 -0.286876 0.363277 0.820514
1646305741.927337 94673.120103 276487.939148 -182528.224040 -0.335394 -0.286876 0.363277 0.820514
1646305741.977334 105342.593184 309605.147821 -205380.362692 -0.573257 -0.534428 0.439779 0.438586
1646305742.002334 110831.342364 326709.557836 -217247.507176 0.193758 0.230960 0.058070 0.951705
1646305742.027333 116445.333062 344272.653830 -229476.841882 -0.648966 -0.622954 0.424145 0.104269
1646305742.027333 116445.333062 344272.653830 -229476.841882 -0.648966 -0.622954 0.424145 0.104269
1646305742.077331 128271.578014 380897.357966 -255049.999917 0.305750 0.336480 -0.023270 0.890369
1646305742.102330 134422.128596 399779.771138 -268288.344569 -0.632107 -0.601281 0.435678 0.221554
1646305742.127329 140733.878450 419105.586088 -281872.779711 0.083870 0.125947 0.131825 0.979656
1646305742.127329 140733.878450 419105.586088 -281872.779711 0.083870 0.125947 0.131825 0.979656
1646305742.177327 153778.322823 459194.348034 -310065.340459 -0.651295 -0.637803 0.373861 -0.171027
1646305742.202326 160459.806343 479986.075327 -324592.339672 -0.217696 -0.168891 0.306909 0.910984
1646305742.227325 167283.667771 501237.130760 -339460.096785 0.581187 0.584942 -0.268739 0.497839
1646305742.227325 167283.667771 501237.130760 -339460.096785 0.581187 0.584942 -0.268739 0.497839
1646305742.277323 182081.038412 547217.795900 -371650.540836 -0.654897 -0.632277 0.413115 0.025902
1646305742.302322 189453.178937 569870.748423 -387480.894566 -0.089458 -0.042316 0.237376 0.966364
1646305742.327321 196974.874491 592968.551322 -403668.479728 -0.630557 -0.624485 0.333241 -0.318382
1646305742.327321 196974.874491 592968.551322 -403668.479728 -0.630557 -0.624485 0.333241 -0.318382
1646305742.377319 213206.542776 642630.024562 -438436.192345 0.610737 0.609215 -0.304866 0.403626
1646305742.402318 221299.178298 667117.179789 -455570.390220 -0.327689 -0.279090 0.359842 0.827794
1646305742.427317 229573.351721 692030.565304 -473057.496910 0.488259 0.503886 -0.174542 0.690823
1646305742.427317 229573.351721 692030.565304 -473057.496910 0.488259 0.503886 -0.174542 0.690823
1646305742.477315 247277.613315 745290.574295 -510392.417875 0.144381 0.183940 0.091899 0.967923
1646305742.502314 256061.965759 771624.341861 -528833.303216 -0.654795 -0.632084 0.413439 0.027962
1646305742.527313 265036.748496 798406.807718 -547577.864052 -0.088102 -0.040987 0.236600 0.966736
1646305742.527313 265036.748496 798406.807718 -547577.864052 -0.088102 -0.040987 0.236600 0.966736
1646305742.577311 284060.264151 855337.083046 -587431.618522 -0.628068 -0.596420 0.437083 0.242429
1646305742.602310 293444.819005 883585.243279 -607160.634212 0.056533 0.099618 0.149331 0.982131
1646305742.627309 302964.380166 912307.039061 -627214.204248 -0.655477 -0.638827 0.388876 -0.105000
1646305742.627309 302964.380166 912307.039061 -627214.204248 -0.655477 -0.638827 0.388876 -0.105000
1646305742.677307 323201.599042 972971.900665 -669498.269385 -0.260256 -0.211333 0.328202 0.883113
1646305742.702306 333318.676392 1003024.772197 -690536.819627 0.558509 0.565650 -0.243747 0.555604
1646305742.752304 353995.095735 1064490.250496 -733652.332348 0.402980 0.426553 -0.100205 0.803504
1646305742.777303 364553.890020 1095899.525600 -755735.717914 -0.591079 -0.554064 0.441037 0.386166
1646305742.802302 375288.790886 1127751.891849 -778147.796589 0.196857 0.233901 0.055909 0.950480
1646305742.827301 386155.513128 1160051.708759 -800934.147287 -0.648462 -0.622246 0.424740 0.109102
1646305742.827301 386155.513128 1160051.708759 -800934.147287 -0.648462 -0.622246 0.424740 0.109102
1646305742.877299 408885.529912 1227535.708933 -848660.086109 -0.642587 -0.614370 0.430085 0.157031
1646305742.902298 420225.706561 1261185.971909 -872524.714099 -0.001688 0.043282 0.185540 0.981681
1646305742.927297 431672.852044 1295284.078291 -896791.363689 -0.649402 -0.636896 0.368887 -0.191213
1646305742.927297 431672.852044 1295284.078291 -896791.363689 -0.649402 -0.636896 0.368887 -0.191213
1646305742.977295 455429.264019 1366235.042829 -947315.137317 0.507828 0.521318 -0.192885 0.658129
1646305743.002294 467292.255134 1401725.144739 -972646.075000 -0.513023 -0.469841 0.428205 0.576799
1646305743.027293 479307.608800 1437650.903360 -998346.450370 0.330741 0.359785 -0.042410 0.871417
1646305743.027293 479307.608800 1437650.903360 -998346.450370 0.330741 0.359785 -0.042410 0.871417
1646305743.077284 504036.573896 1512071.786499 -1051590.237528 -0.651206 -0.637763 0.373612 -0.172056
1646305743.102283 516412.901236 1549456.256608 -1078292.820487 -0.178479 -0.129981 0.286468 0.932302
1646305743.127282 528936.017127 1587309.371459 -1105316.449581 0.580857 0.584665 -0.268362 0.498752
1646305743.127282 528936.017127 1587309.371459 -1105316.449581 0.580857 0.584665 -0.268362 0.498752
1646305743.177280 554745.832812 1665353.501643 -1160854.594632 -0.576794 -0.538298 0.440135 0.428749
1646305743.202279 567759.518548 1704628.501518 -1188780.233505 0.226458 0.261939 0.035014 0.937485
1646305743.227278 580916.367645 1744348.406491 -1217071.153434 -0.642802 -0.614649 0.429927 0.155481
1646305743.227278 580916.367645 1744348.406491 -1217071.153434 -0.642802 -0.614649 0.429927 0.155481
1646305743.277276 607908.884469 1825711.035335 -1275166.632081 -0.516313 -0.473319 0.429046 0.570359
1646305743.302275 621530.426777 1866766.889825 -1304529.168723 0.326146 0.355508 -0.038861 0.875061
1646305743.327274 635253.262594 1908304.251502 -1334243.210059 -0.611389 -0.576953 0.440375 0.315274
1646305743.327274 635253.262594 1908304.251502 -1334243.210059 -0.611389 -0.576953 0.440375 0.315274
1646305743.377272 663190.401607 1993082.715702 -1394907.709100 -0.645707 -0.618477 0.427554 0.133215
1646305743.402271 677323.645165 2036018.840100 -1425638.707850 0.024083 0.068262 0.169692 0.982835
1646305743.427270 691569.925118 2079425.245838 -1456726.733046 -0.652722 -0.638370 0.378093 -0.153242
1646305743.427270 691569.925118 2079425.245838 -1456726.733046 -0.652722 -0.638370 0.378093 -0.153242
1646305743.477268 721922.966049 2172108.062631 -1523011.338952 0.285403 0.317435 -0.007972 0.904277
1646305743.502267 736566.002305 2216987.321938 -1555124.714663 -0.626675 -0.594759 0.437500 0.249267
1646305743.527266 751362.209931 2262313.103780 -1587589.996381 0.061228 0.104146 0.146348 0.981828
1646305743.527266 751362.209931 2262313.103780 -1587589.996381 0.061228 0.104146 0.146348 0.981828
1646305743.577264 782647.936289 2358614.231588 -1656692.195082 -0.644478 -0.616843 0.428620 0.142963
1646305743.602263 797847.489350 2405372.640047 -1690232.961865 0.030628 0.074596 0.165622 0.982887
1646305743.627262 813191.898486 2452592.655178 -1724109.457492 -0.647922 -0.636103 0.365341 -0.205175
1646305743.627262 813191.898486 2452592.655178 -1724109.457492 -0.647922 -0.636103 0.365341 -0.205175
1646305743.677260 845773.564640 2552407.852609 -1795680.986412 -0.489853 -0.445479 0.421774 0.619435
1646305743.702259 861672.992391 2601001.841386 -1830544.913795 0.361253 0.388103 -0.066346 0.845264
1646305743.727258 877667.789232 2650078.917114 -1865764.610475 -0.595160 -0.558613 0.441114 0.373034
1646305743.727258 877667.789232 2650078.917114 -1865764.610475 -0.595160 -0.558613 0.441114 0.373034
1646305743.777256 911288.966919 2753406.444458 -1940000.492127 -0.455138 -0.409325 0.410714 0.675734
1646305743.802255 927727.052699 2803882.379029 -1976288.846634 0.368064 0.394401 -0.071779 0.838942
1646305743.827254 944276.289925 2854848.962877 -2012899.932526 -0.591655 -0.554705 0.441054 0.384341
1646305743.827254 944276.289925 2854848.962877 -2012899.932526 -0.591655 -0.554705 0.441054 0.384341
1646305743.877252 978977.495629 2961726.597714 -2089584.539148 -0.647557 -0.620990 0.425739 0.117418
1646305743.902251 995986.292047 3014136.217039 -2127157.160722 0.013420 0.057935 0.176284 0.982541
1646305743.927249 1013149.840164 3067009.884363 -2165048.338219 -0.651469 -0.637878 0.374351 -0.168998
1646305743.927249 1013149.840164 3067009.884363 -2165048.338219 -0.651469 -0.637878 0.374351 -0.168998
1646305743.977247 1048985.538322 3177432.517376 -2243941.124140 0.503980 0.517901 -0.189231 0.664811
1646305744.002246 1066601.888881 3231792.666313 -2282715.837788 -0.489926 -0.445555 0.421795 0.619308
1646305744.027246 1084374.238647 3286607.401782 -2321825.451296 0.325505 0.354911 -0.038367 0.875564
1646305744.027246 1084374.238647 3286607.401782 -2321825.451296 0.325505 0.354911 -0.038367 0.875564
1646305744.077243 1121172.243363 3400617.182126 -2403111.058695 -0.574417 -0.535696 0.439901 0.435387
1646305744.102242 1139300.110739 3456895.998665 -2443246.625135 0.231076 0.266303 0.031713 0.935244
1646305744.127241 1157558.608407 3513633.813122 -2483737.933851 -0.641779 -0.613327 0.430655 0.162748
1646305744.127241 1157558.608407 3513633.813122 -2483737.933851 -0.641779 -0.613327 0.430655 0.162748
1646305744.177239 1195389.028190 3630983.746171 -2567567.500028 -0.044596 0.001537 0.211297 0.976403
1646305744.202238 1214186.699781 3689051.903940 -2609090.011084 -0.641649 -0.632261 0.352288 -0.253824
1646305744.227237 1233156.050182 3747587.101145 -2650905.936384 -0.231641 -0.182771 0.313991 0.902412
1646305744.227237 1233156.050182 3747587.101145 -2650905.936384 -0.231641 -0.182771 0.313991 0.902412
1646305744.277235 1272224.977995 3868206.330556 -2737060.037324 0.259137 0.292763 0.011419 0.920330
1646305744.302234 1291572.628387 3928169.158294 -2779920.378611 -0.644131 -0.616385 0.428903 0.145624
1646305744.327233 1311082.703434 3988577.492002 -2823120.624036 0.032426 0.076334 0.164501 0.982884
1646305744.327233 1311082.703434 3988577.492002 -2823120.624036 0.032426 0.076334 0.164501 0.982884
1646305744.377231 1351063.101168 4112529.549395 -2911774.678628 0.107711 0.148844 0.116290 0.976074
1646305744.402230 1370927.098194 4174389.853774 -2955994.185076 -0.656549 -0.636340 0.404020 -0.027978
1646305744.452228 1411023.499307 4299576.474830 -3045376.151441 0.619557 0.616156 -0.316891 0.368892
1646305744.477227 1431224.074926 4362919.076533 -3090546.377628 -0.305590 -0.256811 0.349776 0.847537
1646305744.502226 1451547.822820 4426733.297595 -3136059.358014 0.530484 0.541302 -0.214937 0.615940
1646305744.527225 1471986.071504 4491032.850263 -3181903.385629 -0.489099 -0.444689 0.421551 0.620748
1646305744.527225 1471986.071504 4491032.850263 -3181903.385629 -0.489099 -0.444689 0.421551 0.620748
1646305744.577223 1513539.618252 4621809.700905 -3275215.188045 0.570061 0.575532 -0.256252 0.527379
1646305744.602222 1534401.678744 4687483.365759 -3322108.134346 -0.405540 -0.358240 0.392569 0.743701
1646305744.627221 1555431.453098 4753596.506085 -3369346.761323 0.451847 0.471106 -0.141820 0.744165
1646305744.627221 1555431.453098 4753596.506085 -3369346.761323 0.451847 0.471106 -0.141820 0.744165
1646305744.677219 1597968.209688 4887538.029271 -3465055.820370 -0.613340 -0.579192 0.440150 0.307601
1646305744.702218 1619431.620083 4955081.203056 -3513226.675788 0.142661 0.182297 0.093057 0.968378
1646305744.727217 1641041.869150 5023093.833558 -3561716.088245 -0.654926 -0.632331 0.413024 0.025319
1646305744.727217 1641041.869150 5023093.833558 -3561716.088245 -0.654926 -0.632331 0.413024 0.025319
1646305744.777215 1686870.811792 5167177.844464 -3664453.609608 -0.578603 -0.540284 0.440298 0.423614
1646305744.802214 1709034.242010 5236547.345476 -3713982.526578 0.183101 0.220835 0.065470 0.955730
1646305744.827213 1731324.288609 5306355.431630 -3763905.306276 -0.650569 -0.625263 0.422034 0.087712
1646305744.827213 1731324.288609 5306355.431630 -3763905.306276 -0.650569 -0.625263 0.422034 0.087712
1646305744.877211 1778460.297428 5453603.806567 -3869245.802851 -0.648448 -0.636391 0.366572 -0.200366
1646305744.902210 1801304.997558 5524769.231149 -3920193.399561 -0.196952 -0.148286 0.296191 0.922763
1646305744.952208 1847487.465181 5668401.823662 -4023168.272302 -0.403068 -0.355709 0.391603 0.746763
1646305744.977206 1870861.104633 5740864.805409 -4075158.506371 0.454120 0.473163 -0.143815 0.741087
1646305745.002205 1894385.101486 5813781.482082 -4127490.356218 -0.535439 -0.493630 0.433524 0.530747
1646305745.027205 1918066.539417 5887145.637013 -4180168.177452 0.260179 0.293744 0.010656 0.919732
1646305745.027205 1918066.539417 5887145.637013 -4180168.177452 0.260179 0.293744 0.010656 0.919732
1646305745.077202 1967585.050399 6040710.302663 -4290470.656238 -0.609334 -0.574605 0.440577 0.323162
1646305745.102201 1991705.420543 6115530.847009 -4344116.324457 0.153355 0.192507 0.085836 0.965430
1646305745.127200 2015979.690740 6190816.133432 -4398080.355416 -0.654037 -0.630721 0.415554 0.041731
1646305745.127200 2015979.690740 6190816.133432 -4398080.355416 -0.654037 -0.630721 0.415554 0.041731
1646305745.177198 2066691.208078 6347703.057334 -4510532.841075 -0.397655 -0.350170 0.389470 0.753369
1646305745.202197 2091539.563923 6424306.174265 -4565538.194238 0.428199 0.449617 -0.121388 0.774439
1646305745.227196 2116504.919137 6501373.560349 -4620904.217004 -0.554937 -0.514542 0.437251 0.485905
1646305745.227196 2116504.919137 6501373.560349 -4620904.217004 -0.554937 -0.514542 0.437251 0.485905
1646305745.277194 2168313.872939 6661354.318662 -4735904.934883 -0.453850 -0.407990 0.410275 0.677671
1646305745.302193 2193667.884075 6739812.913181 -4792394.194172 0.368143 0.394474 -0.071843 0.838868
1646305745.327192 2219119.019801 6818752.027992 -4849239.472229 -0.593971 -0.557286 0.441100 0.376912
1646305745.327192 2219119.019801 6818752.027992 -4849239.472229 -0.593971 -0.557286 0.441100 0.376912
1646305745.377190 2271727.964065 6981954.141424 -4966816.733663 -0.656507 -0.636158 0.404578 -0.024863
1646305745.402189 2297610.766492 7062289.763471 -5024712.929144 -0.083780 -0.036754 0.234123 0.967893
1646305745.427188 2323612.706272 7143087.765171 -5082972.588508 -0.632087 -0.625604 0.335675 -0.310497
1646305745.427188 2323612.706272 7143087.765171 -5082972.588508 -0.632087 -0.625604 0.335675 -0.310497
1646305745.477186 2377153.425282 7309473.283321 -5202936.383383 0.074788 0.117210 0.137677 0.980670
1646305745.502185 2403619.894583 7391631.614499 -5262260.371303 -0.656351 -0.638360 0.394803 -0.076355
1646305745.527184 2430251.204987 7474233.553960 -5321926.295609 -0.115703 -0.068070 0.252223 0.958313
1646305745.552183 2457028.928456 7557275.597188 -5381964.204332 0.607748 0.606821 -0.300951 0.414535
1646305745.577182 2483952.164459 7640775.146338 -5442340.635201 -0.335824 -0.287309 0.363467 0.820102
1646305745.602181 2511052.530553 7724701.598413 -5503073.342544 0.508216 0.521662 -0.193255 0.657448
1646305745.627180 2538296.096160 7809079.811098 -5564159.456075 -0.486844 -0.442330 0.420878 0.624651
1646305745.652179 2565696.478201 7893900.856301 -5625600.616334 0.328062 0.357292 -0.040339 0.873551
1646305745.677178 2593219.472623 7979181.046434 -5687404.446184 -0.610879 -0.576369 0.440428 0.317251
1646305745.702177 2620909.626823 8064903.700510 -5749551.775282 0.108609 0.149705 0.115699 0.975913
1646305745.727176 2648731.353637 8151069.226322 -5812079.266606 -0.656488 -0.636078 0.404813 -0.023547
1646305745.752175 2676692.303667 8237697.258729 -5874946.301415 -0.077227 -0.030338 0.230352 0.969564
1646305745.777174 2704795.270108 8324765.072929 -5938188.814671 -0.635031 -0.627722 0.340510 -0.294540
1646305745.802173 2733033.946997 8412293.620501 -6001780.448391 -0.291570 -0.242714 0.343232 0.859225
1646305745.852170 2789899.723320 8588721.938318 -6130040.274930 -0.442370 -0.396114 0.406281 0.694505
1646305745.877169 2818537.318467 8677623.031939 -6194696.156472 0.419118 0.441328 -0.113692 0.785267
1646305745.902169 2847292.242595 8766992.387497 -6259709.905706 -0.579470 -0.541234 0.440371 0.421134
1646305745.927167 2876182.693941 8856820.990944 -6325070.776734 0.226061 0.261564 0.035297 0.937675
1646305745.952166 2905185.641246 8947123.584035 -6390782.908876 -0.641746 -0.613283 0.430677 0.162983
1646305745.977165 2934341.851455 9037879.448696 -6456836.416200 0.008031 0.052711 0.179597 0.982294
1646305746.002164 2963614.961659 9129096.257453 -6523256.063064 -0.651527 -0.637903 0.374511 -0.168329
1646305746.052162 3022550.349517 9312947.946664 -6657097.371966 0.587292 0.590052 -0.275806 0.480477
1646305746.077161 3052237.991390 9405588.208787 -6724477.325132 -0.371487 -0.323480 0.378817 0.783489
1646305746.102160 3082067.128522 9498695.920020 -6792185.606541 0.485371 0.501301 -0.171883 0.695391
1646305746.127159 3111984.157028 9592315.076540 -6860209.523291 -0.504701 -0.461066 0.425993 0.592642
1646305746.152158 3142048.276151 9686409.852095 -6928543.606029 0.310863 0.341256 -0.027153 0.886663
1646305746.152158 3142048.276151 9686409.852095 -6928543.606029 0.310863 0.341256 -0.027153 0.886663
1646305746.202156 3205177.203446 9884100.867442 -7071955.056549 0.552172 0.560187 -0.237056 0.570176
1646305746.227155 3235720.523193 9979679.482844 -7141176.411380 -0.426745 -0.380006 0.400623 0.716230
1646305746.252154 3266464.625210 10075691.398713 -7210715.080181 0.436951 0.457587 -0.128882 0.763595
1646305746.252154 3266464.625210 10075691.398713 -7210715.080181 0.436951 0.457587 -0.128882 0.763595
1646305746.302152 3330800.461191 10276547.911814 -7356151.883649 0.395609 0.419787 -0.094121 0.811426
1646305746.327151 3362035.666757 10373965.452443 -7426693.680515 -0.592483 -0.555625 0.441072 0.381708
