# time(s), pre_rot_eig1, pre_rot_eig2, pre_rot_eig3, pre_trans_eig1, pre_trans_eig2, pre_trans_eig3, post_rot_eig1, post_rot_eig2, post_rot_eig3, post_trans_eig1, post_trans_eig2, post_trans_eig3, cam_used[0], cam_used[1], cam_used[2], cam_used[3], level0_avg_total_rows
1646305719.703227043, 0.000000656, 0.000005271, 0.000007696, 0.000010450, 0.000014328, 0.000030117, 0.000000656, 0.000005271, 0.000007696, 0.000010450, 0.000014328, 0.000030117, 1, 1, 1, 1, 0.000000000
1646305720.203207493, 0.000000188, 0.000000642, 0.000001341, 0.000004226, 0.000005110, 0.000009358, 0.000000188, 0.000000642, 0.000001341, 0.000004226, 0.000005110, 0.000009358, 1, 1, 1, 1, 0.000000000
1646305720.503195763, 0.000000095, 0.000000204, 0.000000605, 0.000002330, 0.000002748, 0.000004507, 0.000000095, 0.000000202, 0.000000602, 0.000002266, 0.000002692, 0.000004486, 1, 1, 1, 1, 1.000000000
1646305721.153173685, 0.000000061, 0.000000095, 0.000000309, 0.000001674, 0.000002075, 0.000003288, 0.000000058, 0.000000095, 0.000000305, 0.000001661, 0.000002073, 0.000003152, 1, 1, 1, 1, 1.000000000
1646305721.278168917, 0.000000045, 0.000000068, 0.000000233, 0.000001215, 0.000001534, 0.000002139, 0.000000037, 0.000000068, 0.000000229, 0.000001078, 0.000001507, 0.000001882, 1, 1, 1, 1, 5.000000000
1646305721.853147030, 0.000000032, 0.000000036, 0.000000126, 0.000001109, 0.000001393, 0.000002054, 0.000000032, 0.000000036, 0.000000125, 0.000001108, 0.000001392, 0.000002050, 1, 1, 1, 1, 1.000000000
1646305722.153135777, 0.000000028, 0.000000032, 0.000000121, 0.000001066, 0.000001321, 0.000002143, 0.000000028, 0.000000031, 0.000000120, 0.000001055, 0.000001318, 0.000002099, 1, 1, 1, 1, 6.000000000
1646305722.253132105, 0.000000024, 0.000000026, 0.000000099, 0.000000808, 0.000001015, 0.000001610, 0.000000023, 0.000000025, 0.000000094, 0.000000660, 0.000000867, 0.000001261, 0, 1, 1, 1, 10.000000000
1646305722.478123426, 0.000000016, 0.000000018, 0.000000073, 0.000000753, 0.000001065, 0.000001637, 0.000000015, 0.000000018, 0.000000066, 0.000000586, 0.000000742, 0.000001123, 0, 1, 1, 1, 19.000000000
1646305723.353090286, 0.000000011, 0.000000018, 0.000000054, 0.000000756, 0.000000977, 0.000001772, 0.000000011, 0.000000018, 0.000000054, 0.000000756, 0.000000977, 0.000001770, 1, 1, 1, 1, 2.000000000
1646305724.053060055, 0.000000009, 0.000000015, 0.000000046, 0.000000681, 0.000000852, 0.000001540, 0.000000009, 0.000000015, 0.000000046, 0.000000663, 0.000000832, 0.000001454, 1, 1, 1, 1, 13.000000000
1646305724.303050756, 0.000000022, 0.000000025, 0.000000034, 0.000000796, 0.000000873, 0.000002024, 0.000000018, 0.000000022, 0.000000031, 0.000000596, 0.000000685, 0.000001588, 1, 1, 1, 1, 24.000000000
1646305724.853029728, 0.000000006, 0.000000008, 0.000000013, 0.000000395, 0.000000444, 0.000001007, 0.000000006, 0.000000008, 0.000000013, 0.000000394, 0.000000435, 0.000000980, 1, 1, 1, 1, 19.000000000
1646305725.852991819, 0.000000002, 0.000000003, 0.000000004, 0.000000015, 0.000000059, 0.000000135, 0.000000002, 0.000000003, 0.000000004, 0.000000015, 0.000000059, 0.000000135, 1, 1, 1, 1, 18.000000000
1646305726.352972746, 0.000000002, 0.000000003, 0.000000003, 0.000000038, 0.000000056, 0.000000069, 0.000000002, 0.000000003, 0.000000003, 0.000000038, 0.000000056, 0.000000068, 1, 1, 1, 1, 20.000000000
1646305726.602963448, 0.000000005, 0.000000005, 0.000000013, 0.000000260, 0.000000344, 0.000000661, 0.000000004, 0.000000005, 0.000000013, 0.000000259, 0.000000341, 0.000000622, 1, 1, 1, 1, 36.000000000
1646305727.252938747, 0.000000002, 0.000000003, 0.000000004, 0.000000026, 0.000000057, 0.000000065, 0.000000002, 0.000000003, 0.000000004, 0.000000026, 0.000000057, 0.000000065, 1, 1, 1, 1, 32.000000000
1646305727.352934837, 0.000000020, 0.000000022, 0.000000028, 0.000000662, 0.000000793, 0.000001288, 0.000000019, 0.000000021, 0.000000028, 0.000000591, 0.000000743, 0.000000989, 0, 1, 1, 1, 56.000000000
1646305727.477930307, 0.000000011, 0.000000013, 0.000000029, 0.000000596, 0.000000720, 0.000001232, 0.000000011, 0.000000013, 0.000000029, 0.000000573, 0.000000652, 0.000000951, 0, 1, 1, 1, 71.000000000
1646305728.452884197, 0.000000003, 0.000000003, 0.000000005, 0.000000224, 0.000000303, 0.000000444, 0.000000003, 0.000000003, 0.000000005, 0.000000224, 0.000000303, 0.000000442, 1, 1, 1, 1, 28.000000000
1646305729.202854395, 0.000000001, 0.000000002, 0.000000002, 0.000000044, 0.000000060, 0.000000091, 0.000000001, 0.000000002, 0.000000002, 0.000000044, 0.000000060, 0.000000090, 1, 1, 1, 1, 95.000000000
1646305729.777831316, 0.000000002, 0.000000007, 0.000000011, 0.000000040, 0.000000073, 0.000000409, 0.000000002, 0.000000007, 0.000000011, 0.000000040, 0.000000073, 0.000000402, 1, 1, 1, 1, 86.000000000
1646305730.002822638, 0.000000010, 0.000000010, 0.000000012, 0.000000471, 0.000000707, 0.000001504, 0.000000010, 0.000000010, 0.000000012, 0.000000466, 0.000000675, 0.000001336, 1, 1, 1, 1, 86.000000000
1646305730.252812624, 0.000000003, 0.000000003, 0.000000004, 0.000000081, 0.000000122, 0.000000169, 0.000000003, 0.000000003, 0.000000004, 0.000000081, 0.000000122, 0.000000166, 1, 1, 1, 1, 74.000000000
1646305730.377807617, 0.000000006, 0.000000008, 0.000000015, 0.000000461, 0.000000514, 0.000000786, 0.000000006, 0.000000008, 0.000000015, 0.000000444, 0.000000507, 0.000000716, 1, 1, 1, 1, 85.000000000
1646305730.602798700, 0.000000006, 0.000000006, 0.000000009, 0.000000388, 0.000000416, 0.000000696, 0.000000006, 0.000000006, 0.000000009, 0.000000374, 0.000000407, 0.000000614, 1, 1, 1, 1, 80.000000000
1646305730.852788687, 0.000000005, 0.000000007, 0.000000008, 0.000000314, 0.000000368, 0.000000610, 0.000000005, 0.000000007, 0.000000008, 0.000000312, 0.000000360, 0.000000593, 1, 1, 1, 1, 67.000000000
1646305731.852749109, 0.000000001, 0.000000002, 0.000000002, 0.000000104, 0.000000131, 0.000000228, 0.000000001, 0.000000002, 0.000000002, 0.000000104, 0.000000131, 0.000000227, 1, 1, 1, 1, 19.000000000
1646305732.577716351, 0.000000001, 0.000000001, 0.000000002, 0.000000024, 0.000000026, 0.000000043, 0.000000001, 0.000000001, 0.000000002, 0.000000023, 0.000000026, 0.000000043, 1, 1, 1, 1, 35.000000000
1646305733.577676535, 0.000000001, 0.000000002, 0.000000005, 0.000000145, 0.000000237, 0.000000394, 0.000000001, 0.000000002, 0.000000005, 0.000000144, 0.000000204, 0.000000241, 1, 1, 1, 1, 6.000000000
1646305734.002659798, 0.000000005, 0.000000010, 0.000000019, 0.000000654, 0.000000989, 0.000001332, 0.000000005, 0.000000010, 0.000000019, 0.000000654, 0.000000989, 0.000001332, 1, 1, 1, 1, 1.000000000
1646305734.102655888, 0.000000013, 0.000000021, 0.000000045, 0.000001112, 0.000001358, 0.000001779, 0.000000013, 0.000000021, 0.000000044, 0.000001109, 0.000001321, 0.000001770, 0, 1, 1, 1, 4.000000000
1646305735.052618265, 0.000000003, 0.000000005, 0.000000010, 0.000000480, 0.000000563, 0.000000673, 0.000000003, 0.000000005, 0.000000010, 0.000000479, 0.000000563, 0.000000673, 1, 1, 1, 1, 4.000000000
1646305735.152614117, 0.000000006, 0.000000015, 0.000000018, 0.000000214, 0.000000805, 0.000001501, 0.000000006, 0.000000015, 0.000000018, 0.000000213, 0.000000747, 0.000001484, 0, 1, 1, 1, 6.000000000
1646305735.227611065, 0.000000006, 0.000000013, 0.000000017, 0.000000186, 0.000000658, 0.000001098, 0.000000006, 0.000000013, 0.000000017, 0.000000184, 0.000000603, 0.000001088, 0, 1, 1, 1, 11.000000000
1646305736.252562284, 0.000000001, 0.000000002, 0.000000002, 0.000000025, 0.000000112, 0.000000252, 0.000000001, 0.000000002, 0.000000002, 0.000000024, 0.000000107, 0.000000233, 1, 1, 1, 1, 16.000000000
1646305737.077529669, 0.000000001, 0.000000002, 0.000000004, 0.000000025, 0.000000146, 0.000000163, 0.000000001, 0.000000002, 0.000000004, 0.000000025, 0.000000141, 0.000000156, 1, 1, 1, 1, 18.000000000
1646305737.477514029, 0.000000003, 0.000000009, 0.000000012, 0.000000899, 0.000001436, 0.000006510, 0.000000002, 0.000000009, 0.000000011, 0.000000297, 0.000000664, 0.000001999, 1, 1, 1, 1, 14.000000000
1646305737.602509022, 0.000000003, 0.000000011, 0.000000014, 0.000000856, 0.000001266, 0.000003583, 0.000000003, 0.000000009, 0.000000013, 0.000000272, 0.000000332, 0.000001564, 1, 1, 1, 1, 36.000000000
1646305738.152487278, 0.000000002, 0.000000006, 0.000000008, 0.000000613, 0.000000908, 0.000003464, 0.000000002, 0.000000006, 0.000000008, 0.000000552, 0.000000755, 0.000002804, 1, 1, 1, 1, 35.000000000
1646305738.652467728, 0.000000001, 0.000000002, 0.000000003, 0.000000038, 0.000000129, 0.000000254, 0.000000001, 0.000000002, 0.000000003, 0.000000037, 0.000000121, 0.000000244, 1, 1, 1, 1, 47.000000000
1646305738.752463818, 0.000000003, 0.000000007, 0.000000010, 0.000000166, 0.000000462, 0.000000607, 0.000000003, 0.000000007, 0.000000010, 0.000000163, 0.000000428, 0.000000602, 0, 1, 1, 1, 44.000000000
1646305738.977454901, 0.000000001, 0.000000002, 0.000000004, 0.000000072, 0.000000212, 0.000000349, 0.000000001, 0.000000002, 0.000000004, 0.000000072, 0.000000207, 0.000000348, 0, 1, 1, 1, 40.000000000
1646305739.802420139, 0.000000001, 0.000000002, 0.000000005, 0.000000367, 0.000000400, 0.000001201, 0.000000001, 0.000000002, 0.000000005, 0.000000335, 0.000000369, 0.000001078, 1, 1, 1, 1, 64.000000000
1646305740.652386665, 0.000000001, 0.000000003, 0.000000005, 0.000000439, 0.000000521, 0.000001861, 0.000000001, 0.000000003, 0.000000005, 0.000000368, 0.000000479, 0.000001604, 1, 1, 1, 1, 66.000000000
1646305740.802380800, 0.000000001, 0.000000003, 0.000000004, 0.000000092, 0.000000262, 0.000000827, 0.000000001, 0.000000003, 0.000000004, 0.000000090, 0.000000252, 0.000000725, 1, 1, 1, 1, 69.000000000
1646305741.202365160, 0.000000001, 0.000000003, 0.000000006, 0.000000549, 0.000000617, 0.000003275, 0.000000001, 0.000000003, 0.000000005, 0.000000495, 0.000000575, 0.000002720, 1, 1, 1, 1, 36.000000000
1646305741.527352333, 0.000000001, 0.000000002, 0.000000004, 0.000000431, 0.000000482, 0.000002319, 0.000000001, 0.000000002, 0.000000004, 0.000000307, 0.000000410, 0.000001752, 1, 1, 1, 1, 66.000000000
1646305742.027332544, 0.000000000, 0.000000001, 0.000000001, 0.000000026, 0.000000075, 0.000000106, 0.000000000, 0.000000001, 0.000000001, 0.000000026, 0.000000073, 0.000000104, 1, 1, 1, 1, 84.000000000
1646305742.352319717, 0.000000000, 0.000000002, 0.000000002, 0.000000049, 0.000000149, 0.000000227, 0.000000000, 0.000000002, 0.000000002, 0.000000047, 0.000000137, 0.000000213, 1, 1, 1, 1, 97.000000000
1646305742.877299070, 0.000000000, 0.000000001, 0.000000001, 0.000000027, 0.000000081, 0.000000125, 0.000000000, 0.000000001, 0.000000001, 0.000000027, 0.000000077, 0.000000121, 1, 1, 1, 1, 97.000000000
1646305743.402271032, 0.000000001, 0.000000002, 0.000000003, 0.000000386, 0.000000473, 0.000004234, 0.000000001, 0.000000002, 0.000000003, 0.000000340, 0.000000437, 0.000003173, 1, 1, 1, 1, 77.000000000
1646305743.577263832, 0.000000001, 0.000000003, 0.000000005, 0.000000494, 0.000000622, 0.000004395, 0.000000001, 0.000000003, 0.000000005, 0.000000483, 0.000000594, 0.000004276, 0, 1, 1, 1, 57.000000000
1646305744.552223921, 0.000000000, 0.000000002, 0.000000002, 0.000000266, 0.000000373, 0.000002290, 0.000000000, 0.000000002, 0.000000002, 0.000000265, 0.000000370, 0.000002276, 0, 1, 1, 1, 57.000000000
1646305744.952207565, 0.000000000, 0.000000001, 0.000000001, 0.000000038, 0.000000108, 0.000000225, 0.000000000, 0.000000001, 0.000000001, 0.000000037, 0.000000105, 0.000000208, 1, 1, 1, 1, 89.000000000
1646305745.077202320, 0.000000001, 0.000000004, 0.000000005, 0.000000131, 0.000000391, 0.000000714, 0.000000001, 0.000000004, 0.000000005, 0.000000125, 0.000000364, 0.000000590, 1, 1, 1, 1, 96.000000000
1646305745.377190113, 0.000000001, 0.000000005, 0.000000008, 0.000000516, 0.000000791, 0.000003300, 0.000000001, 0.000000005, 0.000000007, 0.000000444, 0.000000669, 0.000001962, 1, 1, 1, 1, 79.000000000
1646305745.552182913, 0.000000004, 0.000000008, 0.000000015, 0.000000714, 0.000000791, 0.000001623, 0.000000004, 0.000000008, 0.000000014, 0.000000525, 0.000000565, 0.000001265, 1, 1, 1, 1, 112.000000000
1646305745.952166319, 0.000000001, 0.000000002, 0.000000004, 0.000000050, 0.000000152, 0.000000287, 0.000000001, 0.000000002, 0.000000004, 0.000000050, 0.000000151, 0.000000287, 1, 1, 1, 1, 37.000000000
1646305746.952125311, 0.000000000, 0.000000001, 0.000000001, 0.000000019, 0.000000049, 0.000000095, 0.000000000, 0.000000001, 0.000000001, 0.000000019, 0.000000049, 0.000000095, 1, 1, 1, 1, 51.000000000
1646305747.777094364, 0.000000001, 0.000000002, 0.000000002, 0.000000105, 0.000000197, 0.000000396, 0.000000001, 0.000000002, 0.000000002, 0.000000099, 0.000000194, 0.000000383, 1, 1, 1, 1, 81.000000000
1646305748.002085209, 0.000000003, 0.000000004, 0.000000005, 0.000000254, 0.000000330, 0.000000869, 0.000000003, 0.000000004, 0.000000005, 0.000000250, 0.000000324, 0.000000846, 1, 1, 1, 1, 80.000000000
1646305748.102081060, 0.000000003, 0.000000004, 0.000000005, 0.000000176, 0.000000189, 0.000000592, 0.000000003, 0.000000004, 0.000000005, 0.000000176, 0.000000187, 0.000000586, 0, 1, 1, 1, 67.000000000
1646305749.152037859, 0.000000000, 0.000000000, 0.000000001, 0.000000015, 0.000000017, 0.000000084, 0.000000000, 0.000000000, 0.000000001, 0.000000015, 0.000000017, 0.000000084, 1, 1, 1, 1, 42.000000000
1646305749.902007103, 0.000000001, 0.000000003, 0.000000005, 0.000000232, 0.000000242, 0.000000582, 0.000000001, 0.000000003, 0.000000005, 0.000000230, 0.000000237, 0.000000572, 1, 1, 1, 1, 65.000000000
1646305750.551980495, 0.000000001, 0.000000002, 0.000000003, 0.000000031, 0.000000082, 0.000000306, 0.000000001, 0.000000002, 0.000000003, 0.000000031, 0.000000081, 0.000000299, 1, 1, 1, 1, 68.000000000
1646305750.801970243, 0.000000005, 0.000000012, 0.000000026, 0.000000566, 0.000000835, 0.000002230, 0.000000005, 0.000000012, 0.000000026, 0.000000547, 0.000000829, 0.000002150, 1, 1, 1, 1, 93.000000000
1646305751.101965666, 0.000000002, 0.000000004, 0.000000006, 0.000000062, 0.000000104, 0.000000559, 0.000000002, 0.000000004, 0.000000006, 0.000000062, 0.000000104, 0.000000543, 1, 1, 1, 1, 77.000000000
1646305751.401954174, 0.000000002, 0.000000008, 0.000000009, 0.000000080, 0.000000121, 0.000000980, 0.000000002, 0.000000008, 0.000000009, 0.000000080, 0.000000120, 0.000000947, 1, 1, 1, 1, 100.000000000
1646305751.601946354, 0.000000003, 0.000000010, 0.000000012, 0.000000109, 0.000000184, 0.000001385, 0.000000003, 0.000000010, 0.000000011, 0.000000109, 0.000000177, 0.000001219, 1, 1, 1, 1, 135.000000000
1646305752.251920938, 0.000000001, 0.000000002, 0.000000003, 0.000000035, 0.000000048, 0.000000217, 0.000000001, 0.000000002, 0.000000003, 0.000000034, 0.000000047, 0.000000216, 1, 1, 1, 1, 29.000000000
1646305753.101887941, 0.000000002, 0.000000014, 0.000000015, 0.000000335, 0.000000659, 0.000001747, 0.000000002, 0.000000014, 0.000000015, 0.000000335, 0.000000653, 0.000001728, 1, 1, 1, 1, 69.000000000
1646305753.301880121, 0.000000004, 0.000000017, 0.000000027, 0.000000216, 0.000000263, 0.000001273, 0.000000004, 0.000000017, 0.000000026, 0.000000215, 0.000000262, 0.000001232, 1, 1, 1, 1, 78.000000000
1646305753.526871443, 0.000000003, 0.000000013, 0.000000024, 0.000000097, 0.000000118, 0.000000510, 0.000000003, 0.000000013, 0.000000024, 0.000000097, 0.000000118, 0.000000509, 1, 1, 1, 0, 27.000000000
1646305754.351839304, 0.000000005, 0.000000018, 0.000000023, 0.000000200, 0.000000940, 0.000001681, 0.000000005, 0.000000018, 0.000000023, 0.000000200, 0.000000934, 0.000001639, 1, 1, 1, 1, 30.000000000
1646305754.501833439, 0.000000040, 0.000000132, 0.000000457, 0.000000520, 0.000002353, 0.000008382, 0.000000039, 0.000000129, 0.000000321, 0.000000509, 0.000001966, 0.000005971, 1, 1, 1, 1, 101.000000000
1646305754.676826715, 0.000000005, 0.000000010, 0.000000059, 0.000000023, 0.000000148, 0.000003555, 0.000000005, 0.000000010, 0.000000056, 0.000000023, 0.000000144, 0.000002446, 1, 1, 1, 1, 187.000000000
1646305755.251804352, 0.000000004, 0.000000016, 0.000000041, 0.000000131, 0.000000761, 0.000004144, 0.000000004, 0.000000016, 0.000000036, 0.000000130, 0.000000698, 0.000002763, 1, 1, 1, 1, 221.000000000
1646305755.451796532, 0.000000004, 0.000000017, 0.000000023, 0.000000186, 0.000000736, 0.000002112, 0.000000004, 0.000000017, 0.000000023, 0.000000185, 0.000000701, 0.000001853, 1, 1, 1, 1, 218.000000000
1646305755.751784801, 0.000000003, 0.000000009, 0.000000017, 0.000000157, 0.000000580, 0.000001109, 0.000000003, 0.000000009, 0.000000017, 0.000000155, 0.000000546, 0.000000953, 1, 1, 1, 1, 190.000000000
1646305755.951777220, 0.000000003, 0.000000011, 0.000000023, 0.000000204, 0.000000609, 0.000001018, 0.000000003, 0.000000011, 0.000000023, 0.000000201, 0.000000576, 0.000000976, 1, 1, 1, 1, 186.000000000
1646305756.101769209, 0.000000005, 0.000000013, 0.000000034, 0.000000262, 0.000000587, 0.000000870, 0.000000005, 0.000000012, 0.000000034, 0.000000259, 0.000000551, 0.000000825, 1, 1, 1, 1, 183.000000000
1646305756.451755524, 0.000000001, 0.000000002, 0.000000005, 0.000000027, 0.000000027, 0.000000179, 0.000000001, 0.000000002, 0.000000005, 0.000000027, 0.000000027, 0.000000175, 1, 1, 1, 1, 168.000000000
1646305756.776742935, 0.000000002, 0.000000006, 0.000000022, 0.000000165, 0.000000405, 0.000000494, 0.000000002, 0.000000006, 0.000000022, 0.000000164, 0.000000394, 0.000000488, 1, 1, 1, 1, 124.000000000
1646305756.876739025, 0.000000007, 0.000000013, 0.000000065, 0.000000380, 0.000000536, 0.000000744, 0.000000007, 0.000000012, 0.000000065, 0.000000375, 0.000000523, 0.000000732, 1, 1, 1, 1, 147.000000000
1646305757.251724482, 0.000000002, 0.000000005, 0.000000027, 0.000000224, 0.000000433, 0.000000487, 0.000000002, 0.000000005, 0.000000026, 0.000000219, 0.000000416, 0.000000481, 1, 1, 1, 1, 126.000000000
1646305757.401718616, 0.000000006, 0.000000012, 0.000000082, 0.000000570, 0.000000618, 0.000000855, 0.000000006, 0.000000012, 0.000000080, 0.000000553, 0.000000593, 0.000000831, 1, 1, 1, 1, 119.000000000
1646305757.901699066, 0.000000001, 0.000000002, 0.000000011, 0.000000022, 0.000000082, 0.000000195, 0.000000001, 0.000000002, 0.000000011, 0.000000022, 0.000000082, 0.000000195, 1, 1, 1, 1, 90.000000000
1646305758.851662159, 0.000000001, 0.000000003, 0.000000005, 0.000000019, 0.000000052, 0.000000174, 0.000000001, 0.000000003, 0.000000005, 0.000000019, 0.000000052, 0.000000174, 1, 1, 1, 1, 70.000000000
1646305759.051654339, 0.000000032, 0.000000111, 0.000000149, 0.000001021, 0.000001810, 0.000004699, 0.000000032, 0.000000103, 0.000000136, 0.000000950, 0.000001532, 0.000004301, 1, 1, 1, 0, 114.000000000
1646305759.901621103, 0.000000019, 0.000000093, 0.000000327, 0.000000469, 0.000001185, 0.000004339, 0.000000019, 0.000000091, 0.000000317, 0.000000458, 0.000000845, 0.000003933, 0, 1, 1, 1, 45.000000000
1646305760.151607513, 0.000000007, 0.000000032, 0.000000059, 0.000000035, 0.000000091, 0.000001387, 0.000000007, 0.000000032, 0.000000058, 0.000000035, 0.000000091, 0.000001320, 1, 1, 1, 1, 145.000000000
1646305760.301601648, 0.000000025, 0.000000099, 0.000000302, 0.000000741, 0.000001842, 0.000002202, 0.000000025, 0.000000096, 0.000000289, 0.000000714, 0.000001704, 0.000001920, 1, 1, 1, 1, 249.000000000
1646305760.601589918, 0.000000003, 0.000000014, 0.000000021, 0.000000023, 0.000000070, 0.000000205, 0.000000003, 0.000000014, 0.000000021, 0.000000023, 0.000000070, 0.000000203, 1, 1, 1, 1, 243.000000000
1646305761.001574278, 0.000000002, 0.000000008, 0.000000010, 0.000000017, 0.000000048, 0.000000148, 0.000000002, 0.000000007, 0.000000010, 0.000000017, 0.000000048, 0.000000147, 1, 1, 1, 1, 263.000000000
1646305761.751544714, 0.000000001, 0.000000002, 0.000000004, 0.000000015, 0.000000020, 0.000000067, 0.000000001, 0.000000002, 0.000000004, 0.000000015, 0.000000020, 0.000000067, 1, 1, 1, 1, 199.000000000
1646305761.876539707, 0.000000012, 0.000000034, 0.000000052, 0.000000640, 0.000000929, 0.000001184, 0.000000012, 0.000000033, 0.000000051, 0.000000623, 0.000000915, 0.000001117, 1, 1, 1, 1, 143.000000000
1646305762.151528835, 0.000000007, 0.000000018, 0.000000032, 0.000000326, 0.000000884, 0.000001430, 0.000000007, 0.000000018, 0.000000032, 0.000000325, 0.000000858, 0.000001368, 1, 1, 1, 1, 96.000000000
1646305762.451517105, 0.000000010, 0.000000036, 0.000000041, 0.000000323, 0.000001921, 0.000002380, 0.000000010, 0.000000036, 0.000000041, 0.000000322, 0.000001841, 0.000002289, 1, 1, 1, 1, 127.000000000
1646305762.751505375, 0.000000014, 0.000000070, 0.000000097, 0.000000343, 0.000003054, 0.000005783, 0.000000014, 0.000000069, 0.000000094, 0.000000339, 0.000002592, 0.000004091, 1, 1, 1, 1, 149.000000000
1646305763.076492548, 0.000000004, 0.000000011, 0.000000032, 0.000000205, 0.000000879, 0.000001129, 0.000000004, 0.000000011, 0.000000031, 0.000000193, 0.000000746, 0.000000910, 1, 1, 1, 1, 211.000000000
1646305763.751466036, 0.000000002, 0.000000004, 0.000000024, 0.000000190, 0.000000358, 0.000000664, 0.000000002, 0.000000004, 0.000000024, 0.000000189, 0.000000355, 0.000000620, 1, 1, 1, 1, 140.000000000
1646305764.101452112, 0.000000005, 0.000000010, 0.000000062, 0.000000473, 0.000000785, 0.000000974, 0.000000005, 0.000000010, 0.000000061, 0.000000466, 0.000000776, 0.000000943, 1, 1, 1, 1, 115.000000000
1646305764.851422548, 0.000000005, 0.000000009, 0.000000054, 0.000000457, 0.000000763, 0.000001101, 0.000000005, 0.000000009, 0.000000053, 0.000000446, 0.000000725, 0.000001038, 1, 1, 1, 1, 67.000000000
1646305764.976417780, 0.000000013, 0.000000028, 0.000000122, 0.000000264, 0.000000833, 0.000001244, 0.000000013, 0.000000028, 0.000000122, 0.000000262, 0.000000769, 0.000001213, 1, 1, 1, 1, 73.000000000
1646305765.151410818, 0.000000020, 0.000000034, 0.000000166, 0.000001334, 0.000002087, 0.000003081, 0.000000020, 0.000000034, 0.000000159, 0.000001214, 0.000001958, 0.000002492, 1, 1, 1, 1, 95.000000000
1646305765.651391029, 0.000000004, 0.000000008, 0.000000026, 0.000000095, 0.000000213, 0.000000320, 0.000000004, 0.000000008, 0.000000026, 0.000000094, 0.000000206, 0.000000315, 1, 1, 1, 1, 75.000000000
1646305765.901381254, 0.000000007, 0.000000013, 0.000000034, 0.000000144, 0.000000278, 0.000000443, 0.000000007, 0.000000013, 0.000000034, 0.000000144, 0.000000274, 0.000000440, 1, 1, 1, 1, 69.000000000
1646305766.401364326, 0.000000007, 0.000000016, 0.000000096, 0.000001203, 0.000001263, 0.000002208, 0.000000007, 0.000000016, 0.000000093, 0.000001143, 0.000001249, 0.000002008, 1, 1, 1, 1, 62.000000000
1646305767.201332808, 0.000000006, 0.000000013, 0.000000086, 0.000000924, 0.000001256, 0.000002098, 0.000000006, 0.000000013, 0.000000086, 0.000000914, 0.000001244, 0.000002037, 1, 1, 1, 1, 54.000000000
1646305767.701313019, 0.000000015, 0.000000034, 0.000000180, 0.000002238, 0.000002674, 0.000006086, 0.000000015, 0.000000034, 0.000000178, 0.000002190, 0.000002636, 0.000005051, 1, 1, 1, 1, 41.000000000
1646305768.051299334, 0.000000014, 0.000000035, 0.000000176, 0.000002249, 0.000002766, 0.000006135, 0.000000014, 0.000000035, 0.000000174, 0.000002226, 0.000002719, 0.000005515, 1, 1, 1, 1, 40.000000000
1646305768.301289558, 0.000000003, 0.000000012, 0.000000025, 0.000000203, 0.000000351, 0.000000591, 0.000000003, 0.000000012, 0.000000025, 0.000000202, 0.000000350, 0.000000586, 1, 1, 1, 1, 44.000000000
1646305768.551279783, 0.000000006, 0.000000035, 0.000000069, 0.000001461, 0.000002034, 0.000003147, 0.000000006, 0.000000035, 0.000000066, 0.000001346, 0.000001993, 0.000002848, 1, 1, 1, 1, 72.000000000
1646305769.151256084, 0.000000001, 0.000000003, 0.000000004, 0.000000037, 0.000000039, 0.000000083, 0.000000001, 0.000000003, 0.000000004, 0.000000037, 0.000000039, 0.000000083, 1, 1, 1, 0, 33.000000000
1646305769.201254129, 0.000000005, 0.000000020, 0.000000029, 0.000000247, 0.000000278, 0.000000399, 0.000000005, 0.000000020, 0.000000029, 0.000000246, 0.000000277, 0.000000399, 1, 1, 1, 0, 49.000000000
1646305769.551240206, 0.000000003, 0.000000020, 0.000000034, 0.000000823, 0.000001281, 0.000001468, 0.000000003, 0.000000020, 0.000000034, 0.000000820, 0.000001266, 0.000001466, 1, 1, 1, 0, 35.000000000
1646305770.376214266, 0.000000000, 0.000000001, 0.000000002, 0.000000018, 0.000000020, 0.000000053, 0.000000000, 0.000000001, 0.000000002, 0.000000018, 0.000000020, 0.000000053, 1, 1, 1, 1, 103.000000000
1646305770.701201916, 0.000000002, 0.000000011, 0.000000028, 0.000000574, 0.000001167, 0.000001513, 0.000000002, 0.000000011, 0.000000028, 0.000000562, 0.000001120, 0.000001496, 1, 1, 1, 1, 103.000000000
1646305770.926193476, 0.000000002, 0.000000011, 0.000000029, 0.000000618, 0.000001430, 0.000001551, 0.000000002, 0.000000011, 0.000000028, 0.000000603, 0.000001379, 0.000001528, 1, 1, 1, 1, 118.000000000
1646305771.076187611, 0.000000002, 0.000000013, 0.000000032, 0.000000621, 0.000001380, 0.000001539, 0.000000002, 0.000000013, 0.000000032, 0.000000613, 0.000001349, 0.000001516, 1, 1, 1, 1, 120.000000000
1646305771.676164865, 0.000000001, 0.000000007, 0.000000023, 0.000000500, 0.000001326, 0.000001486, 0.000000001, 0.000000007, 0.000000023, 0.000000500, 0.000001309, 0.000001481, 1, 1, 1, 1, 30.000000000
1646305771.901156187, 0.000000002, 0.000000010, 0.000000027, 0.000000569, 0.000001388, 0.000001582, 0.000000002, 0.000000010, 0.000000027, 0.000000561, 0.000001333, 0.000001565, 0, 1, 1, 1, 53.000000000
1646305772.851119995, 0.000000001, 0.000000007, 0.000000016, 0.000000365, 0.000000854, 0.000000908, 0.000000001, 0.000000007, 0.000000015, 0.000000361, 0.000000841, 0.000000878, 1, 1, 1, 1, 102.000000000
1646305773.401098967, 0.000000001, 0.000000006, 0.000000007, 0.000000066, 0.000000095, 0.000000162, 0.000000001, 0.000000006, 0.000000007, 0.000000066, 0.000000095, 0.000000162, 0, 1, 1, 1, 23.000000000
1646305774.426059961, 0.000000002, 0.000000008, 0.000000023, 0.000000359, 0.000000650, 0.000000856, 0.000000002, 0.000000008, 0.000000023, 0.000000359, 0.000000649, 0.000000844, 1, 1, 1, 1, 57.000000000
1646305775.026036978, 0.000000003, 0.000000011, 0.000000034, 0.000000458, 0.000000740, 0.000001363, 0.000000003, 0.000000011, 0.000000034, 0.000000458, 0.000000739, 0.000001335, 1, 1, 1, 1, 65.000000000
1646305775.151032209, 0.000000008, 0.000000031, 0.000000094, 0.000001002, 0.000001377, 0.000002477, 0.000000008, 0.000000030, 0.000000094, 0.000000999, 0.000001375, 0.000002432, 1, 1, 1, 1, 64.000000000
1646305775.351024628, 0.000000002, 0.000000009, 0.000000018, 0.000000156, 0.000000185, 0.000000253, 0.000000002, 0.000000009, 0.000000018, 0.000000156, 0.000000185, 0.000000252, 1, 1, 1, 1, 69.000000000
1646305775.976000786, 0.000000001, 0.000000002, 0.000000005, 0.000000045, 0.000000048, 0.000000061, 0.000000001, 0.000000002, 0.000000005, 0.000000045, 0.000000048, 0.000000061, 1, 1, 1, 1, 49.000000000
1646305776.300988436, 0.000000005, 0.000000010, 0.000000032, 0.000000420, 0.000000623, 0.000001499, 0.000000005, 0.000000010, 0.000000032, 0.000000419, 0.000000623, 0.000001318, 1, 1, 1, 1, 104.000000000
1646305776.650974989, 0.000000003, 0.000000005, 0.000000006, 0.000000071, 0.000000078, 0.000000123, 0.000000003, 0.000000005, 0.000000006, 0.000000071, 0.000000078, 0.000000123, 1, 1, 1, 1, 140.000000000
1646305776.900965452, 0.000000007, 0.000000009, 0.000000022, 0.000000401, 0.000000583, 0.000000826, 0.000000007, 0.000000009, 0.000000022, 0.000000400, 0.000000581, 0.000000823, 1, 1, 1, 1, 176.000000000
1646305777.400946379, 0.000000001, 0.000000002, 0.000000002, 0.000000022, 0.000000033, 0.000000062, 0.000000001, 0.000000002, 0.000000002, 0.000000022, 0.000000033, 0.000000062, 1, 1, 1, 1, 174.000000000
1646305777.750933170, 0.000000001, 0.000000002, 0.000000002, 0.000000017, 0.000000055, 0.000000070, 0.000000001, 0.000000002, 0.000000002, 0.000000017, 0.000000055, 0.000000070, 1, 1, 1, 1, 187.000000000
1646305778.200913668, 0.000000002, 0.000000003, 0.000000011, 0.000000105, 0.000000259, 0.000000372, 0.000000002, 0.000000003, 0.000000011, 0.000000105, 0.000000259, 0.000000372, 0, 1, 1, 1, 119.000000000
1646305779.050881147, 0.000000000, 0.000000001, 0.000000001, 0.000000008, 0.000000013, 0.000000036, 0.000000000, 0.000000001, 0.000000001, 0.000000008, 0.000000013, 0.000000036, 1, 1, 1, 1, 228.000000000
1646305779.225874662, 0.000000003, 0.000000005, 0.000000025, 0.000000273, 0.000000350, 0.000000656, 0.000000003, 0.000000005, 0.000000025, 0.000000272, 0.000000348, 0.000000646, 1, 1, 1, 1, 231.000000000
1646305779.450865984, 0.000000003, 0.000000005, 0.000000024, 0.000000274, 0.000000331, 0.000000685, 0.000000003, 0.000000005, 0.000000024, 0.000000273, 0.000000329, 0.000000680, 1, 1, 1, 1, 221.000000000
1646305780.150839329, 0.000000000, 0.000000001, 0.000000002, 0.000000012, 0.000000014, 0.000000051, 0.000000000, 0.000000001, 0.000000002, 0.000000012, 0.000000014, 0.000000051, 1, 1, 1, 1, 178.000000000
1646305781.000807047, 0.000000007, 0.000000019, 0.000000020, 0.000000288, 0.000000725, 0.000002421, 0.000000007, 0.000000019, 0.000000020, 0.000000288, 0.000000698, 0.000002336, 1, 1, 1, 1, 87.000000000
1646305781.550786018, 0.000000003, 0.000000008, 0.000000013, 0.000000030, 0.000000041, 0.000000199, 0.000000003, 0.000000008, 0.000000013, 0.000000030, 0.000000041, 0.000000199, 1, 1, 1, 1, 136.000000000
1646305782.275756121, 0.000000003, 0.000000008, 0.000000023, 0.000000190, 0.000000581, 0.000000792, 0.000000003, 0.000000008, 0.000000023, 0.000000190, 0.000000580, 0.000000786, 1, 1, 1, 1, 136.000000000
1646305782.400751114, 0.000000010, 0.000000021, 0.000000030, 0.000000273, 0.000001212, 0.000001444, 0.000000010, 0.000000021, 0.000000030, 0.000000272, 0.000001190, 0.000001333, 1, 1, 1, 1, 187.000000000
1646305782.600743532, 0.000000002, 0.000000005, 0.000000006, 0.000000022, 0.000000163, 0.000000239, 0.000000002, 0.000000005, 0.000000006, 0.000000022, 0.000000163, 0.000000239, 1, 1, 1, 1, 178.000000000
1646305783.575706005, 0.000000000, 0.000000001, 0.000000001, 0.000000004, 0.000000024, 0.000000046, 0.000000000, 0.000000001, 0.000000001, 0.000000004, 0.000000024, 0.000000046, 1, 1, 1, 1, 150.000000000
1646305784.000689507, 0.000000001, 0.000000001, 0.000000002, 0.000000016, 0.000000052, 0.000000063, 0.000000001, 0.000000001, 0.000000002, 0.000000016, 0.000000051, 0.000000063, 1, 1, 1, 1, 72.000000000
1646305784.350676060, 0.000000001, 0.000000001, 0.000000002, 0.000000039, 0.000000057, 0.000000081, 0.000000001, 0.000000001, 0.000000002, 0.000000038, 0.000000056, 0.000000081, 1, 1, 1, 1, 54.000000000
1646305784.650664568, 0.000000003, 0.000000005, 0.000000011, 0.000000240, 0.000000330, 0.000001511, 0.000000003, 0.000000005, 0.000000011, 0.000000240, 0.000000328, 0.000001433, 1, 1, 1, 1, 38.000000000
1646305784.775659800, 0.000000007, 0.000000009, 0.000000021, 0.000000384, 0.000000517, 0.000002370, 0.000000007, 0.000000009, 0.000000021, 0.000000382, 0.000000516, 0.000002357, 1, 1, 1, 1, 75.000000000
1646305785.050649166, 0.000000003, 0.000000003, 0.000000010, 0.000000262, 0.000000311, 0.000001073, 0.000000003, 0.000000003, 0.000000010, 0.000000262, 0.000000311, 0.000001072, 1, 1, 1, 1, 67.000000000
1646305785.250641584, 0.000000002, 0.000000004, 0.000000006, 0.000000110, 0.000000152, 0.000000167, 0.000000002, 0.000000004, 0.000000006, 0.000000110, 0.000000152, 0.000000167, 1, 1, 1, 1, 68.000000000
1646305785.650625944, 0.000000001, 0.000000003, 0.000000006, 0.000000074, 0.000000102, 0.000000129, 0.000000001, 0.000000003, 0.000000006, 0.000000074, 0.000000101, 0.000000128, 1, 1, 1, 1, 43.000000000
1646305785.850618362, 0.000000004, 0.000000009, 0.000000021, 0.000000587, 0.000000911, 0.000001475, 0.000000004, 0.000000009, 0.000000021, 0.000000586, 0.000000911, 0.000001474, 1, 1, 1, 1, 33.000000000
1646305786.250606298, 0.000000001, 0.000000002, 0.000000006, 0.000000076, 0.000000131, 0.000000189, 0.000000001, 0.000000002, 0.000000006, 0.000000076, 0.000000129, 0.000000189, 1, 1, 1, 1, 37.000000000
1646305786.550594807, 0.000000002, 0.000000002, 0.000000007, 0.000000106, 0.000000217, 0.000000272, 0.000000002, 0.000000002, 0.000000007, 0.000000106, 0.000000215, 0.000000270, 1, 1, 1, 1, 63.000000000
1646305787.150571585, 0.000000001, 0.000000001, 0.000000002, 0.000000040, 0.000000074, 0.000000158, 0.000000001, 0.000000001, 0.000000002, 0.000000040, 0.000000074, 0.000000158, 1, 1, 1, 1, 61.000000000
1646305787.550556183, 0.000000001, 0.000000001, 0.000000002, 0.000000062, 0.000000096, 0.000000230, 0.000000001, 0.000000001, 0.000000002, 0.000000062, 0.000000094, 0.000000230, 1, 1, 1, 1, 66.000000000
1646305788.050537109, 0.000000001, 0.000000001, 0.000000002, 0.000000053, 0.000000073, 0.000000179, 0.000000001, 0.000000001, 0.000000002, 0.000000053, 0.000000073, 0.000000176, 1, 1, 1, 1, 64.000000000
1646305788.200531244, 0.000000003, 0.000000003, 0.000000007, 0.000000181, 0.000000308, 0.000000553, 0.000000003, 0.000000003, 0.000000007, 0.000000179, 0.000000302, 0.000000535, 1, 1, 1, 1, 69.000000000
1646305788.750509977, 0.000000001, 0.000000002, 0.000000003, 0.000000196, 0.000000362, 0.000000433, 0.000000001, 0.000000002, 0.000000003, 0.000000194, 0.000000346, 0.000000411, 1, 1, 1, 1, 34.000000000
1646305788.900504112, 0.000000002, 0.000000003, 0.000000005, 0.000000189, 0.000000296, 0.000000535, 0.000000002, 0.000000003, 0.000000005, 0.000000183, 0.000000282, 0.000000514, 1, 1, 1, 1, 67.000000000
1646305789.250490904, 0.000000001, 0.000000003, 0.000000005, 0.000000340, 0.000000615, 0.000000755, 0.000000001, 0.000000003, 0.000000005, 0.000000339, 0.000000615, 0.000000752, 1, 1, 1, 1, 37.000000000
1646305789.350486994, 0.000000002, 0.000000003, 0.000000004, 0.000000259, 0.000000274, 0.000000593, 0.000000002, 0.000000003, 0.000000004, 0.000000258, 0.000000268, 0.000000591, 1, 1, 1, 1, 68.000000000
1646305789.900465727, 0.000000000, 0.000000001, 0.000000001, 0.000000051, 0.000000058, 0.000000132, 0.000000000, 0.000000001, 0.000000001, 0.000000049, 0.000000057, 0.000000131, 1, 1, 1, 1, 69.000000000
1646305790.050466537, 0.000000002, 0.000000003, 0.000000006, 0.000000443, 0.000000814, 0.000001002, 0.000000002, 0.000000003, 0.000000005, 0.000000409, 0.000000732, 0.000000780, 1, 1, 1, 1, 56.000000000
1646305790.175462008, 0.000000001, 0.000000002, 0.000000003, 0.000000257, 0.000000272, 0.000000601, 0.000000001, 0.000000002, 0.000000003, 0.000000252, 0.000000265, 0.000000547, 1, 1, 1, 1, 60.000000000
1646305790.350455284, 0.000000001, 0.000000001, 0.000000002, 0.000000133, 0.000000145, 0.000000334, 0.000000001, 0.000000001, 0.000000002, 0.000000133, 0.000000145, 0.000000334, 1, 1, 1, 0, 22.000000000
1646305791.300419807, 0.000000000, 0.000000000, 0.000000000, 0.000000027, 0.000000031, 0.000000072, 0.000000000, 0.000000000, 0.000000000, 0.000000027, 0.000000031, 0.000000072, 1, 1, 1, 1, 57.000000000
1646305791.550410509, 0.000000001, 0.000000002, 0.000000004, 0.000000416, 0.000000798, 0.000000872, 0.000000001, 0.000000002, 0.000000004, 0.000000416, 0.000000798, 0.000000872, 1, 1, 1, 0, 26.000000000
1646305792.450376749, 0.000000000, 0.000000000, 0.000000000, 0.000000023, 0.000000031, 0.000000073, 0.000000000, 0.000000000, 0.000000000, 0.000000023, 0.000000031, 0.000000071, 1, 1, 1, 1, 80.000000000
1646305793.350343227, 0.000000000, 0.000000000, 0.000000000, 0.000000013, 0.000000031, 0.000000069, 0.000000000, 0.000000000, 0.000000000, 0.000000013, 0.000000030, 0.000000068, 1, 1, 1, 1, 89.000000000
1646305793.900322676, 0.000000000, 0.000000000, 0.000000000, 0.000000020, 0.000000058, 0.000000127, 0.000000000, 0.000000000, 0.000000000, 0.000000020, 0.000000058, 0.000000127, 1, 1, 1, 1, 92.000000000
1646305794.150313377, 0.000000001, 0.000000001, 0.000000002, 0.000000301, 0.000000465, 0.000000831, 0.000000001, 0.000000001, 0.000000002, 0.000000296, 0.000000459, 0.000000818, 1, 1, 1, 0, 40.000000000
1646305794.500300169, 0.000000000, 0.000000000, 0.000000001, 0.000000029, 0.000000096, 0.000000190, 0.000000000, 0.000000000, 0.000000001, 0.000000029, 0.000000096, 0.000000189, 1, 1, 1, 0, 47.000000000
1646305795.450267076, 0.000000001, 0.000000001, 0.000000001, 0.000000222, 0.000000371, 0.000000556, 0.000000001, 0.000000001, 0.000000001, 0.000000222, 0.000000371, 0.000000556, 1, 1, 1, 0, 18.000000000
1646305795.900250196, 0.000000000, 0.000000000, 0.000000001, 0.000000048, 0.000000081, 0.000000188, 0.000000000, 0.000000000, 0.000000001, 0.000000048, 0.000000081, 0.000000188, 1, 1, 1, 1, 71.000000000
1646305796.000246525, 0.000000003, 0.000000004, 0.000000005, 0.000000507, 0.000000584, 0.000000793, 0.000000003, 0.000000004, 0.000000005, 0.000000506, 0.000000583, 0.000000782, 1, 1, 1, 1, 69.000000000
1646305796.550225973, 0.000000001, 0.000000001, 0.000000002, 0.000000165, 0.000000197, 0.000000275, 0.000000001, 0.000000001, 0.000000002, 0.000000165, 0.000000197, 0.000000275, 1, 1, 1, 1, 101.000000000
1646305796.750218630, 0.000000002, 0.000000002, 0.000000004, 0.000000250, 0.000000360, 0.000000425, 0.000000002, 0.000000002, 0.000000004, 0.000000250, 0.000000360, 0.000000425, 1, 1, 1, 1, 124.000000000
1646305797.150203466, 0.000000000, 0.000000001, 0.000000001, 0.000000043, 0.000000046, 0.000000067, 0.000000000, 0.000000001, 0.000000001, 0.000000042, 0.000000046, 0.000000067, 1, 1, 1, 1, 118.000000000
1646305797.300197840, 0.000000002, 0.000000002, 0.000000005, 0.000000265, 0.000000313, 0.000000389, 0.000000002, 0.000000002, 0.000000005, 0.000000264, 0.000000312, 0.000000388, 0, 1, 1, 1, 138.000000000
1646305798.250162363, 0.000000000, 0.000000000, 0.000000000, 0.000000012, 0.000000019, 0.000000027, 0.000000000, 0.000000000, 0.000000000, 0.000000012, 0.000000019, 0.000000027, 1, 1, 1, 1, 207.000000000
1646305798.550151348, 0.000000002, 0.000000002, 0.000000005, 0.000000159, 0.000000218, 0.000000301, 0.000000002, 0.000000002, 0.000000005, 0.000000159, 0.000000218, 0.000000301, 1, 1, 1, 1, 164.000000000
1646305799.450120211, 0.000000001, 0.000000001, 0.000000002, 0.000000057, 0.000000126, 0.000000154, 0.000000001, 0.000000001, 0.000000002, 0.000000057, 0.000000126, 0.000000154, 1, 1, 1, 1, 125.000000000
1646305800.475082874, 0.000000000, 0.000000001, 0.000000001, 0.000000016, 0.000000035, 0.000000113, 0.000000000, 0.000000001, 0.000000001, 0.000000016, 0.000000035, 0.000000113, 0, 1, 1, 1, 88.000000000
1646305800.750072956, 0.000000002, 0.000000007, 0.000000009, 0.000000170, 0.000000573, 0.000001016, 0.000000002, 0.000000007, 0.000000009, 0.000000170, 0.000000572, 0.000001015, 1, 1, 1, 0, 7.000000000
1646305801.700038433, 0.000000001, 0.000000003, 0.000000003, 0.000000077, 0.000000224, 0.000000387, 0.000000001, 0.000000003, 0.000000003, 0.000000077, 0.000000223, 0.000000386, 1, 1, 1, 1, 83.000000000
1646305802.200024128, 0.000000001, 0.000000001, 0.000000002, 0.000000022, 0.000000046, 0.000000139, 0.000000001, 0.000000001, 0.000000002, 0.000000022, 0.000000046, 0.000000139, 1, 1, 1, 1, 123.000000000
1646305802.475014210, 0.000000001, 0.000000003, 0.000000003, 0.000000052, 0.000000065, 0.000000137, 0.000000001, 0.000000003, 0.000000003, 0.000000052, 0.000000065, 0.000000136, 1, 1, 1, 1, 114.000000000
1646305802.949996710, 0.000000002, 0.000000004, 0.000000004, 0.000000117, 0.000000215, 0.000000497, 0.000000002, 0.000000004, 0.000000004, 0.000000117, 0.000000215, 0.000000495, 1, 1, 1, 1, 79.000000000
1646305803.199987650, 0.000000003, 0.000000004, 0.000000009, 0.000000218, 0.000000266, 0.000000683, 0.000000003, 0.000000004, 0.000000009, 0.000000218, 0.000000265, 0.000000680, 1, 1, 1, 1, 108.000000000
1646305803.674970388, 0.000000001, 0.000000002, 0.000000002, 0.000000026, 0.000000029, 0.000000060, 0.000000001, 0.000000002, 0.000000002, 0.000000026, 0.000000029, 0.000000060, 1, 1, 1, 1, 58.000000000
1646305803.999958515, 0.000000004, 0.000000006, 0.000000008, 0.000000245, 0.000000311, 0.000000448, 0.000000004, 0.000000006, 0.000000008, 0.000000245, 0.000000311, 0.000000447, 1, 1, 1, 1, 92.000000000
1646305804.349945784, 0.000000003, 0.000000005, 0.000000008, 0.000000264, 0.000000277, 0.000000565, 0.000000003, 0.000000005, 0.000000008, 0.000000264, 0.000000277, 0.000000564, 1, 1, 1, 1, 81.000000000
1646305804.499940395, 0.000000006, 0.000000008, 0.000000021, 0.000000366, 0.000000513, 0.000001140, 0.000000006, 0.000000008, 0.000000021, 0.000000363, 0.000000512, 0.000001124, 1, 1, 1, 1, 99.000000000
1646305805.499903917, 0.000000001, 0.000000002, 0.000000004, 0.000000099, 0.000000121, 0.000000358, 0.000000001, 0.000000002, 0.000000004, 0.000000099, 0.000000121, 0.000000357, 1, 1, 1, 1, 81.000000000
1646305805.799893141, 0.000000007, 0.000000008, 0.000000010, 0.000000318, 0.000000713, 0.000000838, 0.000000007, 0.000000008, 0.000000010, 0.000000318, 0.000000713, 0.000000837, 1, 1, 1, 1, 72.000000000
1646305806.349877596, 0.000000004, 0.000000005, 0.000000008, 0.000000233, 0.000000528, 0.000000701, 0.000000004, 0.000000005, 0.000000008, 0.000000233, 0.000000527, 0.000000701, 1, 1, 1, 1, 58.000000000
1646305806.649866343, 0.000000006, 0.000000006, 0.000000020, 0.000000544, 0.000000808, 0.000001477, 0.000000006, 0.000000006, 0.000000020, 0.000000544, 0.000000808, 0.000001475, 1, 1, 1, 1, 44.000000000
1646305806.899857044, 0.000000005, 0.000000005, 0.000000011, 0.000000080, 0.000000130, 0.000000233, 0.000000005, 0.000000005, 0.000000011, 0.000000080, 0.000000130, 0.000000233, 1, 1, 1, 1, 51.000000000
1646305807.574832201, 0.000000005, 0.000000006, 0.000000022, 0.000000503, 0.000000666, 0.000001084, 0.000000005, 0.000000006, 0.000000022, 0.000000503, 0.000000664, 0.000001080, 1, 1, 1, 1, 54.000000000
1646305807.699827671, 0.000000013, 0.000000027, 0.000000062, 0.000001287, 0.000001368, 0.000001837, 0.000000013, 0.000000027, 0.000000062, 0.000001286, 0.000001364, 0.000001829, 1, 1, 1, 1, 65.000000000
1646305808.699790478, 0.000000003, 0.000000004, 0.000000015, 0.000000421, 0.000000536, 0.000000774, 0.000000003, 0.000000004, 0.000000015, 0.000000421, 0.000000535, 0.000000774, 1, 1, 1, 1, 47.000000000
1646305809.249770164, 0.000000005, 0.000000008, 0.000000023, 0.000000881, 0.000000939, 0.000001152, 0.000000005, 0.000000008, 0.000000023, 0.000000881, 0.000000938, 0.000001151, 1, 1, 1, 1, 38.000000000
1646305809.799749851, 0.000000002, 0.000000003, 0.000000006, 0.000000032, 0.000000095, 0.000000153, 0.000000002, 0.000000003, 0.000000006, 0.000000032, 0.000000095, 0.000000153, 1, 1, 1, 1, 62.000000000
1646305810.149736881, 0.000000005, 0.000000013, 0.000000030, 0.000000963, 0.000001192, 0.000001376, 0.000000005, 0.000000013, 0.000000030, 0.000000961, 0.000001191, 0.000001371, 0, 1, 1, 1, 34.000000000
1646305810.449725866, 0.000000002, 0.000000005, 0.000000010, 0.000000057, 0.000000190, 0.000000246, 0.000000002, 0.000000005, 0.000000010, 0.000000057, 0.000000190, 0.000000246, 0, 1, 1, 1, 27.000000000
1646305810.524723053, 0.000000007, 0.000000013, 0.000000030, 0.000000151, 0.000000404, 0.000000480, 0.000000007, 0.000000013, 0.000000030, 0.000000151, 0.000000404, 0.000000479, 0, 1, 1, 1, 29.000000000
1646305810.649718285, 0.000000006, 0.000000013, 0.000000028, 0.000000163, 0.000000523, 0.000000624, 0.000000006, 0.000000013, 0.000000028, 0.000000163, 0.000000522, 0.000000622, 0, 1, 1, 1, 29.000000000
1646305810.749714851, 0.000000006, 0.000000012, 0.000000027, 0.000000156, 0.000000490, 0.000000566, 0.000000006, 0.000000012, 0.000000027, 0.000000156, 0.000000490, 0.000000564, 0, 1, 1, 1, 30.000000000
1646305810.949707270, 0.000000003, 0.000000006, 0.000000012, 0.000000085, 0.000000283, 0.000000330, 0.000000003, 0.000000006, 0.000000012, 0.000000085, 0.000000283, 0.000000330, 0, 1, 1, 1, 30.000000000
1646305811.099701881, 0.000000002, 0.000000005, 0.000000010, 0.000000094, 0.000000302, 0.000000337, 0.000000002, 0.000000005, 0.000000010, 0.000000094, 0.000000302, 0.000000337, 0, 1, 1, 1, 31.000000000
1646305811.549685240, 0.000000002, 0.000000005, 0.000000015, 0.000000815, 0.000001008, 0.000001237, 0.000000002, 0.000000005, 0.000000015, 0.000000813, 0.000001008, 0.000001234, 0, 1, 1, 1, 33.000000000
1646305811.649681330, 0.000000002, 0.000000005, 0.000000010, 0.000000119, 0.000000349, 0.000000415, 0.000000002, 0.000000005, 0.000000010, 0.000000119, 0.000000349, 0.000000414, 0, 1, 1, 1, 40.000000000
1646305812.649644375, 0.000000000, 0.000000001, 0.000000001, 0.000000011, 0.000000034, 0.000000044, 0.000000000, 0.000000001, 0.000000001, 0.000000011, 0.000000034, 0.000000044, 1, 1, 1, 1, 77.000000000
1646305812.799638987, 0.000000002, 0.000000003, 0.000000004, 0.000000068, 0.000000236, 0.000000310, 0.000000002, 0.000000003, 0.000000004, 0.000000068, 0.000000236, 0.000000310, 0, 1, 1, 1, 39.000000000
1646305812.949633360, 0.000000002, 0.000000003, 0.000000008, 0.000000596, 0.000000817, 0.000001088, 0.000000002, 0.000000003, 0.000000008, 0.000000593, 0.000000813, 0.000001087, 0, 1, 1, 1, 43.000000000
1646305813.924597263, 0.000000000, 0.000000001, 0.000000001, 0.000000011, 0.000000048, 0.000000053, 0.000000000, 0.000000001, 0.000000001, 0.000000011, 0.000000047, 0.000000053, 1, 1, 1, 1, 92.000000000
1646305814.799565077, 0.000000000, 0.000000001, 0.000000001, 0.000000013, 0.000000056, 0.000000068, 0.000000000, 0.000000001, 0.000000001, 0.000000013, 0.000000056, 0.000000068, 1, 1, 1, 1, 86.000000000
1646305815.424541950, 0.000000001, 0.000000002, 0.000000004, 0.000000437, 0.000000532, 0.000000795, 0.000000001, 0.000000002, 0.000000004, 0.000000437, 0.000000531, 0.000000794, 1, 1, 1, 1, 89.000000000
1646305815.524538279, 0.000000013, 0.000000015, 0.000000027, 0.000001043, 0.000001213, 0.000001294, 0.000000013, 0.000000015, 0.000000027, 0.000001041, 0.000001212, 0.000001293, 1, 1, 1, 1, 92.000000000
1646305815.649533510, 0.000000013, 0.000000015, 0.000000031, 0.000000998, 0.000001125, 0.000001677, 0.000000013, 0.000000015, 0.000000031, 0.000000997, 0.000001125, 0.000001672, 1, 1, 1, 1, 112.000000000
1646305815.774528980, 0.000000009, 0.000000010, 0.000000024, 0.000000761, 0.000000986, 0.000001468, 0.000000009, 0.000000010, 0.000000024, 0.000000760, 0.000000983, 0.000001464, 1, 1, 1, 1, 87.000000000
1646305816.749495506, 0.000000001, 0.000000001, 0.000000001, 0.000000020, 0.000000023, 0.000000039, 0.000000001, 0.000000001, 0.000000001, 0.000000020, 0.000000023, 0.000000039, 1, 1, 1, 1, 41.000000000
1646305817.649462223, 0.000000005, 0.000000009, 0.000000014, 0.000000238, 0.000000489, 0.000000913, 0.000000005, 0.000000009, 0.000000014, 0.000000238, 0.000000489, 0.000000913, 0, 1, 1, 1, 45.000000000
1646305817.849454641, 0.000000016, 0.000000045, 0.000000076, 0.000000659, 0.000001485, 0.000003552, 0.000000016, 0.000000045, 0.000000076, 0.000000659, 0.000001484, 0.000003548, 1, 1, 1, 1, 51.000000000
1646305818.049447536, 0.000000016, 0.000000039, 0.000000087, 0.000000591, 0.000001270, 0.000003636, 0.000000016, 0.000000039, 0.000000087, 0.000000591, 0.000001269, 0.000003633, 1, 1, 1, 1, 57.000000000
1646305818.449432611, 0.000000011, 0.000000025, 0.000000057, 0.000000417, 0.000000870, 0.000003040, 0.000000011, 0.000000025, 0.000000057, 0.000000417, 0.000000870, 0.000003039, 1, 1, 1, 1, 72.000000000
1646305818.599426985, 0.000000023, 0.000000073, 0.000000125, 0.000000734, 0.000001391, 0.000004240, 0.000000023, 0.000000073, 0.000000125, 0.000000734, 0.000001391, 0.000004235, 1, 1, 1, 1, 89.000000000
1646305818.899415970, 0.000000003, 0.000000006, 0.000000016, 0.000000038, 0.000000044, 0.000000510, 0.000000003, 0.000000006, 0.000000016, 0.000000038, 0.000000044, 0.000000510, 1, 1, 1, 1, 82.000000000
1646305819.599390030, 0.000000001, 0.000000002, 0.000000005, 0.000000015, 0.000000017, 0.000000141, 0.000000001, 0.000000002, 0.000000005, 0.000000015, 0.000000017, 0.000000141, 1, 1, 1, 1, 54.000000000
1646305819.799382687, 0.000000003, 0.000000007, 0.000000018, 0.000000047, 0.000000136, 0.000000218, 0.000000003, 0.000000007, 0.000000018, 0.000000047, 0.000000136, 0.000000218, 1, 1, 1, 1, 22.000000000
1646305820.599354744, 0.000000002, 0.000000003, 0.000000004, 0.000000007, 0.000000018, 0.000000101, 0.000000002, 0.000000003, 0.000000004, 0.000000007, 0.000000018, 0.000000101, 1, 1, 1, 1, 33.000000000
1646305820.849345684, 0.000000004, 0.000000007, 0.000000021, 0.000000026, 0.000000180, 0.000000325, 0.000000004, 0.000000007, 0.000000021, 0.000000026, 0.000000180, 0.000000325, 1, 1, 1, 1, 22.000000000
1646305821.599318266, 0.000000004, 0.000000005, 0.000000012, 0.000000260, 0.000000434, 0.000000504, 0.000000004, 0.000000005, 0.000000012, 0.000000260, 0.000000434, 0.000000504, 1, 1, 1, 1, 30.000000000
1646305821.749312878, 0.000000011, 0.000000014, 0.000000032, 0.000000041, 0.000000288, 0.000000332, 0.000000011, 0.000000014, 0.000000032, 0.000000041, 0.000000288, 0.000000332, 1, 1, 1, 1, 26.000000000
1646305822.299292803, 0.000000005, 0.000000007, 0.000000011, 0.000000381, 0.000000506, 0.000000695, 0.000000005, 0.000000007, 0.000000011, 0.000000380, 0.000000506, 0.000000694, 1, 1, 1, 1, 46.000000000
1646305822.399289131, 0.000000032, 0.000000073, 0.000000104, 0.000001266, 0.000002053, 0.000002402, 0.000000032, 0.000000073, 0.000000104, 0.000001265, 0.000002051, 0.000002401, 0, 1, 1, 1, 23.000000000
1646305822.549283743, 0.000000020, 0.000000034, 0.000000062, 0.000001302, 0.000002749, 0.000003419, 0.000000020, 0.000000034, 0.000000061, 0.000001297, 0.000002727, 0.000003389, 0, 1, 1, 1, 58.000000000
1646305823.449250937, 0.000000001, 0.000000002, 0.000000004, 0.000000095, 0.000000416, 0.000000973, 0.000000001, 0.000000002, 0.000000004, 0.000000095, 0.000000412, 0.000000968, 1, 1, 1, 1, 124.000000000
1646305823.549247265, 0.000000004, 0.000000016, 0.000000017, 0.000000410, 0.000001387, 0.000001965, 0.000000004, 0.000000016, 0.000000017, 0.000000410, 0.000001367, 0.000001941, 0, 1, 1, 1, 94.000000000
1646305823.624244452, 0.000000004, 0.000000014, 0.000000020, 0.000000399, 0.000001479, 0.000001954, 0.000000004, 0.000000013, 0.000000020, 0.000000399, 0.000001473, 0.000001939, 0, 1, 1, 1, 92.000000000
1646305824.599209070, 0.000000000, 0.000000001, 0.000000001, 0.000000028, 0.000000028, 0.000000043, 0.000000000, 0.000000001, 0.000000001, 0.000000028, 0.000000028, 0.000000043, 1, 1, 1, 1, 33.000000000
1646305824.749203682, 0.000000007, 0.000000009, 0.000000021, 0.000000103, 0.000000346, 0.000000697, 0.000000007, 0.000000009, 0.000000021, 0.000000103, 0.000000346, 0.000000697, 1, 1, 1, 1, 71.000000000
1646305825.449175119, 0.000000003, 0.000000004, 0.000000009, 0.000000369, 0.000000718, 0.000000783, 0.000000003, 0.000000004, 0.000000009, 0.000000369, 0.000000718, 0.000000782, 1, 1, 1, 1, 62.000000000
1646305825.599169731, 0.000000006, 0.000000007, 0.000000022, 0.000000661, 0.000001284, 0.000001427, 0.000000006, 0.000000007, 0.000000022, 0.000000661, 0.000001283, 0.000001427, 1, 1, 1, 1, 82.000000000
1646305826.049153328, 0.000000001, 0.000000002, 0.000000004, 0.000000028, 0.000000050, 0.000000096, 0.000000001, 0.000000002, 0.000000004, 0.000000028, 0.000000050, 0.000000096, 1, 1, 1, 1, 77.000000000
1646305826.124150515, 0.000000008, 0.000000013, 0.000000069, 0.000000572, 0.000000836, 0.000001050, 0.000000008, 0.000000013, 0.000000069, 0.000000571, 0.000000835, 0.000001050, 0, 1, 1, 1, 54.000000000
1646305826.749127865, 0.000000004, 0.000000004, 0.000000023, 0.000000337, 0.000000633, 0.000001134, 0.000000004, 0.000000004, 0.000000023, 0.000000337, 0.000000633, 0.000001133, 0, 1, 1, 1, 66.000000000
1646305826.899122238, 0.000000030, 0.000000034, 0.000000493, 0.000000913, 0.000001278, 0.000002496, 0.000000030, 0.000000034, 0.000000492, 0.000000911, 0.000001277, 0.000002489, 0, 1, 1, 1, 99.000000000
1646305826.999118805, 0.000000026, 0.000000066, 0.000000209, 0.000000147, 0.000000244, 0.000001158, 0.000000026, 0.000000066, 0.000000209, 0.000000147, 0.000000244, 0.000001157, 0, 1, 1, 1, 86.000000000
1646305827.349106073, 0.000000011, 0.000000024, 0.000000065, 0.000000045, 0.000000099, 0.000000617, 0.000000011, 0.000000024, 0.000000065, 0.000000045, 0.000000099, 0.000000617, 0, 1, 1, 1, 64.000000000
1646305828.324070454, 0.000000007, 0.000000011, 0.000000012, 0.000000029, 0.000000053, 0.000000133, 0.000000007, 0.000000011, 0.000000012, 0.000000029, 0.000000053, 0.000000133, 1, 1, 1, 1, 66.000000000
1646305828.399067640, 0.000000058, 0.000000212, 0.000001224, 0.000001713, 0.000001972, 0.000002082, 0.000000058, 0.000000212, 0.000001224, 0.000001712, 0.000001970, 0.000002082, 0, 1, 1, 1, 51.000000000
1646305828.549062252, 0.000000084, 0.000000176, 0.000000754, 0.000002411, 0.000004181, 0.000008069, 0.000000084, 0.000000176, 0.000000753, 0.000002407, 0.000004170, 0.000008057, 0, 1, 1, 1, 42.000000000
1646305828.899049520, 0.000000008, 0.000000015, 0.000000095, 0.000000070, 0.000000126, 0.000000518, 0.000000008, 0.000000015, 0.000000095, 0.000000070, 0.000000126, 0.000000517, 0, 1, 1, 1, 32.000000000
1646305829.399024725, 0.000000035, 0.000000093, 0.000000526, 0.000001651, 0.000003480, 0.000004438, 0.000000035, 0.000000093, 0.000000526, 0.000001651, 0.000003478, 0.000004435, 0, 1, 1, 1, 28.000000000
1646305830.049000263, 0.000000004, 0.000000014, 0.000000065, 0.000000029, 0.000000097, 0.000000219, 0.000000004, 0.000000014, 0.000000065, 0.000000029, 0.000000097, 0.000000219, 0, 1, 1, 1, 31.000000000
1646305830.548981667, 0.000000012, 0.000000019, 0.000000099, 0.000000025, 0.000000073, 0.000000509, 0.000000012, 0.000000019, 0.000000099, 0.000000025, 0.000000073, 0.000000509, 1, 1, 1, 1, 69.000000000
1646305830.998964787, 0.000000027, 0.000000039, 0.000000156, 0.000000030, 0.000000131, 0.000000931, 0.000000027, 0.000000039, 0.000000156, 0.000000030, 0.000000131, 0.000000930, 1, 1, 1, 1, 58.000000000
1646305831.448948145, 0.000000026, 0.000000055, 0.000000135, 0.000000075, 0.000000191, 0.000001232, 0.000000026, 0.000000055, 0.000000135, 0.000000075, 0.000000191, 0.000001232, 1, 1, 1, 0, 5.000000000
1646305832.048925638, 0.000000024, 0.000000028, 0.000000059, 0.000000078, 0.000000233, 0.000000614, 0.000000024, 0.000000028, 0.000000059, 0.000000078, 0.000000233, 0.000000614, 1, 1, 1, 1, 32.000000000
1646305832.523907661, 0.000000026, 0.000000036, 0.000000050, 0.000000124, 0.000000332, 0.000000372, 0.000000026, 0.000000036, 0.000000050, 0.000000124, 0.000000332, 0.000000372, 1, 1, 1, 1, 39.000000000
1646305832.598905087, 0.000000479, 0.000001320, 0.000001817, 0.000001298, 0.000001589, 0.000001673, 0.000000479, 0.000001316, 0.000001813, 0.000001298, 0.000001589, 0.000001672, 0, 1, 1, 1, 33.000000000
1646305832.648903131, 0.000000357, 0.000000422, 0.000001383, 0.000002804, 0.000002890, 0.000003533, 0.000000357, 0.000000422, 0.000001383, 0.000002801, 0.000002888, 0.000003528, 0, 1, 1, 0, 26.000000000
1646305832.698901176, 0.000000692, 0.000001296, 0.000001552, 0.000004902, 0.000005086, 0.000006438, 0.000000691, 0.000001296, 0.000001551, 0.000004893, 0.000005066, 0.000006417, 0, 1, 1, 0, 27.000000000
1646305832.748899460, 0.000000355, 0.000000533, 0.000001511, 0.000004773, 0.000004955, 0.000007482, 0.000000355, 0.000000533, 0.000001510, 0.000004771, 0.000004950, 0.000007476, 0, 1, 1, 0, 3.000000000
1646305832.798897505, 0.000000275, 0.000000814, 0.000001229, 0.000001806, 0.000003384, 0.000004185, 0.000000275, 0.000000814, 0.000001229, 0.000001806, 0.000003381, 0.000004182, 0, 1, 1, 0, 4.000000000
1646305832.848895788, 0.000000323, 0.000000465, 0.000001367, 0.000002456, 0.000003435, 0.000004659, 0.000000323, 0.000000464, 0.000001366, 0.000002455, 0.000003432, 0.000004657, 0, 1, 1, 0, 4.000000000
1646305832.898893833, 0.000000298, 0.000000753, 0.000001281, 0.000001583, 0.000001786, 0.000002751, 0.000000298, 0.000000753, 0.000001281, 0.000001581, 0.000001786, 0.000002747, 0, 1, 1, 0, 4.000000000
1646305832.948891878, 0.000000423, 0.000000459, 0.000001508, 0.000002006, 0.000002682, 0.000003345, 0.000000423, 0.000000459, 0.000001506, 0.000002005, 0.000002681, 0.000003342, 0, 1, 1, 0, 4.000000000
1646305833.948857069, 0.000000012, 0.000000015, 0.000000024, 0.000000051, 0.000000072, 0.000000165, 0.000000012, 0.000000015, 0.000000024, 0.000000051, 0.000000072, 0.000000165, 0, 1, 1, 1, 45.000000000
1646305834.773826361, 0.000000084, 0.000000131, 0.000000191, 0.000002855, 0.000003536, 0.000005759, 0.000000084, 0.000000131, 0.000000191, 0.000002854, 0.000003531, 0.000005754, 1, 1, 1, 1, 31.000000000
1646305835.423801899, 0.000000041, 0.000000054, 0.000000075, 0.000000313, 0.000000567, 0.000000674, 0.000000041, 0.000000054, 0.000000075, 0.000000313, 0.000000567, 0.000000674, 1, 1, 1, 1, 42.000000000
1646305835.948782206, 0.000000204, 0.000000329, 0.000000411, 0.000004596, 0.000006904, 0.000009116, 0.000000204, 0.000000329, 0.000000411, 0.000004596, 0.000006903, 0.000009113, 1, 1, 1, 1, 31.000000000
1646305836.023779392, 0.000000481, 0.000000651, 0.000001124, 0.000004754, 0.000008050, 0.000009272, 0.000000481, 0.000000651, 0.000001123, 0.000004752, 0.000008027, 0.000009255, 0, 1, 1, 1, 30.000000000
1646305836.098776579, 0.000000546, 0.000001940, 0.000002937, 0.000006919, 0.000011978, 0.000014434, 0.000000546, 0.000001934, 0.000002931, 0.000006916, 0.000011948, 0.000014426, 0, 1, 1, 1, 33.000000000
1646305836.198772907, 0.000000543, 0.000000700, 0.000001505, 0.000006420, 0.000011350, 0.000013194, 0.000000543, 0.000000700, 0.000001505, 0.000006417, 0.000011348, 0.000013181, 0, 1, 1, 1, 30.000000000
1646305836.298769236, 0.000000530, 0.000000676, 0.000001618, 0.000006225, 0.000011237, 0.000013099, 0.000000529, 0.000000676, 0.000001617, 0.000006223, 0.000011221, 0.000013093, 0, 1, 1, 1, 33.000000000
1646305837.298734903, 0.000000088, 0.000000185, 0.000000280, 0.000002142, 0.000008031, 0.000008254, 0.000000088, 0.000000185, 0.000000280, 0.000002142, 0.000008031, 0.000008254, 1, 1, 1, 1, 19.000000000
1646305838.148703337, 0.000000071, 0.000000318, 0.000000404, 0.000002754, 0.000011657, 0.000016399, 0.000000071, 0.000000318, 0.000000404, 0.000002754, 0.000011653, 0.000016383, 1, 1, 1, 1, 11.000000000
1646305838.348695993, 0.000000081, 0.000000301, 0.000000550, 0.000000710, 0.000001898, 0.000002713, 0.000000081, 0.000000300, 0.000000549, 0.000000710, 0.000001895, 0.000002704, 1, 1, 1, 1, 8.000000000
1646305839.023671150, 0.000000012, 0.000000036, 0.000000074, 0.000000238, 0.000000961, 0.000001280, 0.000000012, 0.000000036, 0.000000074, 0.000000238, 0.000000961, 0.000001280, 1, 1, 1, 1, 12.000000000
1646305839.348659039, 0.000000071, 0.000000191, 0.000000651, 0.000003957, 0.000008615, 0.000011403, 0.000000071, 0.000000191, 0.000000651, 0.000003957, 0.000008614, 0.000011402, 0, 1, 1, 1, 8.000000000
1646305839.648648024, 0.000000036, 0.000000101, 0.000000284, 0.000000910, 0.000002450, 0.000003573, 0.000000036, 0.000000101, 0.000000284, 0.000000910, 0.000002450, 0.000003573, 0, 1, 1, 1, 6.000000000
1646305839.748644352, 0.000000036, 0.000000131, 0.000000603, 0.000001017, 0.000001863, 0.000002371, 0.000000036, 0.000000131, 0.000000603, 0.000001017, 0.000001863, 0.000002371, 0, 1, 1, 1, 5.000000000
1646305839.848640442, 0.000000058, 0.000000275, 0.000001279, 0.000002770, 0.000004761, 0.000005691, 0.000000058, 0.000000275, 0.000001279, 0.000002770, 0.000004761, 0.000005691, 0, 1, 1, 1, 4.000000000
1646305839.998635054, 0.000000094, 0.000000550, 0.000001513, 0.000007742, 0.000009899, 0.000013282, 0.000000094, 0.000000550, 0.000001512, 0.000007740, 0.000009879, 0.000013273, 0, 1, 1, 1, 10.000000000
1646305840.098631382, 0.000000584, 0.000000610, 0.000001673, 0.000008159, 0.000011887, 0.000013135, 0.000000584, 0.000000610, 0.000001672, 0.000008157, 0.000011863, 0.000013132, 0, 1, 1, 1, 10.000000000
1646305840.248625755, 0.000000535, 0.000000616, 0.000001427, 0.000007004, 0.000013658, 0.000015716, 0.000000535, 0.000000615, 0.000001427, 0.000007003, 0.000013657, 0.000015705, 0, 1, 1, 1, 11.000000000
1646305840.323622942, 0.000000119, 0.000000355, 0.000000513, 0.000002358, 0.000003321, 0.000008020, 0.000000119, 0.000000355, 0.000000513, 0.000002358, 0.000003321, 0.000008019, 0, 1, 1, 1, 9.000000000
1646305840.398620367, 0.000000099, 0.000001683, 0.000002330, 0.000004606, 0.000005974, 0.000012919, 0.000000099, 0.000001683, 0.000002329, 0.000004603, 0.000005973, 0.000012912, 0, 1, 1, 1, 9.000000000
1646305840.698609352, 0.000000159, 0.000000594, 0.000001060, 0.000007339, 0.000018777, 0.000020069, 0.000000159, 0.000000594, 0.000001060, 0.000007339, 0.000018776, 0.000020069, 0, 1, 1, 1, 6.000000000
1646305841.698572159, 0.000000068, 0.000000082, 0.000000151, 0.000002078, 0.000009961, 0.000013369, 0.000000068, 0.000000082, 0.000000151, 0.000002078, 0.000009961, 0.000013369, 1, 1, 1, 1, 0.000000000
1646305842.248551846, 0.000000094, 0.000000141, 0.000001563, 0.000004101, 0.000011978, 0.000016314, 0.000000094, 0.000000141, 0.000001563, 0.000004101, 0.000011978, 0.000016313, 1, 1, 1, 1, 3.000000000
1646305842.398546219, 0.000000134, 0.000000509, 0.000001870, 0.000003787, 0.000010073, 0.000021934, 0.000000134, 0.000000509, 0.000001870, 0.000003787, 0.000010073, 0.000021933, 1, 1, 1, 1, 4.000000000
1646305843.348511219, 0.000000041, 0.000000167, 0.000002713, 0.000003235, 0.000009003, 0.000320844, 0.000000041, 0.000000167, 0.000002712, 0.000003235, 0.000009003, 0.000320812, 1, 1, 1, 1, 0.000000000
1646305843.748496532, 0.000000054, 0.000000060, 0.000000791, 0.000003272, 0.000003958, 0.000007926, 0.000000054, 0.000000060, 0.000000791, 0.000003272, 0.000003957, 0.000007926, 1, 1, 1, 1, 0.000000000
1646305844.248477936, 0.000000040, 0.000000057, 0.000000455, 0.000004591, 0.000006335, 0.000008208, 0.000000040, 0.000000057, 0.000000455, 0.000004591, 0.000006334, 0.000008208, 1, 1, 1, 1, 0.000000000
1646305844.473469734, 0.000000123, 0.000000135, 0.000000780, 0.000004884, 0.000005734, 0.000017965, 0.000000123, 0.000000135, 0.000000780, 0.000004884, 0.000005733, 0.000017965, 1, 1, 1, 1, 0.000000000
1646305844.548466921, 0.000001257, 0.000001578, 0.000002471, 0.000008001, 0.000008644, 0.000026241, 0.000001257, 0.000001578, 0.000002471, 0.000008001, 0.000008644, 0.000026240, 0, 1, 1, 1, 1.000000000
1646305844.898453951, 0.000000832, 0.000001268, 0.000004812, 0.000037835, 0.000053312, 0.000143046, 0.000000832, 0.000001268, 0.000004812, 0.000037835, 0.000053312, 0.000143043, 0, 1, 1, 1, 0.000000000
1646305845.348437309, 0.000000367, 0.000001492, 0.000002239, 0.000024183, 0.000037049, 0.000110375, 0.000000367, 0.000001492, 0.000002240, 0.000024183, 0.000037049, 0.000110374, 0, 1, 1, 1, 0.000000000
1646305845.773421526, 0.000000731, 0.000001758, 0.000002656, 0.000041541, 0.000098236, 0.000208656, 0.000000731, 0.000001757, 0.000002656, 0.000041541, 0.000098236, 0.000208653, 0, 1, 1, 1, 0.000000000
1646305845.973414183, 0.000000101, 0.000000244, 0.000000394, 0.000003276, 0.000011089, 0.000118923, 0.000000101, 0.000000244, 0.000000394, 0.000003276, 0.000011088, 0.000118920, 0, 1, 1, 1, 0.000000000
1646305846.048411369, 0.000000153, 0.000000305, 0.000000895, 0.000004741, 0.000013174, 0.000062165, 0.000000153, 0.000000305, 0.000000895, 0.000004741, 0.000013174, 0.000062164, 0, 1, 1, 1, 0.000000000
1646305846.448396683, 0.000000017, 0.000000119, 0.000000332, 0.000000995, 0.000006217, 0.000091540, 0.000000017, 0.000000119, 0.000000332, 0.000000995, 0.000006217, 0.000091538, 0, 1, 1, 1, 0.000000000
1646305847.348363161, 0.000000014, 0.000000074, 0.000000097, 0.000000473, 0.000003311, 0.000011342, 0.000000014, 0.000000074, 0.000000097, 0.000000473, 0.000003311, 0.000011342, 1, 1, 1, 1, 0.000000000
1646305847.498357773, 0.000000040, 0.000000406, 0.000001379, 0.000001268, 0.000009916, 0.000021702, 0.000000040, 0.000000406, 0.000001379, 0.000001268, 0.000009916, 0.000021702, 1, 1, 1, 1, 1.000000000
1646305847.648352146, 0.000000057, 0.000000710, 0.000001284, 0.000001683, 0.000017519, 0.000021255, 0.000000057, 0.000000709, 0.000001281, 0.000001683, 0.000017515, 0.000021230, 0, 1, 1, 1, 8.000000000
1646305848.248330116, 0.000000046, 0.000000376, 0.000000557, 0.000005666, 0.000012816, 0.000017679, 0.000000046, 0.000000376, 0.000000556, 0.000005665, 0.000012817, 0.000017662, 0, 1, 1, 1, 0.000000000
1646305848.848307848, 0.000000069, 0.000000186, 0.000000219, 0.000006152, 0.000009982, 0.000014608, 0.000000069, 0.000000186, 0.000000219, 0.000006151, 0.000009980, 0.000014593, 1, 1, 1, 1, 0.000000000
1646305848.998302460, 0.000000069, 0.000000137, 0.000000142, 0.000002821, 0.000003232, 0.000014826, 0.000000069, 0.000000137, 0.000000142, 0.000002821, 0.000003232, 0.000014825, 1, 1, 1, 1, 4.000000000
1646305849.398285151, 0.000000026, 0.000000070, 0.000000077, 0.000002516, 0.000003602, 0.000016041, 0.000000026, 0.000000070, 0.000000077, 0.000002516, 0.000003602, 0.000016040, 1, 1, 1, 1, 5.000000000
1646305850.448246241, 0.000000007, 0.000000010, 0.000000028, 0.000000990, 0.000001047, 0.000001790, 0.000000007, 0.000000010, 0.000000028, 0.000000990, 0.000001047, 0.000001790, 1, 1, 1, 1, 1.000000000
1646305850.698237181, 0.000000031, 0.000000047, 0.000000077, 0.000001265, 0.000003484, 0.000007393, 0.000000031, 0.000000047, 0.000000077, 0.000001265, 0.000003484, 0.000007393, 1, 1, 1, 1, 0.000000000
1646305851.398211241, 0.000000004, 0.000000008, 0.000000016, 0.000000511, 0.000000577, 0.000001091, 0.000000004, 0.000000008, 0.000000016, 0.000000511, 0.000000577, 0.000001091, 1, 1, 1, 1, 0.000000000
1646305851.748198271, 0.000000005, 0.000000008, 0.000000051, 0.000000126, 0.000000356, 0.000000504, 0.000000005, 0.000000008, 0.000000051, 0.000000126, 0.000000356, 0.000000504, 1, 1, 1, 1, 0.000000000
1646305851.948190928, 0.000000010, 0.000000013, 0.000000052, 0.000000118, 0.000000364, 0.000001264, 0.000000010, 0.000000013, 0.000000052, 0.000000118, 0.000000364, 0.000001264, 1, 1, 1, 1, 6.000000000
1646305852.648164988, 0.000000005, 0.000000007, 0.000000016, 0.000000346, 0.000000473, 0.000000517, 0.000000005, 0.000000007, 0.000000016, 0.000000346, 0.000000473, 0.000000517, 1, 1, 1, 1, 0.000000000
1646305853.073149443, 0.000000012, 0.000000014, 0.000000017, 0.000000221, 0.000000787, 0.000002079, 0.000000012, 0.000000014, 0.000000017, 0.000000221, 0.000000787, 0.000002079, 1, 1, 1, 1, 0.000000000
1646305853.973116398, 0.000000048, 0.000000066, 0.000000088, 0.000010946, 0.000014515, 0.000024370, 0.000000048, 0.000000066, 0.000000088, 0.000010946, 0.000014515, 0.000024370, 1, 1, 1, 1, 0.000000000
1646305854.548095226, 0.000000176, 0.000000287, 0.000000822, 0.000019149, 0.000046976, 0.000086155, 0.000000176, 0.000000287, 0.000000822, 0.000019149, 0.000046976, 0.000086155, 1, 1, 1, 1, 0.000000000
1646305855.073076010, 0.000000389, 0.000000987, 0.000001278, 0.000019971, 0.000145887, 0.000165671, 0.000000389, 0.000000987, 0.000001278, 0.000019971, 0.000145887, 0.000165671, 1, 1, 1, 1, 0.000000000
1646305855.198071480, 0.000000364, 0.000001023, 0.000001792, 0.000016387, 0.000032513, 0.000071478, 0.000000364, 0.000001023, 0.000001792, 0.000016387, 0.000032513, 0.000071478, 1, 1, 1, 1, 0.000000000
1646305855.648055077, 0.000000450, 0.000001309, 0.000002262, 0.000041052, 0.000101690, 0.000119162, 0.000000450, 0.000001309, 0.000002262, 0.000041052, 0.000101690, 0.000119162, 1, 1, 1, 1, 0.000000000
1646305855.948044062, 0.000000834, 0.000003515, 0.000005146, 0.000068781, 0.000142364, 0.000196723, 0.000000834, 0.000003515, 0.000005146, 0.000068781, 0.000142364, 0.000196723, 1, 1, 1, 1, 0.000000000
1646305856.073039293, 0.000003257, 0.000004663, 0.000006017, 0.000001696, 0.000057057, 0.000111274, 0.000003257, 0.000004663, 0.000006017, 0.000001696, 0.000057057, 0.000111274, 1, 1, 1, 1, 0.000000000
1646305856.723015547, 0.000002308, 0.000003336, 0.000004820, 0.000015260, 0.000441241, 0.000527418, 0.000002308, 0.000003336, 0.000004820, 0.000015260, 0.000441241, 0.000527417, 1, 1, 1, 1, 0.000000000
1646305856.948007345, 0.000000432, 0.000000612, 0.000001866, 0.000005429, 0.000041509, 0.000100977, 0.000000432, 0.000000612, 0.000001866, 0.000005429, 0.000041509, 0.000100977, 0, 1, 1, 1, 0.000000000
1646305857.023004532, 0.000002365, 0.000002543, 0.000003718, 0.000008920, 0.000060761, 0.000122922, 0.000002365, 0.000002543, 0.000003718, 0.000008920, 0.000060761, 0.000122922, 0, 1, 1, 1, 0.000000000
1646305857.472988129, 0.000000413, 0.000000635, 0.000001216, 0.000017384, 0.000049202, 0.000150707, 0.000000413, 0.000000635, 0.000001216, 0.000017384, 0.000049202, 0.000150707, 0, 1, 1, 1, 0.000000000
1646305857.547985315, 0.000001203, 0.000001730, 0.000002973, 0.000015630, 0.000048156, 0.000123531, 0.000001203, 0.000001730, 0.000002973, 0.000015630, 0.000048156, 0.000123531, 0, 1, 1, 1, 0.000000000
1646305858.547948599, 0.000000546, 0.000001267, 0.000002582, 0.000128754, 0.000508035, 0.000964442, 0.000000546, 0.000001267, 0.000002582, 0.000128754, 0.000508035, 0.000964441, 1, 1, 1, 1, 0.000000000
1646305858.847937584, 0.000000784, 0.000000860, 0.000002441, 0.000006455, 0.000050337, 0.000163676, 0.000000784, 0.000000860, 0.000002441, 0.000006455, 0.000050337, 0.000163676, 1, 1, 1, 1, 0.000000000
1646305858.947934151, 0.000000373, 0.000000386, 0.000001136, 0.000003604, 0.000020939, 0.000042362, 0.000000373, 0.000000386, 0.000001136, 0.000003604, 0.000020939, 0.000042362, 1, 1, 1, 0, 0.000000000
1646305859.147926807, 0.000000271, 0.000000408, 0.000000733, 0.000001859, 0.000018479, 0.000066504, 0.000000271, 0.000000408, 0.000000733, 0.000001859, 0.000018479, 0.000066498, 1, 1, 1, 0, 1.000000000
1646305859.997895479, 0.000000110, 0.000000127, 0.000000159, 0.000014610, 0.000029828, 0.000047557, 0.000000110, 0.000000127, 0.000000159, 0.000014610, 0.000029828, 0.000047557, 1, 1, 1, 1, 5.000000000
1646305860.497877121, 0.000000011, 0.000000016, 0.000000052, 0.000000958, 0.000001693, 0.000004235, 0.000000011, 0.000000016, 0.000000052, 0.000000958, 0.000001693, 0.000004234, 1, 1, 1, 1, 0.000000000
1646305860.797866106, 0.000000010, 0.000000011, 0.000000028, 0.000000299, 0.000000684, 0.000001337, 0.000000010, 0.000000011, 0.000000028, 0.000000299, 0.000000684, 0.000001337, 1, 1, 1, 1, 0.000000000
1646305860.997859001, 0.000000012, 0.000000013, 0.000000018, 0.000000189, 0.000000407, 0.000001079, 0.000000012, 0.000000013, 0.000000018, 0.000000189, 0.000000407, 0.000001079, 1, 1, 1, 1, 0.000000000
1646305861.547836065, 0.000000005, 0.000000010, 0.000000012, 0.000000591, 0.000000730, 0.000001202, 0.000000005, 0.000000010, 0.000000012, 0.000000591, 0.000000730, 0.000001202, 1, 1, 1, 1, 2.000000000
1646305861.647832394, 0.000000029, 0.000000043, 0.000000075, 0.000000975, 0.000001343, 0.000003091, 0.000000029, 0.000000043, 0.000000075, 0.000000975, 0.000001343, 0.000003091, 1, 1, 1, 0, 0.000000000
1646305862.597797632, 0.000000010, 0.000000018, 0.000000053, 0.000005692, 0.000006582, 0.000008246, 0.000000010, 0.000000018, 0.000000053, 0.000005692, 0.000006582, 0.000008246, 1, 1, 1, 1, 2.000000000
1646305863.072780371, 0.000000016, 0.000000034, 0.000000079, 0.000002000, 0.000002142, 0.000002922, 0.000000016, 0.000000034, 0.000000079, 0.000002000, 0.000002142, 0.000002922, 1, 1, 1, 1, 0.000000000
1646305863.647759199, 0.000000025, 0.000000052, 0.000000104, 0.000006471, 0.000007530, 0.000009233, 0.000000025, 0.000000052, 0.000000104, 0.000006471, 0.000007530, 0.000009233, 1, 1, 1, 1, 0.000000000
1646305864.297735453, 0.000000019, 0.000000031, 0.000000216, 0.000006134, 0.000009549, 0.000013404, 0.000000019, 0.000000031, 0.000000216, 0.000006134, 0.000009549, 0.000013404, 0, 1, 1, 1, 0.000000000
1646305864.397731543, 0.000000080, 0.000000119, 0.000000153, 0.000000906, 0.000001842, 0.000009541, 0.000000080, 0.000000119, 0.000000153, 0.000000906, 0.000001842, 0.000009540, 0, 1, 1, 1, 0.000000000
1646305864.497728109, 0.000000049, 0.000000057, 0.000000070, 0.000000452, 0.000000693, 0.000003544, 0.000000049, 0.000000057, 0.000000070, 0.000000452, 0.000000693, 0.000003544, 0, 1, 1, 1, 6.000000000
1646305865.447687626, 0.000000021, 0.000000022, 0.000000023, 0.000001567, 0.000010774, 0.000013658, 0.000000021, 0.000000022, 0.000000023, 0.000001567, 0.000010774, 0.000013658, 1, 1, 1, 1, 8.000000000
1646305865.597681999, 0.000000035, 0.000000059, 0.000000086, 0.000001460, 0.000002660, 0.000007522, 0.000000035, 0.000000059, 0.000000086, 0.000001460, 0.000002660, 0.000007522, 1, 1, 1, 1, 0.000000000
1646305866.022665977, 0.000000018, 0.000000030, 0.000000034, 0.000001410, 0.000002358, 0.000002400, 0.000000018, 0.000000030, 0.000000034, 0.000001410, 0.000002358, 0.000002400, 1, 1, 1, 1, 0.000000000
1646305866.997629166, 0.000000024, 0.000000039, 0.000000070, 0.000007081, 0.000019566, 0.000025258, 0.000000024, 0.000000039, 0.000000070, 0.000007081, 0.000019566, 0.000025258, 1, 1, 1, 1, 0.000000000
1646305867.297617912, 0.000000054, 0.000000067, 0.000000206, 0.000003889, 0.000011858, 0.000018156, 0.000000054, 0.000000067, 0.000000206, 0.000003889, 0.000011858, 0.000018156, 1, 1, 1, 1, 0.000000000
1646305868.247582197, 0.000000051, 0.000000053, 0.000000215, 0.000012997, 0.000033269, 0.000059997, 0.000000051, 0.000000053, 0.000000215, 0.000012997, 0.000033269, 0.000059997, 1, 1, 1, 1, 0.000000000
1646305869.047552109, 0.000000032, 0.000000059, 0.000000150, 0.000012765, 0.000021663, 0.000022431, 0.000000032, 0.000000059, 0.000000150, 0.000012764, 0.000021663, 0.000022431, 1, 1, 1, 1, 0.000000000
1646305869.197548866, 0.000000085, 0.000000104, 0.000000206, 0.000002745, 0.000005235, 0.000012426, 0.000000085, 0.000000104, 0.000000206, 0.000002745, 0.000005235, 0.000012425, 1, 1, 1, 1, 0.000000000
