# timestamp tx ty tz qx qy qz qw
1646305719.153249 -0.000587 0.000410 -0.000268 -0.000016 -0.000111 0.000184 1.000000
1646305719.253245 -0.000843 -0.000028 -0.000629 -0.000038 -0.000052 0.000138 1.000000
1646305719.303243 0.003917 -0.001435 -0.001153 -0.000514 -0.001107 -0.000149 0.999999
1646305719.403239 0.001100 -0.008710 -0.010651 -0.000346 -0.001149 -0.000155 0.999999
1646305719.503235 0.000034 0.001476 -0.014610 -0.000166 -0.000836 -0.000043 1.000000
1646305719.603231 0.000463 0.005699 -0.012907 -0.000190 -0.000961 -0.000007 1.000000
1646305719.728226 -0.001332 0.003820 -0.003667 -0.000250 -0.000882 0.000014 1.000000
1646305719.853221 -0.001678 -0.005681 -0.006162 -0.000200 -0.000917 0.000018 1.000000
1646305719.953217 -0.000221 -0.000113 -0.005341 -0.000241 -0.000816 0.000060 1.000000
1646305720.053213 0.002558 0.000073 -0.006258 -0.000254 -0.000856 -0.000025 1.000000
1646305720.153209 0.001645 0.001400 -0.005310 -0.000247 -0.000861 -0.000027 1.000000
1646305720.203207 0.001303 0.001147 -0.005772 -0.000302 -0.000824 -0.000018 1.000000
1646305720.253206 0.001100 -0.000274 -0.006663 -0.000260 -0.000850 0.000007 1.000000
1646305720.303204 0.000675 -0.000071 -0.007749 -0.000286 -0.000873 -0.000006 1.000000
1646305720.403199 0.000624 -0.000517 -0.007733 -0.000216 -0.000870 0.000012 1.000000
1646305720.453198 0.000397 0.000091 -0.007187 -0.000281 -0.000880 0.000001 1.000000
1646305720.553194 0.000519 -0.000366 -0.006178 -0.000249 -0.000874 0.000014 1.000000
1646305720.603192 0.000527 -0.000388 -0.005673 -0.000294 -0.000879 -0.000012 1.000000
1646305720.653190 0.000700 -0.000301 -0.005432 -0.000213 -0.000815 0.000009 1.000000
1646305720.703188 0.000631 -0.000165 -0.005368 -0.000286 -0.000865 -0.000009 1.000000
1646305720.753186 0.000829 -0.000241 -0.005416 -0.000214 -0.000808 0.000019 1.000000
1646305720.853182 0.000748 -0.000365 -0.005660 -0.000247 -0.000823 0.000008 1.000000
1646305720.953178 0.000714 -0.000331 -0.006007 -0.000252 -0.000822 -0.000000 1.000000
1646305721.053178 0.000685 -0.000217 -0.006284 -0.000245 -0.000839 -0.000007 1.000000
1646305721.153174 0.000597 -0.000290 -0.006041 -0.000260 -0.000848 0.000013 1.000000
1646305721.253170 0.000564 -0.000222 -0.006101 -0.000239 -0.000825 0.000019 1.000000
1646305721.353166 0.000356 -0.000316 -0.006062 -0.000255 -0.000817 0.000026 1.000000
1646305721.403164 0.000351 -0.000409 -0.006058 -0.000274 -0.000811 0.000004 1.000000
1646305721.453162 0.000563 -0.000304 -0.005837 -0.000236 -0.000806 0.000026 1.000000
1646305721.503160 0.000586 -0.000247 -0.005608 -0.000262 -0.000897 -0.000011 1.000000
1646305721.553159 0.000613 -0.000330 -0.005492 -0.000243 -0.000787 0.000024 1.000000
1646305721.603157 0.000612 -0.000087 -0.005502 -0.000288 -0.000840 0.000001 1.000000
1646305721.653155 0.000737 -0.000231 -0.005478 -0.000219 -0.000786 0.000033 1.000000
1646305721.703153 0.000846 0.000310 -0.005624 -0.000295 -0.000857 -0.000013 1.000000
1646305721.753151 0.000931 0.000037 -0.005656 -0.000233 -0.000780 0.000008 1.000000
1646305721.853147 0.000691 0.000069 -0.005989 -0.000256 -0.000793 -0.000008 1.000000
1646305721.953143 0.000611 -0.000046 -0.006224 -0.000266 -0.000834 0.000025 1.000000
1646305722.003142 0.000552 0.000051 -0.006298 -0.000280 -0.000898 -0.000012 1.000000
1646305722.103138 0.000493 -0.000142 -0.006355 -0.000258 -0.000859 0.000024 1.000000
1646305722.203134 0.000662 -0.000266 -0.006573 -0.000268 -0.000811 0.000007 1.000000
1646305722.303130 0.000818 -0.000295 -0.006376 -0.000253 -0.000817 0.000029 1.000000
1646305722.403126 0.001009 -0.000340 -0.006000 -0.000284 -0.000787 0.000022 1.000000
1646305722.503123 0.000924 -0.000570 -0.006121 -0.000236 -0.000815 0.000020 1.000000
1646305722.603119 0.000654 -0.000359 -0.006230 -0.000255 -0.000817 0.000032 1.000000
1646305722.703115 0.000597 -0.000284 -0.006472 -0.000261 -0.000861 0.000017 1.000000
1646305722.853109 0.000912 -0.000493 -0.006222 -0.000234 -0.000806 0.000025 1.000000
1646305722.953105 0.000867 -0.000496 -0.005876 -0.000265 -0.000821 -0.000012 1.000000
1646305723.003103 0.000858 -0.000277 -0.005713 -0.000291 -0.000823 -0.000003 1.000000
1646305723.053102 0.000753 -0.000113 -0.005566 -0.000229 -0.000783 0.000027 1.000000
1646305723.103100 0.000927 -0.000339 -0.005902 -0.000285 -0.000815 0.000021 1.000000
1646305723.153098 0.000522 0.000031 -0.005797 -0.000245 -0.000825 0.000006 1.000000
1646305723.203096 0.000590 -0.000199 -0.006080 -0.000289 -0.000847 0.000006 1.000000
1646305723.253094 0.000489 -0.000094 -0.005871 -0.000234 -0.000796 0.000011 1.000000
1646305723.353090 0.000553 -0.000050 -0.005831 -0.000251 -0.000846 -0.000007 1.000000
1646305723.403088 0.000739 -0.000192 -0.005942 -0.000279 -0.000830 0.000003 1.000000
1646305723.453087 0.000712 -0.000170 -0.005792 -0.000230 -0.000804 0.000008 1.000000
1646305723.503084 0.000781 -0.000140 -0.005662 -0.000284 -0.000880 0.000000 1.000000
1646305723.553083 0.000877 -0.000149 -0.005653 -0.000207 -0.000778 0.000010 1.000000
1646305723.653079 0.000674 0.000012 -0.005620 -0.000260 -0.000948 0.000029 1.000000
1646305723.753075 0.000436 -0.005738 -0.025869 -0.004022 0.004027 -0.007580 0.999955
1646305723.853071 -0.004936 -0.011608 -0.105639 -0.006557 0.047914 -0.016519 0.998693
1646305723.903069 -0.001617 -0.010334 -0.159210 -0.003611 0.050164 -0.016810 0.998593
1646305723.953068 0.009035 -0.001501 -0.219511 0.007611 0.032339 -0.009449 0.999403
1646305724.078059 0.037994 0.057755 -0.398504 0.079178 -0.008894 0.041166 0.995970
1646305724.203054 0.058024 0.143272 -0.581929 0.151330 0.011355 0.107551 0.982549
