# timestamp tx ty tz qx qy qz qw
1646305719.128250 -0.001301 0.000503 -0.000277 -0.000049 -0.000156 0.000106 1.000000
1646305719.203247 -0.001182 0.000428 -0.000574 0.000001 -0.000111 0.000101 1.000000
1646305719.228246 -0.002520 -0.000400 -0.000030 0.000014 -0.000089 0.000136 1.000000
1646305719.253245 -0.002047 -0.000404 -0.000002 -0.000023 -0.000014 0.000149 1.000000
1646305719.278244 -0.001686 -0.000480 -0.000124 -0.000102 -0.000065 -0.000042 1.000000
1646305719.303243 -0.000129 -0.000172 0.000006 -0.000131 -0.000021 -0.000083 1.000000
1646305719.328242 -0.000267 -0.000433 -0.000073 -0.000049 -0.000033 -0.000007 1.000000
1646305719.353241 -0.000133 -0.000462 -0.000090 -0.000097 0.000071 0.000044 1.000000
1646305719.378240 -0.000428 -0.000440 -0.000133 -0.000094 0.000019 0.000029 1.000000
1646305719.403239 -0.000460 -0.000516 -0.000433 -0.000087 -0.000016 -0.000007 1.000000
1646305719.428238 -0.001002 0.001670 -0.000129 0.000045 0.000332 0.000159 1.000000
1646305719.453237 -0.000899 0.001873 -0.000213 -0.000124 0.000120 0.000127 1.000000
1646305719.478236 -0.001091 0.001936 0.000320 -0.000050 0.000157 0.000019 1.000000
1646305719.503235 -0.001128 0.001932 0.000368 -0.000045 0.000188 0.000136 1.000000
1646305719.528234 -0.001229 0.002068 0.000286 0.000049 0.000573 0.000178 1.000000
1646305719.553233 -0.001092 0.002231 0.000116 -0.000079 0.000233 0.000141 1.000000
1646305719.578232 -0.001062 0.002347 -0.000007 -0.000086 0.000095 0.000056 1.000000
1646305719.603231 -0.000831 0.002440 -0.000030 -0.000047 0.000139 0.000168 1.000000
1646305719.628230 -0.000850 0.002271 -0.000152 0.000005 0.000191 0.000145 1.000000
1646305719.653229 -0.000745 0.002236 -0.000148 -0.000103 0.000157 0.000127 1.000000
1646305719.678228 -0.000569 0.002108 -0.000124 -0.000089 0.000023 0.000057 1.000000
1646305719.703227 -0.000414 0.001841 -0.000003 -0.000042 0.000106 0.000144 1.000000
1646305719.728226 -0.000583 0.001231 -0.000052 0.000020 0.000148 0.000086 1.000000
1646305719.753225 -0.000560 0.001066 0.000084 -0.000084 0.000185 0.000122 1.000000
1646305719.778224 -0.000564 0.000977 0.000012 -0.000090 0.000054 0.000086 1.000000
1646305719.803223 -0.000612 0.000698 -0.000023 -0.000082 0.000072 0.000112 1.000000
1646305719.828222 -0.001050 -0.000205 -0.000021 0.000002 0.000137 0.000067 1.000000
1646305719.853221 -0.001081 -0.000388 -0.000017 -0.000086 0.000157 0.000127 1.000000
1646305719.878220 -0.002516 0.001056 -0.000038 -0.000074 0.000062 0.000055 1.000000
1646305719.903219 -0.002240 0.000963 -0.000011 -0.000075 0.000068 0.000066 1.000000
1646305719.928218 -0.002003 0.001156 -0.000407 0.000023 0.000290 0.000177 1.000000
1646305719.953217 -0.001719 0.001256 -0.000392 -0.000089 0.000146 0.000183 1.000000
1646305719.978216 -0.002260 0.001412 -0.000655 -0.000069 0.000058 0.000027 1.000000
1646305720.003215 -0.001897 0.001492 -0.000628 -0.000023 0.000068 0.000095 1.000000
1646305720.028214 -0.001630 0.001460 -0.001100 -0.000002 0.000335 0.000171 1.000000
1646305720.053213 -0.001398 0.001537 -0.001165 -0.000113 0.000131 0.000171 1.000000
1646305720.078212 -0.002419 0.001915 -0.002532 -0.000037 0.000003 0.000044 1.000000
1646305720.103211 -0.002086 0.002109 -0.002680 -0.000015 0.000090 0.000143 1.000000
1646305720.128211 -0.001648 0.001483 -0.002402 -0.000063 0.000146 0.000153 1.000000
1646305720.153209 -0.001442 0.001346 -0.002086 -0.000147 0.000062 0.000153 1.000000
1646305720.178209 -0.001356 0.000654 -0.001097 -0.000065 0.000048 0.000052 1.000000
1646305720.203207 -0.001089 0.000547 -0.000912 -0.000061 0.000132 0.000074 1.000000
1646305720.228207 -0.001058 -0.000183 -0.000601 -0.000024 0.000094 0.000096 1.000000
1646305720.253206 -0.000973 -0.000349 -0.000329 -0.000120 0.000150 0.000180 1.000000
1646305720.278204 -0.001777 0.000033 -0.002101 -0.000042 -0.000002 0.000064 1.000000
1646305720.303204 -0.001550 0.000190 -0.002127 -0.000042 0.000084 0.000055 1.000000
1646305720.328202 -0.001579 -0.000038 -0.001594 -0.000049 0.000072 0.000119 1.000000
1646305720.353202 -0.001405 0.000070 -0.001296 -0.000151 0.000125 0.000190 1.000000
1646305720.378201 -0.001298 0.000100 -0.000678 -0.000063 0.000025 0.000082 1.000000
1646305720.403199 -0.001078 0.000149 -0.000443 -0.000019 0.000046 0.000071 1.000000
1646305720.428199 -0.001168 -0.000061 0.000304 0.000003 0.000048 0.000091 1.000000
1646305720.453198 -0.001320 -0.000042 0.000533 -0.000083 0.000174 0.000160 1.000000
1646305720.478197 -0.002366 0.000557 -0.001356 -0.000057 0.000038 0.000041 1.000000
1646305720.503196 -0.002148 0.000834 -0.001399 -0.000018 0.000036 0.000036 1.000000
1646305720.528195 -0.002288 0.000675 -0.000844 -0.000033 0.000046 0.000158 1.000000
1646305720.553194 -0.001986 0.000817 -0.000660 -0.000130 0.000128 0.000205 1.000000
1646305720.578193 -0.002720 0.001533 -0.002277 -0.000042 0.000021 0.000039 1.000000
1646305720.603192 -0.002370 0.001701 -0.002397 -0.000024 0.000061 0.000063 1.000000
1646305720.628191 -0.001951 0.001389 -0.002060 -0.000049 0.000131 0.000151 1.000000
1646305720.653190 -0.001745 0.001451 -0.001746 -0.000158 0.000076 0.000181 1.000000
1646305720.678189 -0.001947 0.002417 -0.003031 -0.000031 -0.000021 0.000026 1.000000
1646305720.703188 -0.001656 0.002408 -0.003021 0.000038 0.000097 0.000140 1.000000
1646305720.728187 -0.001655 0.001599 -0.002755 -0.000082 0.000124 0.000133 1.000000
1646305720.753186 -0.001368 0.001664 -0.002326 -0.000187 0.000053 0.000173 1.000000
1646305720.778185 -0.001135 0.001322 -0.001927 -0.000049 0.000001 0.000055 1.000000
1646305720.803184 -0.000846 0.001207 -0.001652 -0.000019 0.000072 0.000111 1.000000
1646305720.828183 -0.000962 0.000739 -0.001161 -0.000040 0.000132 0.000088 1.000000
1646305720.853182 -0.001161 0.000645 -0.000782 -0.000127 0.000137 0.000166 1.000000
1646305720.878181 -0.001779 0.001077 -0.002208 -0.000041 0.000021 0.000047 1.000000
1646305720.903180 -0.001591 0.000962 -0.002081 -0.000031 0.000108 0.000068 1.000000
1646305720.928179 -0.001737 0.000172 -0.001694 -0.000049 0.000116 0.000133 1.000000
1646305720.953178 -0.001698 0.000115 -0.001338 -0.000168 0.000092 0.000184 1.000000
1646305720.978177 -0.001556 -0.000149 -0.000778 -0.000059 0.000052 0.000072 1.000000
1646305721.003176 -0.001337 -0.000212 -0.000478 -0.000057 0.000073 0.000027 1.000000
1646305721.028175 -0.001466 -0.000702 0.000038 0.000001 0.000114 0.000092 1.000000
1646305721.053178 -0.001516 -0.000764 0.000250 -0.000099 0.000155 0.000196 1.000000
1646305721.078177 -0.002192 -0.000034 -0.001289 -0.000056 0.000034 0.000095 1.000000
1646305721.103176 -0.001962 0.000179 -0.001246 -0.000044 0.000059 0.000034 1.000000
1646305721.128175 -0.002017 -0.000340 -0.000816 -0.000030 0.000073 0.000135 1.000000
1646305721.153174 -0.001906 -0.000250 -0.000664 -0.000147 0.000119 0.000211 1.000000
1646305721.178173 -0.001692 -0.000211 -0.000281 -0.000080 0.000032 0.000078 1.000000
1646305721.203172 -0.001447 -0.000046 -0.000077 -0.000056 0.000043 0.000032 1.000000
1646305721.228171 -0.001424 -0.000323 0.000256 0.000012 0.000089 0.000085 1.000000
1646305721.253170 -0.001532 -0.000229 0.000263 -0.000087 0.000173 0.000202 1.000000
1646305721.278169 -0.001338 -0.000280 0.000403 -0.000086 0.000066 0.000072 1.000000
1646305721.303168 -0.001232 -0.000186 0.000519 -0.000053 0.000067 0.000076 1.000000
1646305721.328167 -0.001045 -0.000097 0.000399 0.000003 0.000122 0.000096 1.000000
1646305721.353166 -0.001277 0.000122 0.000232 -0.000080 0.000162 0.000182 1.000000
1646305721.378165 -0.001171 0.000341 0.000016 -0.000088 0.000094 0.000059 1.000000
1646305721.403164 -0.001085 0.000566 -0.000083 -0.000047 0.000137 0.000071 1.000000
1646305721.428163 -0.001420 0.001884 -0.002237 -0.000059 0.000171 0.000148 1.000000
1646305721.453162 -0.001531 0.002115 -0.002203 -0.000161 0.000067 0.000176 1.000000
1646305721.478161 -0.001916 0.002516 -0.003074 -0.000024 -0.000014 0.000033 1.000000
1646305721.503160 -0.001802 0.002745 -0.003254 0.000022 0.000022 0.000089 1.000000
1646305721.528160 -0.001899 0.002180 -0.003384 -0.000092 0.000138 0.000142 1.000000
1646305721.553159 -0.001742 0.002260 -0.002931 -0.000223 0.000033 0.000168 1.000000
1646305721.578158 -0.001960 0.002424 -0.003500 -0.000018 -0.000020 0.000040 1.000000
1646305721.603157 -0.001657 0.002788 -0.003445 0.000013 0.000041 0.000081 1.000000
1646305721.628156 -0.001713 0.002229 -0.003119 -0.000093 0.000143 0.000155 1.000000
1646305721.653155 -0.001618 0.002130 -0.002482 -0.000215 0.000050 0.000189 1.000000
1646305721.678154 -0.001320 0.001657 -0.002022 -0.000046 -0.000009 0.000051 1.000000
1646305721.703153 -0.001036 0.001892 -0.001641 -0.000032 0.000032 0.000014 1.000000
1646305721.728152 -0.001010 0.001090 -0.001364 -0.000041 0.000120 0.000095 1.000000
1646305721.753151 -0.001170 0.000957 -0.000921 -0.000162 0.000123 0.000168 1.000000
1646305721.778150 -0.001497 0.001405 -0.001902 -0.000045 0.000012 0.000060 1.000000
1646305721.803149 -0.001316 0.001607 -0.001740 -0.000040 0.000042 0.000021 1.000000
1646305721.828148 -0.001441 0.001175 -0.001557 -0.000051 0.000143 0.000114 1.000000
1646305721.853147 -0.001603 0.001084 -0.001229 -0.000153 0.000097 0.000165 1.000000
1646305721.878146 -0.001841 0.001515 -0.001938 -0.000048 0.000010 0.000049 1.000000
1646305721.903145 -0.001676 0.001612 -0.001863 -0.000022 0.000019 0.000022 1.000000
1646305721.928144 -0.001727 0.001491 -0.001639 -0.000052 0.000116 0.000136 1.000000
1646305721.953143 -0.001643 0.001403 -0.001294 -0.000178 0.000104 0.000191 1.000000
1646305721.978142 -0.001425 0.001215 -0.001070 -0.000062 0.000018 0.000059 1.000000
1646305722.003142 -0.001200 0.001262 -0.000885 -0.000041 -0.000004 0.000010 1.000000
1646305722.028141 -0.001104 0.001050 -0.000743 -0.000020 0.000134 0.000102 1.000000
1646305722.053140 -0.001345 0.000943 -0.000566 -0.000157 0.000126 0.000180 1.000000
1646305722.078139 -0.001324 0.000771 -0.000464 -0.000076 0.000024 0.000068 1.000000
1646305722.103138 -0.001325 0.000940 -0.000383 -0.000060 -0.000004 0.000006 1.000000
1646305722.128137 -0.001427 0.000658 -0.000233 -0.000007 0.000130 0.000126 1.000000
1646305722.153136 -0.001566 0.000661 -0.000221 -0.000119 0.000130 0.000202 1.000000
1646305722.178135 -0.001505 0.000462 -0.000288 -0.000072 0.000045 0.000058 1.000000
1646305722.203134 -0.001440 0.000451 -0.000316 -0.000062 0.000057 0.000030 1.000000
1646305722.228133 -0.001576 -0.000222 -0.000266 -0.000008 0.000130 0.000124 1.000000
1646305722.253132 -0.001706 -0.000261 -0.000320 -0.000114 0.000133 0.000191 1.000000
1646305722.278131 -0.001503 -0.000127 -0.000419 -0.000070 0.000054 0.000083 1.000000
1646305722.303130 -0.001370 0.000158 -0.000598 -0.000056 0.000002 -0.000009 1.000000
1646305722.328129 -0.001387 -0.000575 -0.000376 -0.000014 0.000062 0.000071 1.000000
1646305722.353128 -0.001507 -0.000531 -0.000415 -0.000132 0.000132 0.000189 1.000000
1646305722.378127 -0.001995 0.000078 -0.001462 -0.000057 0.000031 0.000072 1.000000
1646305722.403126 -0.001771 0.000178 -0.001590 -0.000049 0.000056 0.000012 1.000000
1646305722.428125 -0.001549 0.000444 -0.001402 -0.000031 0.000094 0.000107 1.000000
1646305722.453125 -0.001521 0.000641 -0.001253 -0.000148 0.000102 0.000183 1.000000
1646305722.478123 -0.001268 0.000643 -0.001195 -0.000065 0.000043 0.000054 1.000000
1646305722.503123 -0.000987 0.000858 -0.001188 -0.000010 0.000051 0.000043 1.000000
1646305722.528121 -0.000823 0.000884 -0.001098 -0.000025 0.000117 0.000097 1.000000
1646305722.553121 -0.001195 0.001073 -0.000974 -0.000134 0.000104 0.000163 1.000000
1646305722.578120 -0.001091 0.000791 -0.000884 -0.000062 0.000036 0.000062 1.000000
1646305722.603119 -0.001009 0.000923 -0.000854 -0.000046 0.000045 0.000048 1.000000
1646305722.628118 -0.001090 0.000594 -0.000746 -0.000020 0.000103 0.000093 1.000000
1646305722.653117 -0.001305 0.000625 -0.000665 -0.000138 0.000113 0.000180 1.000000
1646305722.678116 -0.001793 0.001428 -0.002042 -0.000045 0.000007 0.000058 1.000000
1646305722.703115 -0.001695 0.001668 -0.002130 -0.000030 0.000019 0.000051 1.000000
1646305722.728114 -0.001738 0.001135 -0.002140 -0.000071 0.000110 0.000124 1.000000
1646305722.753113 -0.001696 0.001169 -0.001807 -0.000172 0.000073 0.000172 1.000000
1646305722.778112 -0.001912 0.001580 -0.002539 -0.000030 0.000010 0.000047 1.000000
1646305722.803111 -0.001651 0.001669 -0.002526 -0.000000 0.000043 0.000051 1.000000
1646305722.828110 -0.001640 0.001323 -0.002335 -0.000056 0.000099 0.000129 1.000000
1646305722.853109 -0.001520 0.001319 -0.001844 -0.000183 0.000086 0.000180 1.000000
1646305722.878108 -0.001644 0.001631 -0.002284 -0.000038 -0.000004 0.000054 1.000000
1646305722.903107 -0.001536 0.001712 -0.002144 -0.000014 0.000023 0.000011 1.000000
1646305722.928107 -0.001590 0.001436 -0.001874 -0.000056 0.000141 0.000105 1.000000
1646305722.953105 -0.001667 0.001368 -0.001476 -0.000180 0.000078 0.000167 1.000000
1646305722.978105 -0.001518 0.001175 -0.001101 -0.000068 0.000024 0.000047 1.000000
1646305723.003103 -0.001453 0.001127 -0.000890 -0.000046 0.000059 0.000024 1.000000
1646305723.028103 -0.001108 0.000956 -0.000534 -0.000018 0.000121 0.000118 1.000000
1646305723.053102 -0.001347 0.000843 -0.000349 -0.000125 0.000135 0.000193 1.000000
1646305723.078101 -0.001258 0.000853 -0.000282 -0.000073 0.000042 0.000071 1.000000
1646305723.103100 -0.001203 0.000797 -0.000112 -0.000074 0.000070 0.000001 1.000000
1646305723.128099 -0.001208 0.001229 -0.000163 -0.000002 0.000163 0.000083 1.000000
1646305723.153098 -0.001597 0.001155 -0.000206 -0.000142 0.000122 0.000176 1.000000
1646305723.178097 -0.001925 0.001617 -0.001309 -0.000070 0.000044 0.000039 1.000000
1646305723.203096 -0.001776 0.001673 -0.001408 -0.000057 0.000020 0.000002 1.000000
1646305723.228095 -0.001780 0.001753 -0.001516 -0.000033 0.000110 0.000138 1.000000
1646305723.253094 -0.001722 0.001728 -0.001350 -0.000146 0.000096 0.000166 1.000000
1646305723.278093 -0.001593 0.001471 -0.001141 -0.000066 0.000008 0.000033 1.000000
1646305723.303092 -0.001533 0.001474 -0.001088 -0.000045 -0.000022 -0.000022 1.000000
1646305723.328091 -0.001555 0.001459 -0.001093 -0.000044 0.000061 0.000104 1.000000
1646305723.353090 -0.001808 0.001370 -0.001005 -0.000158 0.000099 0.000174 1.000000
1646305723.378089 -0.001655 0.001244 -0.000979 -0.000067 0.000020 0.000058 1.000000
1646305723.403088 -0.001451 0.001228 -0.000919 -0.000060 0.000041 -0.000015 1.000000
1646305723.428087 -0.001378 0.000998 -0.000822 -0.000031 0.000122 0.000116 1.000000
1646305723.453087 -0.001475 0.000974 -0.000770 -0.000136 0.000105 0.000174 1.000000
1646305723.478086 -0.001718 0.001523 -0.001779 -0.000051 0.000009 0.000057 1.000000
1646305723.503084 -0.001618 0.001665 -0.001854 -0.000048 -0.000021 -0.000027 1.000000
1646305723.528084 -0.001443 0.001534 -0.001909 -0.000055 0.000113 0.000103 1.000000
1646305723.553083 -0.001458 0.001500 -0.001659 -0.000155 0.000090 0.000168 1.000000
1646305723.578082 -0.001312 0.001153 -0.001435 -0.000057 0.000008 0.000068 1.000000
1646305723.603081 -0.001157 0.001244 -0.001412 -0.000039 -0.000068 -0.000013 1.000000
1646305723.628080 -0.001011 0.001067 -0.001352 -0.000049 0.000099 0.000115 1.000000
1646305723.653079 -0.000956 0.001006 -0.001077 -0.000201 0.000072 0.000185 1.000000
1646305723.678078 -0.000851 0.001370 -0.001652 -0.000333 0.000012 -0.000057 1.000000
1646305723.703077 -0.000315 0.000239 -0.003140 -0.001713 -0.000264 -0.001502 0.999997
1646305723.728076 -0.000301 -0.001321 -0.006944 -0.000814 0.000507 -0.004681 0.999989
1646305723.753075 -0.001103 -0.003481 -0.014931 0.000153 0.001670 -0.007900 0.999967
1646305723.778074 -0.004328 -0.007257 -0.033222 0.000104 0.007582 -0.009568 0.999925
1646305723.803073 -0.006543 -0.009141 -0.050416 -0.003056 0.018806 -0.011362 0.999754
1646305723.828072 -0.008216 -0.009804 -0.068653 -0.005007 0.036993 -0.014510 0.999198
1646305723.853071 -0.008820 -0.010599 -0.094491 -0.006112 0.047665 -0.016290 0.998712
1646305723.878070 -0.008286 -0.009991 -0.120300 -0.005826 0.052535 -0.017225 0.998454
1646305723.903069 -0.005196 -0.008269 -0.148693 -0.004565 0.050125 -0.016787 0.998591
1646305723.928068 -0.000179 -0.004705 -0.180539 0.002007 0.045073 -0.013651 0.998888
1646305723.953068 0.005895 0.000123 -0.211635 0.008650 0.032475 -0.009167 0.999393
1646305723.978066 0.011926 0.007980 -0.244432 0.017230 0.021348 -0.002827 0.999620
1646305724.003066 0.017338 0.017515 -0.279869 0.029156 0.010762 0.005754 0.999500
1646305724.053060 0.028255 0.044503 -0.353399 0.062535 -0.004501 0.028410 0.997628
1646305724.078059 0.033479 0.059238 -0.388451 0.080920 -0.007289 0.040747 0.995861
1646305724.103058 0.037283 0.075329 -0.428266 0.098217 -0.008578 0.054880 0.993614
1646305724.128057 0.041933 0.094174 -0.464586 0.114730 -0.004086 0.069460 0.990957
1646305724.153056 0.045345 0.111216 -0.500197 0.129449 -0.002120 0.083029 0.988102
1646305724.178056 0.049183 0.128217 -0.534551 0.140047 0.003996 0.095176 0.985552
1646305724.203054 0.052878 0.145708 -0.569950 0.150289 0.011264 0.107231 0.982745
1646305724.228054 0.057692 0.164061 -0.609756 0.159639 0.020084 0.118462 0.979836
1646305724.253053 0.062057 0.181015 -0.642527 0.167743 0.026692 0.128021 0.977118
1646305724.278052 0.067501 0.198815 -0.667976 0.175079 0.034379 0.134954 0.974655
1646305724.303051 0.073381 0.217797 -0.694696 0.182392 0.041222 0.140825 0.972215
1646305724.328050 0.081022 0.238475 -0.718836 0.188798 0.047186 0.144474 0.970184
1646305724.353049 0.087729 0.257710 -0.743177 0.191184 0.050474 0.145495 0.969398
1646305724.378048 0.096715 0.277883 -0.760941 0.190338 0.053864 0.144722 0.969497
1646305724.403047 0.105422 0.298360 -0.778243 0.187910 0.055792 0.145174 0.969795
1646305724.428046 0.115633 0.321300 -0.793911 0.185813 0.057011 0.147053 0.969845
1646305724.453045 0.124490 0.342575 -0.808221 0.184102 0.057248 0.148381 0.969955
1646305724.478044 0.134367 0.364907 -0.817538 0.183226 0.057695 0.149069 0.969989
1646305724.503043 0.144452 0.388563 -0.825381 0.181777 0.056985 0.151371 0.969947
1646305724.528042 0.155154 0.415601 -0.831807 0.179846 0.054736 0.155939 0.969713
1646305724.553041 0.164281 0.440519 -0.837273 0.176387 0.051554 0.161232 0.969657
1646305724.578040 0.174505 0.467065 -0.839059 0.169923 0.047793 0.167797 0.969890
1646305724.603039 0.185216 0.494728 -0.840287 0.160591 0.043032 0.177668 0.969945
1646305724.628038 0.197080 0.524733 -0.836488 0.147129 0.036787 0.190953 0.969813
1646305724.653037 0.208091 0.554080 -0.837506 0.128303 0.031800 0.204034 0.969998
1646305724.678036 0.218251 0.585317 -0.835801 0.107051 0.026237 0.217761 0.969759
1646305724.703036 0.227812 0.618534 -0.832960 0.085468 0.020282 0.233284 0.968433
1646305724.728035 0.237490 0.654026 -0.827099 0.063763 0.013391 0.250676 0.965876
1646305724.753034 0.245910 0.691173 -0.826062 0.041420 0.003858 0.267655 0.962616
1646305724.778033 0.251980 0.731641 -0.826959 0.020052 -0.007734 0.285064 0.958267
1646305724.803032 0.258640 0.772418 -0.828585 -0.001142 -0.022262 0.303173 0.952675
1646305724.828031 0.265617 0.813782 -0.830991 -0.020095 -0.037985 0.321310 0.945999
1646305724.853030 0.271261 0.856560 -0.837384 -0.037040 -0.052504 0.338983 0.938596
1646305724.878029 0.275064 0.898620 -0.845357 -0.054776 -0.066202 0.355692 0.930645
1646305724.903028 0.280781 0.939042 -0.855358 -0.077384 -0.079868 0.370696 0.922072
1646305724.928027 0.288724 0.975770 -0.863349 -0.104704 -0.094201 0.382469 0.913171
1646305724.953026 0.297731 1.013327 -0.876887 -0.134576 -0.106477 0.392277 0.903698
1646305724.978025 0.307131 1.049182 -0.888464 -0.164803 -0.120233 0.399349 0.893814
1646305725.003024 0.319053 1.083708 -0.899749 -0.197191 -0.133485 0.402768 0.883785
1646305725.028023 0.332077 1.116511 -0.909230 -0.232843 -0.146542 0.401779 0.873432
1646305725.053022 0.348429 1.148604 -0.919145 -0.269492 -0.155197 0.398311 0.862923
1646305725.078021 0.364720 1.179213 -0.927037 -0.304424 -0.162685 0.393192 0.852209
1646305725.103020 0.383201 1.208373 -0.933885 -0.337734 -0.166327 0.385755 0.842297
1646305725.128019 0.402898 1.236359 -0.942080 -0.368647 -0.164223 0.377249 0.833554
1646305725.153018 0.423478 1.260263 -0.947126 -0.390740 -0.160693 0.365116 0.829573
1646305725.178018 0.446755 1.284488 -0.951814 -0.409668 -0.156351 0.354168 0.826009
1646305725.203017 0.472008 1.307087 -0.955747 -0.424198 -0.151719 0.343031 0.824238
1646305725.228016 0.498944 1.328235 -0.959024 -0.433575 -0.145787 0.332179 0.824873
1646305725.253015 0.527094 1.351913 -0.962348 -0.436532 -0.138803 0.320472 0.829138
1646305725.278014 0.558240 1.369010 -0.963040 -0.437497 -0.132292 0.308422 0.834249
1646305725.303013 0.592037 1.383298 -0.962833 -0.436810 -0.126602 0.295287 0.840223
1646305725.328012 0.625630 1.395745 -0.960738 -0.434324 -0.120340 0.280807 0.847365
1646305725.353011 0.659847 1.408779 -0.959260 -0.425749 -0.113091 0.265202 0.857680
1646305725.378010 0.694777 1.416392 -0.955291 -0.412651 -0.104848 0.249575 0.869735
1646305725.403009 0.730028 1.421943 -0.951962 -0.395727 -0.096643 0.233171 0.883001
1646305725.428008 0.765436 1.425636 -0.949309 -0.375815 -0.088296 0.216836 0.896632
1646305725.453007 0.801152 1.426774 -0.946175 -0.353788 -0.080674 0.201587 0.909774
1646305725.478006 0.837161 1.426949 -0.941297 -0.332792 -0.072215 0.186466 0.921556
1646305725.503005 0.873556 1.426136 -0.937457 -0.312156 -0.062742 0.171048 0.932397
1646305725.528004 0.909381 1.424259 -0.934398 -0.292085 -0.051167 0.155234 0.942322
1646305725.553003 0.947476 1.418856 -0.931662 -0.272334 -0.038996 0.139858 0.951185
1646305725.578002 0.983352 1.415377 -0.928461 -0.253648 -0.026280 0.124086 0.958945
1646305725.603001 1.019935 1.411802 -0.926138 -0.237880 -0.014013 0.108998 0.965058
1646305725.628000 1.055572 1.407459 -0.924139 -0.223505 -0.002464 0.096198 0.969941
1646305725.652999 1.091258 1.408346 -0.925277 -0.208453 0.007405 0.086193 0.974199
1646305725.677999 1.126249 1.404820 -0.928030 -0.194528 0.016482 0.078141 0.977641
1646305725.702998 1.161903 1.405861 -0.932614 -0.181187 0.025244 0.070481 0.980595
1646305725.727997 1.197713 1.408820 -0.938538 -0.166402 0.035000 0.064218 0.983342
1646305725.752996 1.231900 1.417030 -0.946802 -0.148739 0.044590 0.061180 0.985974
1646305725.777995 1.266847 1.424000 -0.956465 -0.128158 0.055217 0.061430 0.988308
1646305725.802994 1.302898 1.433943 -0.967708 -0.106878 0.064110 0.062672 0.990222
1646305725.827993 1.338634 1.447209 -0.980129 -0.082186 0.071918 0.066277 0.991807
1646305725.852992 1.372518 1.461651 -0.991144 -0.055603 0.077011 0.071850 0.992882
1646305725.877991 1.406014 1.477205 -1.003140 -0.030472 0.082028 0.078526 0.993064
1646305725.902990 1.439475 1.492651 -1.015054 -0.005543 0.085919 0.085597 0.992603
1646305725.927989 1.472855 1.511476 -1.026025 0.017580 0.088865 0.093365 0.991502
1646305725.952988 1.503007 1.530574 -1.032989 0.041008 0.092765 0.101923 0.989608
1646305725.977987 1.534332 1.550951 -1.041375 0.064086 0.097826 0.109936 0.987035
1646305726.002986 1.565452 1.571913 -1.047955 0.086857 0.103746 0.117632 0.983796
1646305726.027985 1.597354 1.594680 -1.052427 0.109042 0.110280 0.127846 0.979594
1646305726.052984 1.625300 1.617922 -1.054364 0.128141 0.116756 0.137656 0.975192
1646305726.077983 1.655077 1.640853 -1.054837 0.144017 0.123434 0.145585 0.970993
1646305726.102982 1.684655 1.663279 -1.054274 0.157109 0.129734 0.152247 0.967112
1646305726.127981 1.713716 1.686969 -1.055129 0.166820 0.134850 0.160637 0.963422
1646305726.152980 1.740198 1.709582 -1.052314 0.171399 0.138338 0.167833 0.960894
1646305726.177979 1.767469 1.734119 -1.047774 0.170390 0.141898 0.172877 0.959659
1646305726.202979 1.795496 1.757999 -1.043644 0.166879 0.142385 0.177800 0.959304
1646305726.227978 1.825857 1.781867 -1.037494 0.161807 0.140786 0.184159 0.959210
1646305726.252977 1.852977 1.806652 -1.031851 0.154284 0.136180 0.190624 0.959851
1646305726.277976 1.881624 1.831857 -1.026319 0.143758 0.129163 0.195930 0.961386
1646305726.302975 1.910249 1.858136 -1.021144 0.131889 0.117229 0.202814 0.963187
1646305726.327974 1.938640 1.883793 -1.014168 0.118934 0.101863 0.212384 0.964558
1646305726.352973 1.964791 1.909609 -1.007656 0.105670 0.083915 0.222026 0.965659
1646305726.377972 1.991941 1.934995 -1.002618 0.093567 0.065489 0.231453 0.966119
1646305726.402971 2.018176 1.962442 -0.997607 0.083168 0.049222 0.241671 0.965534
1646305726.427970 2.043400 1.991463 -0.990914 0.075280 0.036141 0.252050 0.964104
1646305726.452969 2.069656 2.020791 -0.984880 0.064877 0.026845 0.261514 0.962643
1646305726.477968 2.095650 2.048338 -0.980410 0.053295 0.020457 0.271162 0.960839
1646305726.502967 2.121307 2.077783 -0.975544 0.041205 0.017129 0.281273 0.958590
1646305726.527966 2.145679 2.107961 -0.969769 0.029420 0.017159 0.291891 0.955845
1646305726.552965 2.171043 2.139212 -0.965411 0.016454 0.018850 0.302333 0.952874
1646305726.577964 2.196222 2.168446 -0.961537 0.004641 0.020990 0.313360 0.949391
1646305726.602963 2.220771 2.198684 -0.958167 -0.005820 0.022883 0.323606 0.945897
1646305726.627962 2.243780 2.228367 -0.954952 -0.015067 0.024514 0.333376 0.942355
1646305726.652961 2.268953 2.258832 -0.953827 -0.025270 0.023947 0.342740 0.938785
1646305726.677961 2.294526 2.287195 -0.952767 -0.034426 0.019878 0.352232 0.935068
1646305726.702960 2.320605 2.316508 -0.952241 -0.043168 0.013297 0.362717 0.930804
1646305726.727959 2.346542 2.345920 -0.954284 -0.049398 0.005194 0.373446 0.926321
1646305726.752958 2.372203 2.376841 -0.957001 -0.053866 -0.003123 0.383894 0.921799
1646305726.777957 2.397740 2.405085 -0.959046 -0.057150 -0.010281 0.392539 0.917901
1646305726.802956 2.422451 2.433307 -0.961511 -0.061234 -0.015507 0.398751 0.914881
1646305726.827955 2.445423 2.459432 -0.964831 -0.066102 -0.019297 0.402092 0.913006
1646305726.852954 2.470084 2.485712 -0.968953 -0.072592 -0.021886 0.404054 0.911588
1646305726.877953 2.495416 2.509361 -0.972275 -0.079921 -0.025171 0.404461 0.910709
1646305726.902952 2.520708 2.533600 -0.974889 -0.088858 -0.027704 0.403688 0.910150
1646305726.927951 2.544313 2.557588 -0.975706 -0.095352 -0.029729 0.401201 0.910528
1646305726.952950 2.570533 2.582713 -0.978851 -0.101423 -0.029564 0.398780 0.910941
1646305727.002948 2.626342 2.628917 -0.979802 -0.112931 -0.027384 0.392479 0.912391
1646305727.027947 2.650377 2.647126 -0.978914 -0.119424 -0.024809 0.386640 0.914129
1646305727.052946 2.679704 2.670734 -0.977527 -0.124476 -0.021117 0.380167 0.916260
1646305727.077945 2.709580 2.692034 -0.975249 -0.126416 -0.016945 0.372111 0.919383
1646305727.102944 2.739618 2.714098 -0.972999 -0.128720 -0.013857 0.362748 0.922850
1646305727.127944 2.769081 2.736289 -0.968988 -0.131399 -0.012613 0.351995 0.926647
1646305727.152942 2.801169 2.759136 -0.967548 -0.133512 -0.010931 0.341605 0.930248
1646305727.177942 2.833511 2.779031 -0.965502 -0.133975 -0.011334 0.329563 0.934511
1646305727.202941 2.867077 2.798936 -0.963931 -0.135373 -0.013354 0.315524 0.939117
1646305727.227940 2.894458 2.812952 -0.961047 -0.135648 -0.016685 0.299030 0.944406
1646305727.252939 2.927863 2.830318 -0.960299 -0.134713 -0.020499 0.282871 0.949430
1646305727.277938 2.960072 2.846075 -0.958837 -0.131726 -0.024043 0.266385 0.954520
1646305727.302937 2.993200 2.860806 -0.958026 -0.128415 -0.028859 0.249254 0.959452
1646305727.327936 3.023594 2.876284 -0.955149 -0.122766 -0.033908 0.231507 0.964460
1646305727.352935 3.056206 2.892015 -0.955167 -0.116799 -0.037545 0.215291 0.968813
1646305727.377934 3.087278 2.905342 -0.953060 -0.109855 -0.040088 0.200295 0.972732
1646305727.402933 3.118556 2.919131 -0.951549 -0.103206 -0.042212 0.185826 0.976235
1646305727.427932 3.146540 2.934087 -0.947299 -0.097141 -0.044637 0.171947 0.979288
1646305727.452931 3.177266 2.949027 -0.945943 -0.092016 -0.044748 0.159463 0.981887
1646305727.477930 3.207286 2.961979 -0.942662 -0.088061 -0.044480 0.148404 0.983993
1646305727.502929 3.237277 2.974428 -0.938909 -0.084651 -0.043823 0.138585 0.985753
1646305727.552927 3.288797 2.996736 -0.933840 -0.074405 -0.039242 0.123905 0.988722
1646305727.577926 3.316215 3.007738 -0.929794 -0.067257 -0.036284 0.119897 0.989841
1646305727.602926 3.343774 3.018446 -0.926240 -0.061071 -0.034153 0.117301 0.990628
1646305727.627924 3.365486 3.024156 -0.921200 -0.055996 -0.034029 0.116248 0.991056
1646305727.652924 3.395485 3.033167 -0.918254 -0.049771 -0.033987 0.115341 0.991496
1646305727.677923 3.421792 3.042194 -0.915303 -0.042266 -0.034028 0.114505 0.991940
1646305727.702922 3.449314 3.050483 -0.912300 -0.035021 -0.035213 0.113202 0.992330
1646305727.727921 3.468701 3.055795 -0.911664 -0.027837 -0.036898 0.112288 0.992600
1646305727.752920 3.499871 3.063163 -0.909120 -0.020485 -0.039781 0.110314 0.992889
1646305727.777919 3.525547 3.070543 -0.906669 -0.012627 -0.042982 0.108270 0.993112
1646305727.802918 3.552009 3.076411 -0.904921 -0.006319 -0.046654 0.107390 0.993102
1646305727.827917 3.569713 3.080644 -0.901508 -0.001574 -0.049545 0.108727 0.992835
1646305727.852916 3.600422 3.085774 -0.898415 0.003312 -0.051082 0.109097 0.992712
1646305727.877915 3.625354 3.090285 -0.896131 0.006625 -0.051163 0.109500 0.992647
1646305727.902914 3.651364 3.094282 -0.893899 0.007467 -0.050256 0.109382 0.992701
1646305727.927913 3.671819 3.099679 -0.890746 0.006071 -0.048842 0.110436 0.992664
1646305727.952912 3.704598 3.101786 -0.888251 0.003378 -0.046371 0.109060 0.992947
1646305727.977911 3.731792 3.103386 -0.885388 0.000097 -0.044334 0.107167 0.993252
1646305728.002910 3.760204 3.104745 -0.882562 -0.003015 -0.042641 0.104305 0.993626
1646305728.027909 3.789982 3.110968 -0.884183 -0.004521 -0.041553 0.102231 0.993882
1646305728.052900 3.822844 3.113722 -0.881827 -0.004363 -0.041208 0.098332 0.994291
1646305728.077899 3.853257 3.115378 -0.880431 -0.003665 -0.041672 0.094994 0.994598
1646305728.102898 3.884201 3.117058 -0.879578 -0.001266 -0.042070 0.090420 0.995014
1646305728.127897 3.899127 3.111363 -0.879985 0.002654 -0.042924 0.085417 0.995417
1646305728.152896 3.935397 3.111218 -0.879942 0.007401 -0.042879 0.077995 0.996004
1646305728.177895 3.965477 3.111280 -0.881219 0.011226 -0.042902 0.070807 0.996504
1646305728.177895 3.965477 3.111280 -0.881219 0.011226 -0.042902 0.070807 0.996504
1646305728.227893 4.034193 3.103631 -0.890973 0.016326 -0.040922 0.058149 0.997335
1646305728.252892 4.065747 3.101505 -0.894289 0.020660 -0.040739 0.050340 0.997687
1646305728.252892 4.065747 3.101505 -0.894289 0.020660 -0.040739 0.050340 0.997687
1646305728.327889 4.152125 3.109243 -0.900951 0.026684 -0.036560 0.034436 0.998381
1646305728.327889 4.152125 3.109243 -0.900951 0.026684 -0.036560 0.034436 0.998381
1646305728.427885 4.277109 3.127372 -0.891505 0.026640 -0.017350 0.025123 0.999179
1646305728.427885 4.277109 3.127372 -0.891505 0.026640 -0.017350 0.025123 0.999179
1646305728.527881 4.396875 3.149357 -0.882220 0.024379 -0.010969 0.045687 0.998598
1646305728.527881 4.396875 3.149357 -0.882220 0.024379 -0.010969 0.045687 0.998598
1646305728.627877 4.525795 3.175789 -0.886515 0.019162 -0.022862 0.092052 0.995307
1646305728.627877 4.525795 3.175789 -0.886515 0.019162 -0.022862 0.092052 0.995307
1646305728.727873 4.641144 3.216800 -0.912770 -0.012742 -0.027226 0.141053 0.989546
1646305728.727873 4.641144 3.216800 -0.912770 -0.012742 -0.027226 0.141053 0.989546
1646305728.827869 4.757980 3.260175 -0.933883 -0.081315 -0.015766 0.187022 0.978858
1646305728.827869 4.757980 3.260175 -0.933883 -0.081315 -0.015766 0.187022 0.978858
1646305728.927865 4.876153 3.293599 -0.948195 -0.148799 0.003498 0.210445 0.966209
1646305728.927865 4.876153 3.293599 -0.948195 -0.148799 0.003498 0.210445 0.966209
1646305729.027861 5.003954 3.313839 -0.958210 -0.197514 0.021133 0.187019 0.962063
1646305729.027861 5.003954 3.313839 -0.958210 -0.197514 0.021133 0.187019 0.962063
1646305729.127857 5.143098 3.314375 -0.965246 -0.225954 0.022905 0.130837 0.965040
1646305729.127857 5.143098 3.314375 -0.965246 -0.225954 0.022905 0.130837 0.965040
1646305729.227853 5.287970 3.287266 -0.964630 -0.243816 0.000554 0.067006 0.967504
1646305729.227853 5.287970 3.287266 -0.964630 -0.243816 0.000554 0.067006 0.967504
1646305729.327849 5.428772 3.241438 -0.950367 -0.270993 -0.001748 -0.001898 0.962578
1646305729.327849 5.428772 3.241438 -0.950367 -0.270993 -0.001748 -0.001898 0.962578
1646305729.452844 5.597904 3.186477 -0.917292 -0.290553 0.016900 -0.060452 0.954798
1646305729.452844 5.597904 3.186477 -0.917292 -0.290553 0.016900 -0.060452 0.954798
1646305729.527841 5.709287 3.160679 -0.906051 -0.288082 0.002193 -0.062593 0.955555
1646305729.552840 5.748036 3.153047 -0.905016 -0.283129 -0.007372 -0.059499 0.957206
1646305729.552840 5.748036 3.153047 -0.905016 -0.283129 -0.007372 -0.059499 0.957206
1646305729.627837 5.888523 3.149016 -0.911704 -0.255983 -0.011512 -0.062479 0.964591
1646305729.652836 5.927716 3.144814 -0.916091 -0.245323 -0.010629 -0.062902 0.967340
1646305729.652836 5.927716 3.144814 -0.916091 -0.245323 -0.010629 -0.062902 0.967340
1646305729.752832 6.056184 3.144974 -0.928873 -0.200186 -0.000130 -0.038554 0.978999
1646305729.752832 6.056184 3.144974 -0.928873 -0.200186 -0.000130 -0.038554 0.978999
1646305729.827829 6.136058 3.119242 -0.931540 -0.153358 0.023508 -0.006379 0.987870
1646305729.852829 6.165305 3.117925 -0.930092 -0.136810 0.033692 0.004099 0.990016
1646305729.852829 6.165305 3.117925 -0.930092 -0.136810 0.033692 0.004099 0.990016
1646305729.927825 6.262801 3.092041 -0.919173 -0.096936 0.049451 0.031981 0.993547
1646305729.952825 6.294724 3.085028 -0.914856 -0.086924 0.049850 0.039420 0.994186
1646305729.952825 6.294724 3.085028 -0.914856 -0.086924 0.049850 0.039420 0.994186
1646305730.027822 6.404713 3.052602 -0.909004 -0.047946 0.038393 0.050686 0.996824
1646305730.052820 6.440403 3.040189 -0.908196 -0.038272 0.033638 0.048556 0.997520
1646305730.052820 6.440403 3.040189 -0.908196 -0.038272 0.033638 0.048556 0.997520
1646305730.127818 6.544219 3.004486 -0.917330 -0.030133 0.015765 0.030046 0.998970
1646305730.152817 6.574914 2.988037 -0.920945 -0.030065 0.010811 0.021185 0.999265
1646305730.202815 6.634823 2.954136 -0.927870 -0.032999 0.004828 0.001242 0.999443
1646305730.227814 6.664795 2.951730 -0.929071 -0.036321 0.006135 -0.008628 0.999284
1646305730.252813 6.693501 2.938385 -0.928618 -0.040467 0.010268 -0.019705 0.998934
1646305730.277812 6.723409 2.924075 -0.927877 -0.044445 0.016470 -0.032070 0.998361
1646305730.302811 6.754593 2.908576 -0.927125 -0.048889 0.021983 -0.044778 0.997558
1646305730.327810 6.785366 2.897016 -0.922401 -0.052573 0.026302 -0.059002 0.996526
1646305730.352809 6.815530 2.880324 -0.918657 -0.055095 0.028491 -0.072561 0.995433
1646305730.377808 6.846054 2.861932 -0.916182 -0.055960 0.030039 -0.086532 0.994222
1646305730.402807 6.875788 2.841564 -0.914165 -0.055569 0.030245 -0.101978 0.992773
1646305730.427806 6.904079 2.816785 -0.912245 -0.054628 0.031088 -0.119204 0.990878
1646305730.452805 6.934231 2.789129 -0.910950 -0.054908 0.032056 -0.137995 0.988390
1646305730.477804 6.959581 2.758603 -0.911214 -0.056954 0.033652 -0.157741 0.985262
1646305730.502803 6.982821 2.726831 -0.912109 -0.057050 0.036099 -0.179374 0.981462
1646305730.527802 7.002556 2.691010 -0.914117 -0.054049 0.039719 -0.205228 0.976413
1646305730.552801 7.021776 2.655368 -0.913678 -0.047269 0.040286 -0.234375 0.970160
1646305730.577800 7.035490 2.618512 -0.915885 -0.040241 0.038841 -0.268022 0.961788
1646305730.602799 7.044983 2.581190 -0.918479 -0.034917 0.035197 -0.305007 0.951059
1646305730.627798 7.047366 2.542314 -0.920747 -0.033486 0.029804 -0.345691 0.937277
1646305730.652797 7.047718 2.503799 -0.924510 -0.031888 0.026723 -0.387811 0.920799
1646305730.677796 7.043452 2.467290 -0.927094 -0.029139 0.025332 -0.432059 0.901018
1646305730.702795 7.035134 2.432051 -0.928866 -0.025465 0.026401 -0.476396 0.878465
1646305730.727794 7.021739 2.399334 -0.930682 -0.020420 0.029291 -0.520868 0.852890
1646305730.752793 7.006838 2.368472 -0.932910 -0.014912 0.033318 -0.563509 0.825303
1646305730.777792 6.989223 2.342164 -0.933191 -0.009398 0.036096 -0.605560 0.794925
1646305730.802791 6.968671 2.318932 -0.933017 -0.004233 0.038279 -0.646055 0.762319
1646305730.827790 6.946157 2.301623 -0.932477 0.000196 0.038100 -0.685189 0.727368
1646305730.852789 6.922008 2.290125 -0.929648 0.003367 0.036538 -0.722223 0.690686
1646305730.877788 6.898528 2.281447 -0.927593 0.005713 0.033597 -0.757324 0.652150
1646305730.902787 6.874093 2.278389 -0.925396 0.007571 0.029671 -0.789826 0.612566
1646305730.927786 6.849938 2.278980 -0.924274 0.009613 0.024488 -0.820969 0.570367
1646305730.952785 6.826556 2.290022 -0.921058 0.010723 0.019587 -0.850253 0.525900
1646305730.977784 6.804023 2.303190 -0.918379 0.011189 0.018054 -0.877493 0.479119
1646305731.002783 6.782947 2.321696 -0.916011 0.011042 0.018948 -0.902824 0.429451
1646305731.027782 6.765145 2.337860 -0.910646 0.008563 0.022898 -0.925270 0.378522
1646305731.052781 6.748740 2.367101 -0.908614 0.003839 0.026877 -0.944372 0.327757
1646305731.077780 6.735325 2.401813 -0.908850 -0.000803 0.030485 -0.959727 0.279273
1646305731.102779 6.725038 2.436584 -0.908747 -0.002254 0.031276 -0.972133 0.232325
1646305731.127778 6.718871 2.474052 -0.905079 0.000505 0.027759 -0.982276 0.185370
1646305731.152777 6.716329 2.513260 -0.906063 0.006307 0.021840 -0.990292 0.137130
1646305731.177776 6.717834 2.560084 -0.910498 0.012174 0.015294 -0.996048 0.086634
1646305731.202775 6.722340 2.606293 -0.912043 0.017753 0.011941 -0.999234 0.032767
1646305731.227774 6.732999 2.655209 -0.910856 -0.022769 -0.010878 0.999378 0.024615
1646305731.252773 6.748169 2.705209 -0.913912 -0.026652 -0.013248 0.996167 0.082249
1646305731.277772 6.767237 2.758466 -0.914035 -0.028913 -0.016123 0.989582 0.140114
1646305731.302771 6.790235 2.809847 -0.916290 -0.029414 -0.018013 0.979794 0.197014
1646305731.327770 6.818872 2.862925 -0.918086 -0.030695 -0.017344 0.966776 0.253181
1646305731.352769 6.854986 2.907381 -0.918830 -0.030251 -0.014696 0.950829 0.307886
1646305731.377768 6.894848 2.951227 -0.918917 -0.031282 -0.010233 0.931825 0.361413
1646305731.402767 6.938457 2.991339 -0.921811 -0.032911 -0.004784 0.909808 0.413696
1646305731.427766 6.988682 3.031885 -0.926828 -0.037068 0.000591 0.885066 0.463986
1646305731.452765 7.041099 3.061843 -0.928398 -0.040457 0.003902 0.858685 0.510890
1646305731.477764 7.096180 3.085516 -0.928066 -0.044462 0.007765 0.830660 0.554948
1646305731.502763 7.151623 3.107307 -0.928732 -0.046825 0.010812 0.800756 0.597060
1646305731.527762 7.211176 3.121493 -0.930871 -0.047215 0.013189 0.769785 0.636418
1646305731.552761 7.267196 3.133677 -0.930528 -0.045452 0.015136 0.737613 0.673522
1646305731.577760 7.322426 3.140504 -0.929094 -0.042740 0.016739 0.704245 0.708471
1646305731.602759 7.375543 3.145843 -0.925190 -0.039903 0.018770 0.669035 0.741922
1646305731.627758 7.427593 3.145713 -0.915953 -0.036669 0.019528 0.633206 0.772868
1646305731.652757 7.477948 3.145374 -0.911535 -0.032452 0.019816 0.597300 0.801116
1646305731.677756 7.526658 3.142866 -0.906882 -0.027580 0.019763 0.561580 0.826727
1646305731.702755 7.573564 3.137733 -0.901103 -0.022585 0.018770 0.526427 0.849713
1646305731.727754 7.616743 3.130719 -0.889919 -0.018588 0.017588 0.493617 0.869303
1646305731.752753 7.659053 3.124489 -0.881821 -0.016104 0.014882 0.462481 0.886358
1646305731.777752 7.699571 3.118892 -0.875217 -0.016123 0.011957 0.433340 0.901007
1646305731.802751 7.739337 3.113198 -0.868009 -0.016213 0.009013 0.406223 0.913586
1646305731.827750 7.776371 3.112108 -0.858759 -0.017202 0.007905 0.382315 0.923838
1646305731.852749 7.811972 3.109429 -0.851275 -0.018223 0.006731 0.360165 0.932686
1646305731.877748 7.846763 3.108737 -0.846509 -0.018403 0.006008 0.339086 0.940556
1646305731.902747 7.881880 3.109998 -0.842637 -0.017829 0.006831 0.319477 0.947402
1646305731.952745 7.947883 3.118242 -0.847605 -0.014014 0.016184 0.284201 0.958526
1646305731.977744 7.980324 3.124577 -0.848458 -0.009828 0.022604 0.267497 0.963243
1646305732.002743 8.012656 3.131124 -0.851456 -0.006083 0.028065 0.252022 0.967295
1646305732.027742 8.043972 3.139137 -0.854205 -0.005370 0.031255 0.238997 0.970502
1646305732.052737 8.075719 3.145775 -0.860107 -0.004389 0.033695 0.228452 0.972962
1646305732.077736 8.106068 3.152905 -0.868687 -0.002547 0.039062 0.221098 0.974466
1646305732.102735 8.135061 3.160858 -0.878283 0.000117 0.045861 0.215906 0.975337
1646305732.127734 8.161109 3.169853 -0.884612 0.001935 0.055890 0.211996 0.975669
1646305732.152733 8.187797 3.177321 -0.893582 0.002932 0.066844 0.207843 0.975871
1646305732.177732 8.214123 3.185021 -0.903474 0.003621 0.078641 0.202425 0.976128
1646305732.202731 8.239600 3.191293 -0.912151 0.003975 0.090269 0.197184 0.976194
1646305732.227730 8.263328 3.194713 -0.919075 0.001856 0.101833 0.193054 0.975888
1646305732.252729 8.286681 3.200090 -0.924586 -0.000532 0.112269 0.189330 0.975474
1646305732.277728 8.310175 3.204247 -0.929363 -0.002940 0.122433 0.186304 0.974829
1646305732.302727 8.333485 3.209191 -0.931074 -0.006774 0.130818 0.184768 0.974013
1646305732.327726 8.355044 3.213935 -0.929091 -0.011653 0.137907 0.185092 0.972927
1646305732.352725 8.377831 3.219527 -0.925222 -0.016389 0.143142 0.186464 0.971840
1646305732.377724 8.400191 3.225126 -0.919405 -0.021610 0.146561 0.189408 0.970658
1646305732.402723 8.422987 3.231686 -0.909687 -0.027599 0.147977 0.192956 0.969592
1646305732.427722 8.445442 3.238946 -0.895816 -0.034024 0.146869 0.199357 0.968261
1646305732.452721 8.468167 3.247113 -0.881536 -0.040743 0.144451 0.206500 0.966867
1646305732.477720 8.490824 3.256188 -0.865761 -0.045462 0.140457 0.214201 0.965569
1646305732.502719 8.511749 3.265092 -0.847629 -0.048082 0.135962 0.220863 0.964584
1646305732.527718 8.529145 3.271859 -0.826725 -0.049766 0.130071 0.227333 0.963807
1646305732.552717 8.547917 3.281141 -0.806395 -0.049875 0.123883 0.231536 0.963617
1646305732.577716 8.566641 3.290932 -0.785084 -0.047674 0.118048 0.234814 0.963667
1646305732.602715 8.584300 3.300395 -0.762614 -0.045824 0.112261 0.237279 0.963845
1646305732.627714 8.597667 3.306873 -0.738144 -0.045999 0.105566 0.240101 0.963894
1646305732.652713 8.613250 3.315660 -0.713857 -0.045257 0.098618 0.241407 0.964339
1646305732.677712 8.628626 3.324709 -0.690514 -0.042858 0.091694 0.241660 0.965068
1646305732.702711 8.643818 3.332686 -0.668263 -0.039533 0.085423 0.244137 0.965162
1646305732.727710 8.652141 3.338355 -0.642037 -0.034594 0.079926 0.244603 0.965704
1646305732.727710 8.652141 3.338355 -0.642037 -0.034594 0.079926 0.244603 0.965704
1646305732.777709 8.684391 3.369684 -0.592600 -0.025472 0.071103 0.245431 0.966467
1646305732.802707 8.694380 3.378281 -0.569920 -0.022000 0.068038 0.245563 0.966740
1646305732.827706 8.700630 3.380781 -0.547834 -0.020439 0.067237 0.245637 0.966811
1646305732.827706 8.700630 3.380781 -0.547834 -0.020439 0.067237 0.245637 0.966811
1646305732.877704 8.716275 3.392099 -0.499279 -0.019622 0.071983 0.241991 0.967406
1646305732.902704 8.722135 3.397080 -0.478098 -0.019392 0.074781 0.239597 0.967794
1646305732.927703 8.722306 3.397635 -0.454012 -0.023116 0.079515 0.237974 0.967735
1646305732.927703 8.722306 3.397635 -0.454012 -0.023116 0.079515 0.237974 0.967735
1646305732.977700 8.732967 3.403446 -0.402645 -0.033553 0.091658 0.232639 0.967653
1646305733.002700 8.736378 3.406348 -0.378407 -0.036901 0.097263 0.229153 0.967816
1646305733.027699 8.735807 3.408211 -0.351324 -0.039264 0.101333 0.227421 0.967714
1646305733.027699 8.735807 3.408211 -0.351324 -0.039264 0.101333 0.227421 0.967714
1646305733.077697 8.751351 3.416905 -0.294494 -0.040621 0.104311 0.223322 0.968296
1646305733.102695 8.754631 3.421202 -0.270477 -0.039204 0.102923 0.220849 0.969069
1646305733.127695 8.753821 3.424569 -0.245769 -0.038599 0.100445 0.220323 0.969473
1646305733.127695 8.753821 3.424569 -0.245769 -0.038599 0.100445 0.220323 0.969473
1646305733.177693 8.774313 3.428685 -0.192880 -0.037769 0.096264 0.217491 0.970569
1646305733.202692 8.777995 3.432233 -0.172933 -0.034506 0.094557 0.215017 0.971409
1646305733.227691 8.775159 3.437542 -0.154257 -0.030997 0.093436 0.214756 0.971694
1646305733.227691 8.775159 3.437542 -0.154257 -0.030997 0.093436 0.214756 0.971694
1646305733.277689 8.796496 3.448736 -0.111812 -0.025583 0.089677 0.209505 0.973350
1646305733.302688 8.799913 3.453459 -0.097620 -0.022507 0.087482 0.204150 0.974763
1646305733.327687 8.804513 3.458909 -0.084187 -0.018902 0.084518 0.198583 0.976250
1646305733.327687 8.804513 3.458909 -0.084187 -0.018902 0.084518 0.198583 0.976250
1646305733.377685 8.833573 3.470382 -0.054443 -0.008375 0.079152 0.187229 0.979086
1646305733.402683 8.828176 3.472890 -0.046465 -0.003740 0.077550 0.181180 0.980381
1646305733.427683 8.831806 3.476384 -0.036829 -0.000855 0.074895 0.177004 0.981356
1646305733.427683 8.831806 3.476384 -0.036829 -0.000855 0.074895 0.177004 0.981356
1646305733.477681 8.872636 3.488594 -0.018955 0.001884 0.062989 0.171724 0.983128
1646305733.502680 8.856440 3.485313 -0.013249 0.001839 0.059557 0.167231 0.984116
1646305733.527679 8.858057 3.487949 -0.007227 0.001900 0.053638 0.165643 0.984724
1646305733.527679 8.858057 3.487949 -0.007227 0.001900 0.053638 0.165643 0.984724
1646305733.577677 8.907262 3.507579 0.002342 0.000892 0.041702 0.165166 0.985383
1646305733.602676 8.891453 3.502941 0.006096 -0.000551 0.040458 0.161498 0.986043
1646305733.627675 8.891204 3.500276 0.010015 -0.001488 0.036570 0.158901 0.986616
1646305733.627675 8.891204 3.500276 0.010015 -0.001488 0.036570 0.158901 0.986616
1646305733.677673 8.943931 3.520957 0.016255 -0.002223 0.029452 0.155183 0.987444
1646305733.702672 8.944766 3.522378 0.019840 -0.002475 0.027844 0.151192 0.988109
1646305733.727671 8.953067 3.514930 0.022232 -0.000851 0.024726 0.148405 0.988617
1646305733.727671 8.953067 3.514930 0.022232 -0.000851 0.024726 0.148405 0.988617
1646305733.777669 9.029872 3.539350 0.027068 0.001574 0.020035 0.150104 0.988466
1646305733.802668 9.041575 3.543617 0.029931 0.003017 0.019215 0.147599 0.988856
1646305733.827667 9.057989 3.532412 0.031508 0.004463 0.018140 0.146602 0.989019
1646305733.827667 9.057989 3.532412 0.031508 0.004463 0.018140 0.146602 0.989019
1646305733.877665 9.120982 3.548212 0.037122 0.004468 0.019259 0.149987 0.988490
1646305733.902664 9.138781 3.551684 0.039787 0.004739 0.018662 0.148713 0.988693
1646305733.927663 9.157949 3.541693 0.041010 0.004873 0.018507 0.147979 0.988805
1646305733.927663 9.157949 3.541693 0.041010 0.004873 0.018507 0.147979 0.988805
1646305733.977661 9.190826 3.543513 0.044121 0.003844 0.016065 0.148845 0.988722
1646305734.002660 9.200433 3.542352 0.046415 0.003960 0.014853 0.147090 0.989004
1646305734.027659 9.219326 3.534208 0.048037 0.004352 0.013861 0.146231 0.989144
1646305734.027659 9.219326 3.534208 0.048037 0.004352 0.013861 0.146231 0.989144
1646305734.077657 9.216527 3.542611 0.051593 0.004900 0.007050 0.143797 0.989570
1646305734.102656 9.225777 3.542042 0.054163 0.004356 0.005753 0.142867 0.989716
1646305734.127655 9.233300 3.536003 0.055385 0.003597 0.003985 0.141280 0.989955
1646305734.127655 9.233300 3.536003 0.055385 0.003597 0.003985 0.141280 0.989955
1646305734.177653 9.218868 3.536450 0.059467 0.002058 0.002462 0.143952 0.989580
1646305734.202652 9.221725 3.535115 0.060133 0.002364 0.003088 0.142601 0.989773
1646305734.227651 9.225089 3.533166 0.061981 0.002312 0.001532 0.143536 0.989641
1646305734.227651 9.225089 3.533166 0.061981 0.002312 0.001532 0.143536 0.989641
1646305734.277649 9.210523 3.534695 0.064671 0.003653 0.001017 0.147517 0.989052
1646305734.302648 9.210832 3.534587 0.065973 0.004710 0.000853 0.149145 0.988804
1646305734.327647 9.211898 3.531856 0.066983 0.004876 0.000273 0.150697 0.988568
1646305734.327647 9.211898 3.531856 0.066983 0.004876 0.000273 0.150697 0.988568
1646305734.377645 9.202307 3.535426 0.068956 0.006022 0.001402 0.153368 0.988150
1646305734.402644 9.202865 3.536123 0.070256 0.006034 0.000912 0.154552 0.987966
1646305734.427643 9.205256 3.532224 0.071007 0.005363 0.000752 0.155685 0.987792
1646305734.427643 9.205256 3.532224 0.071007 0.005363 0.000752 0.155685 0.987792
1646305734.477641 9.200621 3.536388 0.070864 0.004017 -0.000147 0.156188 0.987719
1646305734.502640 9.200595 3.537087 0.071421 0.004423 -0.001447 0.155749 0.987786
1646305734.527639 9.201871 3.534691 0.071581 0.005209 -0.002174 0.156060 0.987731
1646305734.527639 9.201871 3.534691 0.071581 0.005209 -0.002174 0.156060 0.987731
1646305734.577637 9.198289 3.537945 0.073337 0.005802 -0.003770 0.155521 0.987808
1646305734.602636 9.199881 3.540287 0.074079 0.006679 -0.004190 0.155370 0.987825
1646305734.627635 9.201772 3.538098 0.074399 0.006886 -0.004460 0.155523 0.987798
1646305734.627635 9.201772 3.538098 0.074399 0.006886 -0.004460 0.155523 0.987798
1646305734.677633 9.196344 3.540556 0.075974 0.006317 -0.003291 0.155021 0.987885
1646305734.702632 9.196231 3.542417 0.076805 0.006922 -0.003798 0.155249 0.987844
1646305734.727631 9.197007 3.539990 0.077854 0.007223 -0.004030 0.155640 0.987779
1646305734.727631 9.197007 3.539990 0.077854 0.007223 -0.004030 0.155640 0.987779
1646305734.777629 9.192842 3.543933 0.079823 0.006674 -0.004521 0.155004 0.987881
1646305734.802628 9.194482 3.546799 0.081140 0.007222 -0.005489 0.154995 0.987874
1646305734.827627 9.197308 3.544530 0.081353 0.007876 -0.005843 0.154903 0.987881
1646305734.827627 9.197308 3.544530 0.081353 0.007876 -0.005843 0.154903 0.987881
1646305734.877625 9.191934 3.547024 0.082671 0.008335 -0.007349 0.153550 0.988078
1646305734.902624 9.192698 3.548656 0.083107 0.008938 -0.008170 0.154094 0.987982
1646305734.927623 9.195513 3.545514 0.083073 0.009482 -0.008313 0.154423 0.987924
1646305734.927623 9.195513 3.545514 0.083073 0.009482 -0.008313 0.154423 0.987924
1646305734.977621 9.192108 3.549527 0.083427 0.008493 -0.007565 0.153488 0.988085
1646305735.002620 9.192716 3.550751 0.083455 0.008921 -0.008231 0.154143 0.987974
1646305735.027619 9.194815 3.546831 0.083420 0.009177 -0.007941 0.154390 0.987935
1646305735.027619 9.194815 3.546831 0.083420 0.009177 -0.007941 0.154390 0.987935
1646305735.077617 9.192941 3.549519 0.084563 0.007972 -0.006699 0.153650 0.988070
1646305735.102616 9.194614 3.551036 0.085447 0.008579 -0.007742 0.153969 0.988008
1646305735.127615 9.197551 3.548413 0.085837 0.009107 -0.007201 0.154129 0.987983
1646305735.127615 9.197551 3.548413 0.085837 0.009107 -0.007201 0.154129 0.987983
1646305735.177613 9.195549 3.549832 0.085785 0.007531 -0.005474 0.153397 0.988121
1646305735.202612 9.197188 3.551179 0.086165 0.008040 -0.006351 0.153660 0.988071
1646305735.227611 9.200225 3.549020 0.086688 0.008942 -0.006311 0.153949 0.988018
1646305735.227611 9.200225 3.549020 0.086688 0.008942 -0.006311 0.153949 0.988018
1646305735.277609 9.196551 3.550330 0.086736 0.008290 -0.007340 0.153709 0.988054
1646305735.302608 9.197013 3.550912 0.087064 0.008563 -0.008410 0.154277 0.987955
1646305735.327607 9.198584 3.548268 0.087288 0.009157 -0.008882 0.154414 0.987924
1646305735.327607 9.198584 3.548268 0.087288 0.009157 -0.008882 0.154414 0.987924
1646305735.377605 9.195349 3.548179 0.085170 0.008672 -0.008248 0.153600 0.988061
1646305735.402604 9.195444 3.548229 0.085348 0.008907 -0.009123 0.153836 0.988014
1646305735.427603 9.197063 3.546374 0.086024 0.008535 -0.009024 0.153865 0.988014
1646305735.427603 9.197063 3.546374 0.086024 0.008535 -0.009024 0.153865 0.988014
1646305735.477601 9.194581 3.546861 0.086205 0.007975 -0.007054 0.153218 0.988135
1646305735.502600 9.196182 3.547795 0.087363 0.008262 -0.007868 0.153777 0.988040
1646305735.552598 9.198712 3.545292 0.089456 0.007489 -0.006324 0.154682 0.987916
1646305735.577597 9.197077 3.545304 0.089566 0.007213 -0.005530 0.154101 0.988013
1646305735.602596 9.196788 3.544866 0.090203 0.006468 -0.004630 0.154214 0.988005
1646305735.627595 9.197794 3.540532 0.090676 0.006299 -0.003903 0.154402 0.987980
1646305735.627595 9.197794 3.540532 0.090676 0.006299 -0.003903 0.154402 0.987980
1646305735.677593 9.193885 3.540855 0.092080 0.005548 -0.003320 0.153684 0.988099
1646305735.702592 9.193299 3.540266 0.092059 0.005214 -0.002985 0.153792 0.988085
1646305735.727591 9.195120 3.536756 0.092048 0.004797 -0.002708 0.154313 0.988007
1646305735.727591 9.195120 3.536756 0.092048 0.004797 -0.002708 0.154313 0.988007
1646305735.777589 9.192602 3.537909 0.090027 0.004248 -0.001238 0.153719 0.988105
1646305735.802588 9.194142 3.538481 0.090694 0.003592 -0.001386 0.153818 0.988092
1646305735.827587 9.196308 3.539296 0.090962 0.001463 -0.001540 0.153890 0.988086
1646305735.827587 9.196308 3.539296 0.090962 0.001463 -0.001540 0.153890 0.988086
1646305735.877585 9.192631 3.540188 0.089464 -0.003473 0.001322 0.152073 0.988362
1646305735.902584 9.193075 3.540337 0.090777 -0.004622 -0.000084 0.152023 0.988366
1646305735.927583 9.194549 3.535612 0.090502 -0.004314 0.000676 0.151881 0.988389
1646305735.927583 9.194549 3.535612 0.090502 -0.004314 0.000676 0.151881 0.988389
1646305735.977582 9.191401 3.538117 0.090657 -0.004380 0.000967 0.151192 0.988494
1646305736.002580 9.192003 3.539015 0.091630 -0.004269 0.000492 0.151778 0.988405
1646305736.027580 9.193882 3.535851 0.091333 -0.004349 0.000865 0.152211 0.988338
1646305736.027580 9.193882 3.535851 0.091333 -0.004349 0.000865 0.152211 0.988338
1646305736.077569 9.191037 3.537832 0.090489 -0.004501 0.001191 0.152070 0.988359
1646305736.102568 9.191385 3.538676 0.091349 -0.004304 0.000654 0.152445 0.988302
1646305736.127567 9.192495 3.536800 0.091262 -0.004386 0.000876 0.153210 0.988184
1646305736.127567 9.192495 3.536800 0.091262 -0.004386 0.000876 0.153210 0.988184
1646305736.177565 9.190418 3.538741 0.090704 -0.004547 0.001240 0.153233 0.988179
1646305736.202564 9.191009 3.539442 0.091531 -0.004322 0.000708 0.153657 0.988115
1646305736.227563 9.192335 3.537202 0.091725 -0.004393 0.000823 0.153967 0.988066
1646305736.227563 9.192335 3.537202 0.091725 -0.004393 0.000823 0.153967 0.988066
1646305736.277561 9.190406 3.539447 0.090909 -0.004475 0.001175 0.153432 0.988148
1646305736.302560 9.190927 3.540270 0.091594 -0.004250 0.000711 0.153688 0.988110
1646305736.327559 9.192294 3.537443 0.091867 -0.004385 0.000774 0.153989 0.988063
1646305736.327559 9.192294 3.537443 0.091867 -0.004385 0.000774 0.153989 0.988063
1646305736.377557 9.190665 3.539715 0.091118 -0.004494 0.001220 0.153585 0.988124
1646305736.402556 9.191037 3.540382 0.091746 -0.004257 0.000695 0.153813 0.988091
1646305736.427555 9.192391 3.537932 0.091705 -0.004393 0.000742 0.154074 0.988049
1646305736.427555 9.192391 3.537932 0.091705 -0.004393 0.000742 0.154074 0.988049
1646305736.477553 9.190822 3.539822 0.090802 -0.004510 0.001195 0.153545 0.988131
1646305736.502553 9.191233 3.540398 0.091424 -0.004290 0.000694 0.153817 0.988090
1646305736.527551 9.192065 3.538363 0.091363 -0.004413 0.000831 0.154106 0.988044
1646305736.527551 9.192065 3.538363 0.091363 -0.004413 0.000831 0.154106 0.988044
1646305736.577549 9.190432 3.539975 0.090651 -0.004514 0.001206 0.153480 0.988141
1646305736.602548 9.190875 3.540592 0.091267 -0.004319 0.000705 0.153853 0.988084
1646305736.627548 9.191706 3.538937 0.091246 -0.004412 0.000786 0.154216 0.988027
1646305736.627548 9.191706 3.538937 0.091246 -0.004412 0.000786 0.154216 0.988027
1646305736.677546 9.190553 3.540771 0.090630 -0.004456 0.001155 0.153574 0.988126
1646305736.702544 9.190937 3.541316 0.091208 -0.004279 0.000696 0.153971 0.988066
1646305736.727544 9.191417 3.539589 0.091185 -0.004450 0.000802 0.154381 0.988001
1646305736.727544 9.191417 3.539589 0.091185 -0.004450 0.000802 0.154381 0.988001
1646305736.777542 9.190484 3.540993 0.090605 -0.004535 0.001267 0.153894 0.988076
1646305736.802541 9.190851 3.541430 0.091231 -0.004313 0.000699 0.154347 0.988007
1646305736.827539 9.191435 3.538971 0.091363 -0.004464 0.000773 0.154631 0.987962
1646305736.827539 9.191435 3.538971 0.091363 -0.004464 0.000773 0.154631 0.987962
1646305736.877538 9.190067 3.540390 0.090500 -0.004472 0.001223 0.154002 0.988060
1646305736.902537 9.190455 3.540827 0.091133 -0.004278 0.000694 0.154347 0.988007
1646305736.927536 9.190921 3.539084 0.091401 -0.004442 0.000744 0.154660 0.987957
1646305736.927536 9.190921 3.539084 0.091401 -0.004442 0.000744 0.154660 0.987957
1646305736.977534 9.189768 3.540754 0.090504 -0.004562 0.001270 0.154814 0.987932
1646305737.002533 9.189873 3.541532 0.091111 -0.004281 0.000746 0.155596 0.987811
1646305737.027532 9.190273 3.539519 0.091079 -0.004339 0.000939 0.156654 0.987644
1646305737.027532 9.190273 3.539519 0.091079 -0.004339 0.000939 0.156654 0.987644
1646305737.077530 9.189538 3.540874 0.090683 -0.004460 0.001241 0.156228 0.987710
1646305737.102529 9.190092 3.541279 0.091235 -0.004253 0.000807 0.156555 0.987660
1646305737.127528 9.190839 3.539612 0.091356 -0.004367 0.000888 0.156858 0.987611
1646305737.127528 9.190839 3.539612 0.091356 -0.004367 0.000888 0.156858 0.987611
1646305737.177526 9.190057 3.541310 0.090767 -0.004515 0.001313 0.156349 0.987691
1646305737.202525 9.190377 3.541746 0.091379 -0.004265 0.000791 0.156523 0.987665
1646305737.227524 9.191119 3.540019 0.091610 -0.004375 0.000897 0.156806 0.987619
1646305737.227524 9.191119 3.540019 0.091610 -0.004375 0.000897 0.156806 0.987619
1646305737.277522 9.190103 3.541616 0.090674 -0.004520 0.001293 0.156180 0.987717
1646305737.302521 9.190460 3.542110 0.091250 -0.004294 0.000795 0.156451 0.987676
1646305737.327520 9.191201 3.539775 0.091343 -0.004376 0.000914 0.156759 0.987627
1646305737.327520 9.191201 3.539775 0.091343 -0.004376 0.000914 0.156759 0.987627
1646305737.377518 9.190016 3.541369 0.090525 -0.004529 0.001271 0.156099 0.987730
1646305737.402517 9.190368 3.541865 0.091121 -0.004337 0.000802 0.156385 0.987686
1646305737.427516 9.190860 3.539744 0.091311 -0.004392 0.000935 0.156680 0.987639
1646305737.427516 9.190860 3.539744 0.091311 -0.004392 0.000935 0.156680 0.987639
1646305737.477514 9.189911 3.541476 0.090641 -0.004501 0.001343 0.156051 0.987738
1646305737.502513 9.190189 3.541996 0.091263 -0.004274 0.000832 0.156323 0.987696
1646305737.527512 9.190508 3.539880 0.091551 -0.004377 0.000908 0.156663 0.987642
1646305737.527512 9.190508 3.539880 0.091551 -0.004377 0.000908 0.156663 0.987642
1646305737.577510 9.189394 3.541687 0.091040 -0.004443 0.001170 0.156058 0.987737
1646305737.602509 9.189682 3.542237 0.091581 -0.004272 0.000785 0.156331 0.987695
1646305737.652507 9.190372 3.539905 0.091747 -0.004385 0.000910 0.156291 0.987701
1646305737.677506 9.188880 3.539915 0.090935 -0.004418 0.000933 0.155495 0.987826
1646305737.702505 9.190263 3.539501 0.091103 -0.004232 0.000969 0.155681 0.987798
1646305737.727504 9.190831 3.538627 0.091697 -0.004392 0.000870 0.156200 0.987715
1646305737.727504 9.190831 3.538627 0.091697 -0.004392 0.000870 0.156200 0.987715
1646305737.777502 9.189623 3.540278 0.090480 -0.004510 0.001344 0.155468 0.987830
1646305737.802501 9.190107 3.540659 0.091105 -0.004295 0.000807 0.155817 0.987776
1646305737.827500 9.190287 3.539240 0.091343 -0.004401 0.000873 0.156188 0.987717
1646305737.827500 9.190287 3.539240 0.091343 -0.004401 0.000873 0.156188 0.987717
1646305737.877498 9.189433 3.540691 0.091000 -0.004472 0.001229 0.155435 0.987835
1646305737.902497 9.189804 3.541112 0.091589 -0.004271 0.000815 0.155848 0.987771
1646305737.927496 9.190468 3.539674 0.091760 -0.004394 0.000870 0.156209 0.987714
1646305737.927496 9.190468 3.539674 0.091760 -0.004394 0.000870 0.156209 0.987714
1646305737.977494 9.189091 3.541290 0.091240 -0.004559 0.001295 0.155487 0.987827
1646305738.002493 9.189313 3.541771 0.091787 -0.004325 0.000840 0.155857 0.987770
1646305738.027492 9.189969 3.540047 0.092035 -0.004365 0.000954 0.156208 0.987714
1646305738.027492 9.189969 3.540047 0.092035 -0.004365 0.000954 0.156208 0.987714
1646305738.077490 9.189327 3.541389 0.091296 -0.004574 0.001340 0.155537 0.987819
1646305738.102489 9.189584 3.541759 0.091752 -0.004350 0.000885 0.155875 0.987767
1646305738.127488 9.190190 3.539713 0.091970 -0.004351 0.000961 0.156234 0.987710
1646305738.127488 9.190190 3.539713 0.091970 -0.004351 0.000961 0.156234 0.987710
1646305738.177486 9.188986 3.540983 0.091536 -0.004559 0.001346 0.155481 0.987827
1646305738.202485 9.189469 3.541435 0.092016 -0.004277 0.000876 0.155874 0.987767
1646305738.227484 9.189835 3.539813 0.092033 -0.004356 0.000985 0.156179 0.987719
1646305738.227484 9.189835 3.539813 0.092033 -0.004356 0.000985 0.156179 0.987719
1646305738.277483 9.188244 3.541025 0.091920 -0.004529 0.001241 0.155530 0.987820
1646305738.302482 9.188666 3.541547 0.092433 -0.004334 0.000857 0.155897 0.987763
1646305738.327481 9.189211 3.540050 0.092457 -0.004349 0.000936 0.156191 0.987717
1646305738.327481 9.189211 3.540050 0.092457 -0.004349 0.000936 0.156191 0.987717
1646305738.377479 9.188598 3.542514 0.091377 -0.004554 0.001379 0.155524 0.987821
1646305738.402478 9.188999 3.543218 0.091773 -0.004338 0.000847 0.155914 0.987761
1646305738.427477 9.189463 3.541096 0.091884 -0.004370 0.000969 0.156177 0.987719
1646305738.427477 9.189463 3.541096 0.091884 -0.004370 0.000969 0.156177 0.987719
1646305738.477475 9.190548 3.543515 0.091319 -0.004532 0.001302 0.155540 0.987818
1646305738.502474 9.190621 3.543935 0.091590 -0.004318 0.000920 0.155977 0.987751
1646305738.527473 9.191156 3.541451 0.091550 -0.004370 0.001008 0.156174 0.987719
1646305738.527473 9.191156 3.541451 0.091550 -0.004370 0.001008 0.156174 0.987719
1646305738.577471 9.190888 3.543885 0.091022 -0.004505 0.001361 0.155514 0.987823
1646305738.602470 9.190796 3.544247 0.091297 -0.004254 0.000952 0.155976 0.987751
1646305738.627469 9.191093 3.541773 0.091439 -0.004368 0.000958 0.156150 0.987723
1646305738.627469 9.191093 3.541773 0.091439 -0.004368 0.000958 0.156150 0.987723
1646305738.677467 9.191136 3.543306 0.090822 -0.004595 0.001435 0.155587 0.987810
1646305738.702466 9.191120 3.543516 0.091042 -0.004294 0.000974 0.155949 0.987755
1646305738.727465 9.191089 3.541381 0.091028 -0.004392 0.001008 0.156132 0.987726
1646305738.727465 9.191089 3.541381 0.091028 -0.004392 0.001008 0.156132 0.987726
1646305738.777463 9.190705 3.543097 0.090937 -0.004577 0.001373 0.155495 0.987825
1646305738.802462 9.190741 3.543376 0.090923 -0.004613 0.001593 0.155705 0.987792
1646305738.827461 9.190702 3.541322 0.091358 -0.004356 0.001026 0.156135 0.987726
1646305738.827461 9.190702 3.541322 0.091358 -0.004356 0.001026 0.156135 0.987726
1646305738.877459 9.190349 3.543197 0.090926 -0.004573 0.001399 0.155525 0.987820
1646305738.902458 9.190478 3.543553 0.091116 -0.004424 0.001247 0.155986 0.987749
1646305738.952456 9.190663 3.541630 0.091602 -0.004337 0.000959 0.156159 0.987722
1646305738.977455 9.189353 3.541138 0.091168 -0.004414 0.000966 0.155540 0.987819
1646305739.002454 9.189907 3.540397 0.091003 -0.004494 0.001323 0.155604 0.987808
1646305739.027453 9.190254 3.539826 0.091519 -0.004364 0.001021 0.156163 0.987721
1646305739.027453 9.190254 3.539826 0.091519 -0.004364 0.001021 0.156163 0.987721
1646305739.077449 9.190708 3.542025 0.091016 -0.004517 0.001356 0.155527 0.987820
1646305739.102448 9.191554 3.542713 0.092549 -0.004309 0.001022 0.155858 0.987770
1646305739.127447 9.191610 3.541266 0.092676 -0.004308 0.000969 0.156126 0.987727
1646305739.127447 9.191610 3.541266 0.092676 -0.004308 0.000969 0.156126 0.987727
1646305739.177445 9.191014 3.543650 0.091631 -0.004532 0.001354 0.155572 0.987813
1646305739.202444 9.191932 3.545528 0.092339 -0.004237 0.001006 0.155900 0.987763
1646305739.227443 9.191942 3.543040 0.092290 -0.004341 0.000995 0.156129 0.987727
1646305739.227443 9.191942 3.543040 0.092290 -0.004341 0.000995 0.156129 0.987727
1646305739.277441 9.190900 3.544603 0.091355 -0.004504 0.001313 0.155580 0.987812
1646305739.302440 9.192208 3.548707 0.092421 -0.004172 0.001092 0.155969 0.987753
1646305739.327439 9.192309 3.545107 0.092362 -0.004341 0.000983 0.156102 0.987731
1646305739.327439 9.192309 3.545107 0.092362 -0.004341 0.000983 0.156102 0.987731
1646305739.377437 9.190521 3.546037 0.091932 -0.004539 0.001329 0.155565 0.987814
1646305739.402436 9.190835 3.547165 0.092713 -0.004269 0.000971 0.155962 0.987753
1646305739.427435 9.190917 3.543951 0.092559 -0.004341 0.000936 0.156135 0.987726
1646305739.427435 9.190917 3.543951 0.092559 -0.004341 0.000936 0.156135 0.987726
1646305739.477433 9.191109 3.544159 0.091798 -0.004554 0.001337 0.155568 0.987814
1646305739.502432 9.191848 3.545129 0.092519 -0.004248 0.000985 0.155871 0.987768
1646305739.527431 9.191908 3.542752 0.092527 -0.004337 0.001007 0.156118 0.987728
1646305739.527431 9.191908 3.542752 0.092527 -0.004337 0.001007 0.156118 0.987728
1646305739.577429 9.191215 3.543963 0.092066 -0.004581 0.001340 0.155552 0.987816
1646305739.602428 9.194426 3.546113 0.092715 -0.004289 0.000969 0.155874 0.987767
1646305739.627427 9.194518 3.543465 0.092622 -0.004333 0.000991 0.156053 0.987739
1646305739.627427 9.194518 3.543465 0.092622 -0.004333 0.000991 0.156053 0.987739
1646305739.677425 9.192143 3.544600 0.092765 -0.004564 0.001340 0.155583 0.987811
1646305739.702424 9.194930 3.544149 0.093549 -0.004270 0.000899 0.155812 0.987777
1646305739.727423 9.194568 3.542180 0.093294 -0.004301 0.000994 0.156039 0.987741
1646305739.727423 9.194568 3.542180 0.093294 -0.004301 0.000994 0.156039 0.987741
1646305739.777421 9.192260 3.542891 0.093111 -0.004552 0.001318 0.155589 0.987811
1646305739.802420 9.191985 3.542304 0.093318 -0.004252 0.000942 0.155786 0.987781
1646305739.827419 9.191540 3.540940 0.093070 -0.004288 0.000955 0.156110 0.987730
1646305739.827419 9.191540 3.540940 0.093070 -0.004288 0.000955 0.156110 0.987730
1646305739.877417 9.190570 3.542547 0.092525 -0.004537 0.001320 0.155549 0.987817
1646305739.902416 9.190220 3.541636 0.092761 -0.004262 0.000953 0.155815 0.987777
1646305739.927415 9.190078 3.540772 0.092578 -0.004318 0.000999 0.156161 0.987722
1646305739.927415 9.190078 3.540772 0.092578 -0.004318 0.000999 0.156161 0.987722
1646305739.977413 9.189531 3.542443 0.092327 -0.004584 0.001325 0.155557 0.987815
1646305740.002412 9.190166 3.541761 0.092704 -0.004341 0.000935 0.155795 0.987779
1646305740.052410 9.190235 3.540881 0.092609 -0.004307 0.000943 0.156139 0.987725
1646305740.077410 9.188912 3.541222 0.092710 -0.004460 0.001037 0.155510 0.987824
1646305740.102408 9.189684 3.540879 0.092051 -0.004440 0.001280 0.155582 0.987812
1646305740.127407 9.190118 3.540261 0.092174 -0.004330 0.000990 0.156163 0.987721
1646305740.127407 9.190118 3.540261 0.092174 -0.004330 0.000990 0.156163 0.987721
1646305740.177406 9.190176 3.541760 0.092321 -0.004524 0.001316 0.155557 0.987816
1646305740.202404 9.188284 3.542043 0.092689 -0.004262 0.000952 0.155841 0.987772
1646305740.227403 9.188676 3.541167 0.092681 -0.004324 0.000959 0.156192 0.987717
1646305740.227403 9.188676 3.541167 0.092681 -0.004324 0.000959 0.156192 0.987717
1646305740.277401 9.189306 3.543307 0.092528 -0.004530 0.001326 0.155538 0.987819
1646305740.302401 9.191932 3.545156 0.093341 -0.004213 0.000998 0.155899 0.987764
1646305740.327399 9.192413 3.543276 0.093194 -0.004312 0.000969 0.156101 0.987731
1646305740.327399 9.192413 3.543276 0.093194 -0.004312 0.000969 0.156101 0.987731
1646305740.377398 9.191472 3.545592 0.092432 -0.004577 0.001345 0.155615 0.987806
1646305740.402396 9.189991 3.547030 0.092768 -0.004183 0.001070 0.156049 0.987740
1646305740.427396 9.190255 3.544092 0.092568 -0.004343 0.000973 0.156161 0.987722
1646305740.427396 9.190255 3.544092 0.092568 -0.004343 0.000973 0.156161 0.987722
1646305740.477394 9.191643 3.545279 0.092792 -0.004559 0.001318 0.155584 0.987811
1646305740.502393 9.193271 3.545347 0.093597 -0.004128 0.001088 0.155976 0.987752
1646305740.527392 9.193280 3.542885 0.093394 -0.004314 0.001001 0.156083 0.987734
1646305740.527392 9.193280 3.542885 0.093394 -0.004314 0.001001 0.156083 0.987734
1646305740.577390 9.192990 3.543964 0.093014 -0.004552 0.001325 0.155568 0.987814
1646305740.602389 9.192830 3.542609 0.093197 -0.004167 0.001088 0.155958 0.987754
1646305740.627388 9.192467 3.541289 0.093075 -0.004303 0.000991 0.156106 0.987730
1646305740.627388 9.192467 3.541289 0.093075 -0.004303 0.000991 0.156106 0.987730
1646305740.677386 9.191395 3.543272 0.091642 -0.004546 0.001329 0.155573 0.987813
1646305740.702385 9.191927 3.542318 0.091959 -0.004317 0.001042 0.155945 0.987756
1646305740.727384 9.191724 3.541195 0.091943 -0.004343 0.001011 0.156112 0.987729
1646305740.727384 9.191724 3.541195 0.091943 -0.004343 0.001011 0.156112 0.987729
1646305740.777382 9.190669 3.542883 0.091012 -0.004542 0.001353 0.155568 0.987814
1646305740.802381 9.191217 3.542881 0.091380 -0.004294 0.001080 0.155946 0.987756
1646305740.827380 9.191285 3.541789 0.091576 -0.004363 0.001010 0.156120 0.987728
1646305740.827380 9.191285 3.541789 0.091576 -0.004363 0.001010 0.156120 0.987728
1646305740.877378 9.190372 3.543820 0.091259 -0.004537 0.001342 0.155615 0.987806
1646305740.902377 9.189949 3.543127 0.091548 -0.004325 0.001035 0.155979 0.987750
1646305740.927376 9.190159 3.541840 0.091837 -0.004351 0.000983 0.156142 0.987725
1646305740.927376 9.190159 3.541840 0.091837 -0.004351 0.000983 0.156142 0.987725
1646305740.977374 9.190087 3.543608 0.091547 -0.004551 0.001355 0.155528 0.987820
1646305741.002373 9.188568 3.539954 0.091548 -0.004408 0.000895 0.155988 0.987749
1646305741.027372 9.188726 3.539576 0.091809 -0.004348 0.000984 0.156195 0.987716
1646305741.027372 9.188726 3.539576 0.091809 -0.004348 0.000984 0.156195 0.987716
1646305741.077370 9.189732 3.542071 0.091309 -0.004541 0.001348 0.155513 0.987823
1646305741.102369 9.188740 3.539110 0.091415 -0.004402 0.000901 0.155973 0.987751
