# time(s), pre_rot_eig1, pre_rot_eig2, pre_rot_eig3, pre_trans_eig1, pre_trans_eig2, pre_trans_eig3, post_rot_eig1, post_rot_eig2, post_rot_eig3, post_trans_eig1, post_trans_eig2, post_trans_eig3, cam_used[0], cam_used[1], cam_used[2], cam_used[3], level0_avg_total_rows
1646305719.153248787, 0.000000763, 0.000009441, 0.000011864, 0.000012012, 0.000017999, 0.000035202, 0.000000763, 0.000009441, 0.000011864, 0.000012012, 0.000017999, 0.000035202, 0, 1, 1, 0, 0.000000000
1646305719.253244877, 0.000000578, 0.000002008, 0.000002259, 0.000009642, 0.000013997, 0.000020774, 0.000000578, 0.000002008, 0.000002259, 0.000009642, 0.000013997, 0.000020774, 1, 1, 0, 0, 0.000000000
1646305719.353240728, 0.000000142, 0.000000514, 0.000000747, 0.000003204, 0.000003702, 0.000006420, 0.000000043, 0.000000186, 0.000000300, 0.000000164, 0.000000273, 0.000000972, 1, 1, 1, 0, 27.000000000
1646305719.403239012, 0.000000430, 0.000000535, 0.000001108, 0.000001044, 0.000001422, 0.000002235, 0.000000107, 0.000000209, 0.000000311, 0.000000169, 0.000000202, 0.000000861, 0, 1, 1, 0, 37.000000000
1646305719.453237057, 0.000000086, 0.000000546, 0.000000708, 0.000000670, 0.000000786, 0.000001843, 0.000000040, 0.000000187, 0.000000243, 0.000000095, 0.000000157, 0.000000847, 0, 1, 1, 0, 41.000000000
1646305719.503235102, 0.000000361, 0.000000671, 0.000001135, 0.000000421, 0.000000556, 0.000001567, 0.000000072, 0.000000178, 0.000000261, 0.000000107, 0.000000128, 0.000000504, 0, 1, 1, 0, 52.000000000
1646305719.603230953, 0.000000052, 0.000000319, 0.000000454, 0.000000828, 0.000000991, 0.000001213, 0.000000030, 0.000000154, 0.000000181, 0.000000091, 0.000000142, 0.000000537, 0, 1, 1, 0, 56.000000000
1646305719.703227043, 0.000000029, 0.000000179, 0.000000247, 0.000000703, 0.000000814, 0.000000997, 0.000000018, 0.000000097, 0.000000129, 0.000000072, 0.000000099, 0.000000415, 0, 1, 1, 0, 59.000000000
1646305719.803223133, 0.000000021, 0.000000082, 0.000000141, 0.000000604, 0.000000717, 0.000000901, 0.000000014, 0.000000061, 0.000000085, 0.000000065, 0.000000077, 0.000000386, 0, 1, 1, 0, 63.000000000
1646305719.828222275, 0.000000042, 0.000000046, 0.000000486, 0.000000138, 0.000000154, 0.000000522, 0.000000031, 0.000000038, 0.000000287, 0.000000007, 0.000000031, 0.000000252, 0, 1, 0, 0, 0.000000000
1646305719.953217268, 0.000000013, 0.000000016, 0.000000064, 0.000000580, 0.000000757, 0.000000885, 0.000000010, 0.000000014, 0.000000048, 0.000000065, 0.000000068, 0.000000353, 0, 1, 1, 0, 64.000000000
1646305720.003215313, 0.000000022, 0.000000031, 0.000000206, 0.000000291, 0.000000295, 0.000000648, 0.000000018, 0.000000026, 0.000000101, 0.000000076, 0.000000096, 0.000000339, 0, 1, 1, 0, 61.000000000
1646305720.103211403, 0.000000010, 0.000000013, 0.000000069, 0.000000508, 0.000000639, 0.000000707, 0.000000009, 0.000000011, 0.000000054, 0.000000089, 0.000000101, 0.000000348, 0, 1, 1, 0, 63.000000000
1646305720.203207493, 0.000000006, 0.000000008, 0.000000041, 0.000000435, 0.000000585, 0.000000632, 0.000000006, 0.000000007, 0.000000035, 0.000000078, 0.000000091, 0.000000316, 0, 1, 1, 1, 64.000000000
1646305720.253205538, 0.000000012, 0.000000018, 0.000000052, 0.000000311, 0.000000328, 0.000000560, 0.000000011, 0.000000013, 0.000000045, 0.000000095, 0.000000116, 0.000000400, 0, 1, 1, 0, 51.000000000
1646305720.378200531, 0.000000004, 0.000000006, 0.000000032, 0.000000425, 0.000000668, 0.000000732, 0.000000004, 0.000000006, 0.000000027, 0.000000118, 0.000000158, 0.000000301, 0, 1, 1, 1, 64.000000000
1646305720.428198814, 0.000000011, 0.000000020, 0.000000172, 0.000000375, 0.000000413, 0.000000506, 0.000000010, 0.000000015, 0.000000099, 0.000000196, 0.000000218, 0.000000425, 0, 1, 1, 0, 45.000000000
1646305720.478196859, 0.000000007, 0.000000014, 0.000000055, 0.000000465, 0.000000583, 0.000000670, 0.000000007, 0.000000013, 0.000000047, 0.000000167, 0.000000205, 0.000000463, 0, 1, 1, 0, 53.000000000
1646305720.603191853, 0.000000004, 0.000000006, 0.000000028, 0.000000398, 0.000000676, 0.000000707, 0.000000003, 0.000000005, 0.000000023, 0.000000235, 0.000000347, 0.000000413, 1, 1, 1, 0, 50.000000000
1646305720.753185749, 0.000000003, 0.000000005, 0.000000028, 0.000000400, 0.000000691, 0.000000753, 0.000000003, 0.000000005, 0.000000023, 0.000000182, 0.000000279, 0.000000369, 0, 1, 1, 1, 69.000000000
1646305720.803184032, 0.000000006, 0.000000011, 0.000000074, 0.000000478, 0.000000592, 0.000000645, 0.000000005, 0.000000009, 0.000000053, 0.000000359, 0.000000405, 0.000000592, 0, 1, 1, 0, 33.000000000
1646305720.853181839, 0.000000011, 0.000000019, 0.000000049, 0.000000687, 0.000000738, 0.000000902, 0.000000011, 0.000000014, 0.000000043, 0.000000421, 0.000000510, 0.000000746, 0, 1, 1, 0, 42.000000000
1646305720.953177929, 0.000000004, 0.000000006, 0.000000030, 0.000000425, 0.000000697, 0.000000764, 0.000000004, 0.000000005, 0.000000029, 0.000000382, 0.000000560, 0.000000591, 1, 1, 1, 0, 55.000000000
1646305721.003175974, 0.000000005, 0.000000009, 0.000000063, 0.000000646, 0.000000802, 0.000000894, 0.000000004, 0.000000008, 0.000000062, 0.000000586, 0.000000710, 0.000000763, 0, 1, 0, 1, 19.000000000
1646305721.103175640, 0.000000002, 0.000000004, 0.000000021, 0.000000352, 0.000000634, 0.000000683, 0.000000002, 0.000000004, 0.000000021, 0.000000332, 0.000000527, 0.000000621, 1, 1, 1, 1, 103.000000000
1646305721.253170013, 0.000000002, 0.000000004, 0.000000019, 0.000000335, 0.000000635, 0.000000694, 0.000000002, 0.000000004, 0.000000019, 0.000000333, 0.000000615, 0.000000678, 1, 1, 1, 0, 53.000000000
1646305721.353166103, 0.000000002, 0.000000004, 0.000000020, 0.000000314, 0.000000585, 0.000000638, 0.000000002, 0.000000004, 0.000000020, 0.000000311, 0.000000577, 0.000000631, 1, 1, 1, 0, 51.000000000
1646305721.403164148, 0.000000004, 0.000000008, 0.000000055, 0.000000574, 0.000000809, 0.000000919, 0.000000004, 0.000000008, 0.000000055, 0.000000571, 0.000000785, 0.000000898, 0, 1, 1, 0, 40.000000000
1646305721.503160477, 0.000000002, 0.000000004, 0.000000020, 0.000000339, 0.000000613, 0.000000688, 0.000000002, 0.000000004, 0.000000020, 0.000000338, 0.000000595, 0.000000670, 0, 1, 1, 0, 42.000000000
1646305721.603156567, 0.000000002, 0.000000003, 0.000000019, 0.000000315, 0.000000578, 0.000000661, 0.000000002, 0.000000003, 0.000000019, 0.000000311, 0.000000561, 0.000000649, 1, 1, 1, 1, 91.000000000
1646305721.728152037, 0.000000002, 0.000000003, 0.000000018, 0.000000326, 0.000000592, 0.000000707, 0.000000002, 0.000000003, 0.000000018, 0.000000322, 0.000000581, 0.000000693, 1, 1, 1, 0, 49.000000000
1646305721.778150082, 0.000000002, 0.000000006, 0.000000022, 0.000000361, 0.000000706, 0.000000836, 0.000000002, 0.000000006, 0.000000022, 0.000000359, 0.000000697, 0.000000818, 0, 1, 1, 0, 41.000000000
1646305721.828148127, 0.000000008, 0.000000012, 0.000000113, 0.000000538, 0.000000891, 0.000001074, 0.000000008, 0.000000012, 0.000000112, 0.000000533, 0.000000865, 0.000001062, 0, 1, 1, 0, 40.000000000
1646305721.903145313, 0.000000002, 0.000000006, 0.000000023, 0.000000440, 0.000000956, 0.000001091, 0.000000002, 0.000000006, 0.000000023, 0.000000438, 0.000000926, 0.000001059, 0, 1, 1, 0, 41.000000000
1646305722.003141642, 0.000000002, 0.000000003, 0.000000016, 0.000000310, 0.000000578, 0.000000695, 0.000000002, 0.000000003, 0.000000016, 0.000000308, 0.000000563, 0.000000676, 0, 1, 1, 1, 83.000000000
1646305722.053139687, 0.000000006, 0.000000007, 0.000000025, 0.000000383, 0.000000670, 0.000000815, 0.000000006, 0.000000007, 0.000000025, 0.000000379, 0.000000658, 0.000000804, 0, 1, 1, 0, 45.000000000
1646305722.103137732, 0.000000003, 0.000000007, 0.000000044, 0.000000680, 0.000000937, 0.000001115, 0.000000003, 0.000000007, 0.000000044, 0.000000676, 0.000000909, 0.000001093, 0, 1, 1, 0, 45.000000000
1646305722.203133821, 0.000000002, 0.000000003, 0.000000016, 0.000000319, 0.000000585, 0.000000695, 0.000000002, 0.000000003, 0.000000016, 0.000000317, 0.000000578, 0.000000681, 0, 1, 1, 0, 45.000000000
1646305722.303130150, 0.000000002, 0.000000003, 0.000000017, 0.000000308, 0.000000546, 0.000000654, 0.000000002, 0.000000003, 0.000000017, 0.000000307, 0.000000540, 0.000000641, 0, 1, 1, 0, 45.000000000
1646305722.403126240, 0.000000002, 0.000000003, 0.000000016, 0.000000309, 0.000000538, 0.000000639, 0.000000002, 0.000000003, 0.000000016, 0.000000307, 0.000000533, 0.000000635, 1, 1, 0, 1, 51.000000000
1646305722.453124523, 0.000000006, 0.000000007, 0.000000027, 0.000000394, 0.000000668, 0.000000820, 0.000000006, 0.000000007, 0.000000027, 0.000000394, 0.000000667, 0.000000812, 0, 1, 0, 1, 41.000000000
1646305722.553120613, 0.000000002, 0.000000003, 0.000000016, 0.000000322, 0.000000578, 0.000000694, 0.000000002, 0.000000003, 0.000000016, 0.000000321, 0.000000575, 0.000000691, 1, 1, 0, 1, 51.000000000
1646305722.653116941, 0.000000002, 0.000000003, 0.000000016, 0.000000304, 0.000000538, 0.000000684, 0.000000002, 0.000000003, 0.000000016, 0.000000303, 0.000000529, 0.000000670, 1, 1, 1, 0, 48.000000000
1646305722.703114986, 0.000000003, 0.000000007, 0.000000041, 0.000000562, 0.000000802, 0.000000893, 0.000000003, 0.000000007, 0.000000041, 0.000000558, 0.000000794, 0.000000878, 0, 1, 0, 1, 44.000000000
1646305722.803111076, 0.000000001, 0.000000003, 0.000000015, 0.000000313, 0.000000556, 0.000000699, 0.000000001, 0.000000003, 0.000000015, 0.000000312, 0.000000540, 0.000000676, 0, 1, 1, 0, 43.000000000
1646305722.903107405, 0.000000001, 0.000000003, 0.000000015, 0.000000299, 0.000000519, 0.000000670, 0.000000001, 0.000000003, 0.000000015, 0.000000297, 0.000000497, 0.000000638, 1, 1, 1, 0, 53.000000000
1646305723.003103495, 0.000000002, 0.000000003, 0.000000015, 0.000000302, 0.000000522, 0.000000687, 0.000000002, 0.000000003, 0.000000015, 0.000000301, 0.000000504, 0.000000655, 0, 1, 1, 0, 45.000000000
