# timestamp tx ty tz qx qy qz qw
1740983745.431719 -0.001180 0.000436 -0.000998 -0.000198 -0.000093 -0.000082 1.000000
1740983745.435105 0.000052 0.000198 -0.000946 -0.000192 -0.000112 -0.000043 1.000000
1740983745.532519 0.010908 -0.008386 -0.003635 -0.000703 0.000226 -0.002933 0.999995
1740983745.535545 -0.010865 -0.005196 -0.008698 0.000382 0.001439 -0.000584 0.999999
1740983745.633705 0.009121 -0.022958 -0.000910 0.002982 0.004474 -0.001708 0.999984
1740983745.637239 0.005640 -0.022604 -0.000059 0.002964 0.005038 -0.001622 0.999982
1740983745.733770 0.038325 -0.039346 0.002918 0.007787 0.008949 0.000094 0.999930
1740983745.735220 0.039630 -0.039522 0.002711 0.007798 0.008929 0.000114 0.999930
1740983745.832093 0.089650 -0.053777 0.005065 0.012279 0.014465 -0.000885 0.999820
1740983745.835770 0.091290 -0.054110 0.004822 0.012305 0.014444 -0.000839 0.999820
1740983745.932691 0.152707 -0.063811 0.001679 0.015812 0.020447 -0.006837 0.999643
1740983745.936252 0.153018 -0.063907 0.001487 0.015832 0.020429 -0.006815 0.999643
1740983746.032252 0.222459 -0.070208 -0.004433 0.018594 0.024518 -0.018794 0.999350
1740983746.034923 0.222859 -0.070328 -0.004602 0.018599 0.024499 -0.018771 0.999351
1740983746.120781 0.288945 -0.075668 -0.006302 0.022755 0.024990 -0.021694 0.999193
1740983746.137039 0.301272 -0.077214 -0.005402 0.023938 0.025118 -0.021405 0.999169
1740983746.234621 0.373461 -0.084716 0.001440 0.029213 0.026757 -0.023354 0.998942
1740983746.332023 0.444070 -0.088288 0.002836 0.027847 0.029443 -0.037119 0.998489
1740983746.335247 0.444377 -0.088329 0.002861 0.027825 0.029467 -0.037183 0.998486
1740983746.431772 0.521844 -0.090923 0.006025 0.023251 0.033690 -0.050779 0.997871
1740983746.435035 0.522090 -0.091025 0.006111 0.023247 0.033695 -0.050758 0.997872
1740983746.534578 0.605113 -0.098988 0.003283 0.019405 0.036036 -0.057626 0.997499
1740983746.632694 0.686299 -0.116646 -0.001482 0.019175 0.033374 -0.054187 0.997789
1740983746.635717 0.686655 -0.116717 -0.001564 0.019170 0.033359 -0.054177 0.997790
1740983746.732676 0.764802 -0.140328 0.001246 0.017791 0.023686 -0.052864 0.998162
1740983746.735437 0.765314 -0.140406 0.001149 0.017787 0.023671 -0.052873 0.998162
1740983746.832000 0.843096 -0.164576 0.018354 0.014120 0.015312 -0.055551 0.998239
1740983746.835013 0.843814 -0.164711 0.018342 0.014127 0.015314 -0.055543 0.998239
1740983746.932321 0.928222 -0.187120 0.031541 0.012024 0.012539 -0.050329 0.998582
1740983746.936638 0.929264 -0.187289 0.031612 0.012018 0.012549 -0.050336 0.998581
1740983747.035270 1.025691 -0.209358 0.040987 0.011294 0.015483 -0.046434 0.998738
1740983747.131600 1.123555 -0.234047 0.038837 0.013858 0.019238 -0.042545 0.998813
1740983747.134992 1.125152 -0.234461 0.038763 0.013895 0.019285 -0.042526 0.998813
1740983747.232929 1.232875 -0.258788 0.033301 0.015320 0.023307 -0.045199 0.998589
1740983747.235509 1.233157 -0.258844 0.033332 0.015320 0.023307 -0.045199 0.998589
1740983747.331698 1.343488 -0.274631 0.032091 0.012253 0.023790 -0.050106 0.998385
1740983747.335087 1.344338 -0.274735 0.032042 0.012206 0.023763 -0.050152 0.998384
1740983747.435037 1.454080 -0.287175 0.042718 0.006476 0.023791 -0.069422 0.997283
1740983747.531986 1.550980 -0.304831 0.056461 0.007451 0.022880 -0.072085 0.997108
1740983747.536213 1.551843 -0.305035 0.056736 0.007457 0.022895 -0.072087 0.997108
1740983747.632388 1.647389 -0.324793 0.068746 0.009786 0.023483 -0.070927 0.997157
1740983747.636555 1.647820 -0.324855 0.068843 0.009782 0.023492 -0.070932 0.997156
1740983747.731766 1.745051 -0.341656 0.066871 0.009623 0.023381 -0.069994 0.997227
1740983747.735382 1.745667 -0.341771 0.066963 0.009608 0.023385 -0.069987 0.997227
1740983747.832211 1.849484 -0.359557 0.063017 0.007902 0.021893 -0.065959 0.997551
1740983747.835449 1.849806 -0.359605 0.062984 0.007898 0.021885 -0.065962 0.997551
1740983747.932835 1.952406 -0.383955 0.066429 0.009191 0.013883 -0.059127 0.998112
1740983747.935223 1.952556 -0.383955 0.066412 0.009199 0.013884 -0.059135 0.998111
1740983748.033184 2.055399 -0.412129 0.084053 0.010417 0.010600 -0.055773 0.998333
1740983748.035730 2.055552 -0.412151 0.084010 0.010419 0.010596 -0.055773 0.998333
1740983748.132682 2.158887 -0.431130 0.097668 0.008952 0.011635 -0.049677 0.998657
1740983748.135585 2.159305 -0.431186 0.097816 0.008932 0.011656 -0.049697 0.998656
1740983748.232176 2.267211 -0.447922 0.104879 0.006778 0.015653 -0.055617 0.998306
1740983748.234894 2.267232 -0.447921 0.104955 0.006772 0.015656 -0.055623 0.998306
1740983748.333401 2.381279 -0.470324 0.099284 0.009124 0.019592 -0.059345 0.998004
1740983748.336932 2.381397 -0.470320 0.099339 0.009122 0.019597 -0.059355 0.998003
1740983748.432725 2.497745 -0.493558 0.091983 0.012752 0.022050 -0.060478 0.997844
1740983748.437038 2.498032 -0.493569 0.091889 0.012741 0.022037 -0.060491 0.997844
1740983748.533346 2.615168 -0.512184 0.098949 0.014066 0.019701 -0.064176 0.997645
1740983748.535956 2.615389 -0.512206 0.098977 0.014063 0.019703 -0.064182 0.997645
1740983748.635323 2.730704 -0.533103 0.114776 0.016637 0.019710 -0.070160 0.997202
1740983748.732387 2.843834 -0.557231 0.126533 0.019977 0.023566 -0.074993 0.996705
1740983748.735736 2.843786 -0.557265 0.126658 0.019971 0.023579 -0.075004 0.996704
1740983748.832898 2.958687 -0.580173 0.130722 0.021078 0.026992 -0.076947 0.996447
1740983748.835523 2.958784 -0.580192 0.130720 0.021078 0.026992 -0.076947 0.996447
1740983748.932117 3.070025 -0.600194 0.124025 0.019107 0.025943 -0.073305 0.996789
1740983748.937322 3.070162 -0.600204 0.123894 0.019096 0.025922 -0.073314 0.996789
1740983749.033292 3.177126 -0.624676 0.123997 0.017932 0.018686 -0.068737 0.997299
1740983749.035859 3.177143 -0.624659 0.124000 0.017920 0.018682 -0.068753 0.997298
1740983749.132977 3.283733 -0.648587 0.141364 0.015130 0.015075 -0.067769 0.997472
1740983749.135325 3.283613 -0.648557 0.141368 0.015130 0.015075 -0.067769 0.997472
1740983749.233940 3.391043 -0.660673 0.157478 0.007867 0.015978 -0.065933 0.997665
1740983749.237347 3.391140 -0.660667 0.157499 0.007862 0.015980 -0.065946 0.997664
1740983749.335011 3.501656 -0.671578 0.166677 0.001567 0.019270 -0.070324 0.997337
1740983749.432358 3.613872 -0.687418 0.159834 0.000668 0.021305 -0.071648 0.997202
1740983749.435436 3.613757 -0.687393 0.159936 0.000661 0.021310 -0.071657 0.997201
1740983749.534126 3.732403 -0.704656 0.149969 0.001707 0.022077 -0.077016 0.996784
1740983749.535410 3.732396 -0.704653 0.149965 0.001707 0.022077 -0.077016 0.996784
1740983749.632967 3.844379 -0.719668 0.157883 0.004111 0.016556 -0.074959 0.997041
1740983749.635481 3.844278 -0.719643 0.157925 0.004109 0.016557 -0.074964 0.997040
1740983749.732559 3.947539 -0.739974 0.178276 0.009894 0.013312 -0.075402 0.997015
1740983749.735280 3.947565 -0.739967 0.178331 0.009893 0.013316 -0.075409 0.997015
1740983749.832423 4.052260 -0.764587 0.193281 0.015222 0.013899 -0.078759 0.996681
1740983749.835116 4.051754 -0.764841 0.192452 0.015257 0.013900 -0.078765 0.996680
1740983749.933306 4.161762 -0.786777 0.193055 0.017138 0.014434 -0.080296 0.996519
1740983749.936308 4.161977 -0.786813 0.193082 0.017138 0.014434 -0.080296 0.996519
1740983750.021577 4.261247 -0.805081 0.184122 0.016558 0.014031 -0.076999 0.996795
1740983750.037083 4.269710 -0.806671 0.183529 0.016517 0.013867 -0.076864 0.996808
1740983750.133762 4.385373 -0.832081 0.183522 0.015433 0.008884 -0.074840 0.997036
1740983750.135641 4.385710 -0.832131 0.183505 0.015433 0.008883 -0.074846 0.997036
1740983750.233214 4.497714 -0.855815 0.207145 0.012061 0.006414 -0.079008 0.996780
1740983750.236236 4.497871 -0.855874 0.207154 0.012066 0.006416 -0.078999 0.996781
1740983750.333130 4.608079 -0.871574 0.224597 0.009726 0.007271 -0.063183 0.997928
1740983750.335818 4.608275 -0.871586 0.224701 0.009724 0.007281 -0.063199 0.997927
1740983750.434932 4.728599 -0.885942 0.234304 0.007259 0.013033 -0.061417 0.998001
1740983750.533211 4.848369 -0.903507 0.226341 0.008760 0.017520 -0.060702 0.997964
1740983750.535709 4.848431 -0.903503 0.226387 0.008759 0.017526 -0.060711 0.997963
1740983750.634686 4.972604 -0.916246 0.214835 0.008016 0.020987 -0.063202 0.997748
1740983750.638370 4.972716 -0.916273 0.214760 0.008005 0.020976 -0.063208 0.997748
1740983750.732507 5.087774 -0.924860 0.221041 0.007539 0.018095 -0.065114 0.997685
1740983750.735885 5.087812 -0.924858 0.221206 0.007527 0.018108 -0.065132 0.997684
1740983750.835409 5.202812 -0.942372 0.240754 0.012325 0.017642 -0.066149 0.997578
1740983750.932697 5.317236 -0.962621 0.251943 0.016311 0.022171 -0.070521 0.997130
1740983750.935402 5.317010 -0.962587 0.252090 0.016309 0.022183 -0.070525 0.997130
1740983751.032442 5.433787 -0.982444 0.249322 0.018271 0.026117 -0.074345 0.996723
1740983751.035293 5.433687 -0.982436 0.249434 0.018270 0.026124 -0.074349 0.996723
1740983751.133152 5.550210 -1.002428 0.237425 0.017802 0.025760 -0.074030 0.996764
1740983751.135845 5.550261 -1.002415 0.237501 0.017802 0.025763 -0.074040 0.996764
1740983751.234701 5.662507 -1.027808 0.237495 0.016346 0.017935 -0.074811 0.996902
1740983751.237826 5.662533 -1.027821 0.237403 0.016334 0.017920 -0.074815 0.996903
1740983751.332912 5.761833 -1.053892 0.257861 0.014974 0.009430 -0.080339 0.996611
1740983751.336149 5.761824 -1.053883 0.257851 0.014965 0.009422 -0.080345 0.996610
1740983751.433296 5.863736 -1.070903 0.279605 0.010841 0.004747 -0.073526 0.997223
1740983751.436256 5.863762 -1.070898 0.279753 0.010835 0.004759 -0.073535 0.997222
1740983751.532199 5.970440 -1.085067 0.291750 0.007264 0.004181 -0.075425 0.997116
1740983751.535577 5.970592 -1.085092 0.291972 0.007252 0.004198 -0.075440 0.997115
1740983751.634200 6.084521 -1.103210 0.285555 0.007675 0.003770 -0.076300 0.997048
1740983751.635281 6.084499 -1.103195 0.285575 0.007675 0.003770 -0.076300 0.997048
1740983751.732629 6.204275 -1.116872 0.278440 0.006761 0.002919 -0.076539 0.997039
1740983751.735547 6.204206 -1.116864 0.278466 0.006755 0.002917 -0.076544 0.997039
1740983751.834314 6.323283 -1.125500 0.287867 0.004027 -0.000353 -0.079947 0.996791
1740983751.835889 6.323393 -1.125510 0.287953 0.004023 -0.000346 -0.079956 0.996790
1740983751.935159 6.436178 -1.142068 0.309760 0.006199 -0.000246 -0.081422 0.996660
1740983752.032301 6.547561 -1.163350 0.323916 0.010017 0.004105 -0.078433 0.996861
1740983752.035641 6.547497 -1.163336 0.323985 0.010012 0.004106 -0.078439 0.996860
1740983752.133613 6.663699 -1.183395 0.321256 0.011267 0.007840 -0.075347 0.997063
1740983752.137635 6.663797 -1.183391 0.321369 0.011260 0.007846 -0.075359 0.997062
1740983752.233173 6.779254 -1.204558 0.310914 0.011482 0.009368 -0.069214 0.997492
1740983752.238489 6.779577 -1.204676 0.310915 0.011470 0.009361 -0.069211 0.997492
1740983752.332919 6.890130 -1.229618 0.311415 0.011056 0.005056 -0.062551 0.997968
1740983752.335827 6.890378 -1.229650 0.311432 0.011048 0.005053 -0.062560 0.997967
1740983752.433442 7.027631 -1.256791 0.334464 0.008495 0.002639 -0.062036 0.998034
1740983752.436608 7.026869 -1.256686 0.334538 0.008493 0.002643 -0.062025 0.998035
1740983752.533207 7.769765 -1.339206 0.365532 0.005785 0.003048 -0.048922 0.998781
1740983752.535868 7.765148 -1.338711 0.365808 0.005780 0.003096 -0.048935 0.998780
1740983752.633095 8.001338 -1.380226 0.383955 0.002471 0.007730 -0.046349 0.998892
1740983752.636194 8.001315 -1.380255 0.384337 0.002468 0.007768 -0.046346 0.998892
1740983752.733352 8.237165 -1.424028 0.388056 0.002247 0.010687 -0.042882 0.999020
1740983752.736328 8.237173 -1.424059 0.388286 0.002244 0.010712 -0.042878 0.999020
1740983752.832874 8.472988 -1.459189 0.389358 0.000361 0.010694 -0.039435 0.999165
1740983752.840207 8.472671 -1.459180 0.389309 0.000325 0.010679 -0.039441 0.999165
1740983752.935838 8.704495 -1.484967 0.403537 -0.002852 0.004426 -0.033581 0.999422
1740983753.033572 8.934485 -1.517880 0.431528 0.000118 0.001162 -0.028692 0.999588
1740983753.036455 8.934362 -1.517880 0.431575 0.000112 0.001166 -0.028692 0.999588
1740983753.133119 9.163418 -1.558956 0.454397 0.007034 0.001679 -0.022628 0.999718
1740983753.136035 9.163543 -1.558991 0.454458 0.007029 0.001685 -0.022628 0.999718
1740983753.233736 9.399149 -1.600578 0.466105 0.013872 0.002023 -0.012120 0.999828
1740983753.237218 9.399030 -1.600579 0.466161 0.013868 0.002030 -0.012116 0.999828
1740983753.333645 9.634095 -1.637959 0.467937 0.018151 0.000213 0.004326 0.999826
1740983753.336945 9.634194 -1.638014 0.467889 0.018148 0.000205 0.004338 0.999826
1740983753.437400 9.882512 -1.670239 0.472824 0.018052 -0.004923 0.023617 0.999546
1740983753.533770 10.120645 -1.692384 0.497835 0.012393 -0.006925 0.027326 0.999526
1740983753.536423 10.120472 -1.692437 0.497857 0.012389 -0.006923 0.027345 0.999525
1740983753.632849 10.353271 -1.705301 0.520172 0.006256 -0.008706 0.046399 0.998865
1740983753.636297 10.353092 -1.705489 0.520271 0.006247 -0.008695 0.046436 0.998864
1740983753.733825 10.593936 -1.713399 0.536659 0.001247 -0.006950 0.066667 0.997750
1740983753.736498 10.593880 -1.713540 0.536759 0.001241 -0.006939 0.066698 0.997748
1740983753.833635 10.841868 -1.723302 0.540645 -0.000512 -0.004294 0.079454 0.996829
1740983753.836617 10.841802 -1.723446 0.540745 -0.000517 -0.004283 0.079481 0.996827
1740983753.933540 11.094053 -1.729147 0.540035 -0.001966 -0.002308 0.087025 0.996202
1740983753.937412 11.094000 -1.729305 0.540153 -0.001972 -0.002295 0.087047 0.996200
1740983754.033169 11.342220 -1.732008 0.544673 -0.001657 -0.005399 0.090241 0.995904
1740983754.036505 11.342232 -1.732255 0.544766 -0.001658 -0.005389 0.090279 0.995901
1740983754.133594 11.588294 -1.740950 0.563474 0.003848 -0.011335 0.100351 0.994880
1740983754.136616 11.588164 -1.741204 0.563556 0.003843 -0.011325 0.100391 0.994876
1740983754.233513 11.829525 -1.752166 0.584259 0.007392 -0.015609 0.105272 0.994293
1740983754.237012 11.829280 -1.752428 0.584462 0.007380 -0.015583 0.105314 0.994289
1740983754.332874 12.074082 -1.760338 0.605185 0.006969 -0.015026 0.106462 0.994179
1740983754.335748 12.073950 -1.760513 0.605329 0.006964 -0.015009 0.106490 0.994176
1740983754.433397 12.330933 -1.766019 0.611271 0.004846 -0.014789 0.121079 0.992521
1740983754.436413 12.330889 -1.766314 0.611382 0.004839 -0.014775 0.121127 0.992515
1740983754.532727 12.586128 -1.770264 0.613610 0.002759 -0.016380 0.147221 0.988964
1740983754.535546 12.586065 -1.770519 0.613682 0.002755 -0.016370 0.147262 0.988958
1740983754.633621 12.841095 -1.770992 0.624683 -0.002193 -0.022449 0.172093 0.984822
1740983754.636304 12.840848 -1.770986 0.624786 -0.002194 -0.022434 0.172092 0.984823
1740983754.733466 13.086262 -1.762022 0.647175 -0.010388 -0.025513 0.194958 0.980425
1740983754.735972 13.086128 -1.762282 0.647235 -0.010387 -0.025506 0.194999 0.980417
1740983754.835713 13.333245 -1.743425 0.663915 -0.019009 -0.024578 0.232813 0.972025
1740983754.839562 13.333048 -1.743721 0.664030 -0.019009 -0.024560 0.232874 0.972011
1740983754.934097 13.572075 -1.723336 0.672514 -0.023010 -0.021301 0.268726 0.962706
1740983754.936380 13.572048 -1.723580 0.672556 -0.023008 -0.021297 0.268758 0.962697
1740983755.033872 13.819916 -1.699253 0.674134 -0.024618 -0.017712 0.303853 0.952236
1740983755.036301 13.819817 -1.699477 0.674148 -0.024613 -0.017712 0.303875 0.952229
1740983755.133174 14.064649 -1.666533 0.676434 -0.026142 -0.015321 0.335195 0.941661
1740983755.136756 14.064630 -1.666705 0.676405 -0.026132 -0.015329 0.335212 0.941656
1740983755.235888 14.308745 -1.631057 0.682178 -0.026712 -0.017147 0.362291 0.931524
1740983755.333550 14.544862 -1.598784 0.703373 -0.024930 -0.014375 0.387761 0.921311
1740983755.336351 14.544725 -1.598942 0.703360 -0.024928 -0.014377 0.387775 0.921305
1740983755.433419 14.778791 -1.571055 0.716544 -0.022644 -0.010637 0.413572 0.910128
1740983755.436434 14.778816 -1.571264 0.716534 -0.022642 -0.010639 0.413586 0.910121
1740983755.533968 15.014330 -1.539244 0.727376 -0.021938 -0.006480 0.440445 0.897488
1740983755.536971 15.014242 -1.539412 0.727348 -0.021936 -0.006483 0.440455 0.897483
1740983755.633548 15.246281 -1.500749 0.733335 -0.023718 -0.003733 0.464007 0.885506
1740983755.636761 15.246194 -1.500966 0.733322 -0.023716 -0.003735 0.464026 0.885496
1740983755.734228 15.478579 -1.456519 0.736277 -0.026305 -0.002884 0.495330 0.868302
1740983755.736872 15.478668 -1.456744 0.736271 -0.026304 -0.002885 0.495339 0.868297
1740983755.832563 15.702775 -1.412419 0.741103 -0.028313 -0.006884 0.528539 0.848409
1740983755.836291 15.702612 -1.412572 0.741091 -0.028313 -0.006883 0.528544 0.848405
1740983755.933614 15.924608 -1.365951 0.759036 -0.033570 -0.009706 0.552398 0.832848
1740983755.936377 15.924499 -1.366022 0.759032 -0.033571 -0.009706 0.552404 0.832844
1740983756.033582 16.138918 -1.322545 0.771447 -0.036940 -0.010133 0.588962 0.807253
1740983756.036450 16.138746 -1.322590 0.771456 -0.036943 -0.010129 0.588964 0.807251
1740983756.133222 16.353670 -1.276617 0.783928 -0.038884 -0.006532 0.622149 0.781906
1740983756.136048 16.353661 -1.276705 0.783936 -0.038884 -0.006532 0.622149 0.781906
1740983756.233731 16.565622 -1.231433 0.784354 -0.037633 -0.002231 0.653768 0.755756
1740983756.236878 16.565725 -1.231572 0.784378 -0.037637 -0.002225 0.653769 0.755754
1740983756.333368 16.769598 -1.182963 0.782844 -0.037164 0.000006 0.678330 0.733817
1740983756.336095 16.769391 -1.183021 0.782841 -0.037164 0.000006 0.678330 0.733817
1740983756.435977 16.969041 -1.136583 0.783901 -0.032340 -0.003824 0.701940 0.711491
1740983756.533404 17.161345 -1.098540 0.798286 -0.025513 -0.006889 0.725570 0.687640
1740983756.536151 17.161186 -1.098555 0.798331 -0.025524 -0.006871 0.725570 0.687641
1740983756.634623 17.356398 -1.062116 0.815856 -0.018346 -0.006284 0.748867 0.662436
1740983756.638015 17.362847 -1.060798 0.816479 -0.018213 -0.006185 0.749538 0.661682
1740983756.735360 17.551473 -1.021845 0.832555 -0.015912 -0.004083 0.768946 0.639103
1740983756.739059 17.551370 -1.021847 0.832583 -0.015923 -0.004064 0.768946 0.639103
1740983756.837842 17.736497 -0.978568 0.840780 -0.016748 -0.002548 0.787138 0.616544
1740983756.933286 17.907864 -0.933635 0.847875 -0.018856 -0.002275 0.806655 0.590718
1740983756.936502 17.907864 -0.933537 0.847824 -0.018851 -0.002283 0.806657 0.590715
1740983757.037266 18.085535 -0.892067 0.853488 -0.017912 -0.006559 0.830984 0.555968
1740983757.133871 18.249042 -0.855584 0.871739 -0.020736 -0.012645 0.842125 0.538735
1740983757.136850 18.249003 -0.855525 0.871674 -0.020732 -0.012654 0.842126 0.538733
1740983757.236293 18.414589 -0.823047 0.888874 -0.021964 -0.014686 0.862348 0.505625
1740983757.240028 18.414585 -0.822936 0.888782 -0.021959 -0.014700 0.862351 0.505622
1740983757.334440 18.565832 -0.796745 0.899128 -0.023534 -0.015461 0.878838 0.476289
1740983757.337017 18.565916 -0.796671 0.899082 -0.023533 -0.015464 0.878841 0.476283
1740983757.433290 18.713891 -0.772592 0.907200 -0.021975 -0.015753 0.891674 0.451870
1740983757.436280 18.713840 -0.772383 0.907135 -0.021969 -0.015763 0.891681 0.451857
1740983757.533660 18.857946 -0.750173 0.911373 -0.017186 -0.015594 0.905257 0.424231
1740983757.536636 18.857905 -0.749908 0.911283 -0.017178 -0.015604 0.905265 0.424213
1740983757.634141 18.996266 -0.731630 0.911585 -0.010292 -0.016010 0.918031 0.396052
1740983757.636814 18.996271 -0.731401 0.911504 -0.010285 -0.016018 0.918038 0.396034
1740983757.734860 19.127449 -0.717966 0.922828 -0.004901 -0.016187 0.930890 0.364909
1740983757.737329 19.127482 -0.717741 0.922773 -0.004897 -0.016189 0.930898 0.364889
1740983757.835760 19.249521 -0.704015 0.938579 -0.004611 -0.015440 0.941123 0.337680
1740983757.839613 19.249564 -0.703694 0.938501 -0.004604 -0.015447 0.941132 0.337654
1740983757.935119 19.358557 -0.684845 0.946143 -0.010066 -0.012649 0.948465 0.316469
1740983757.938429 19.358451 -0.684501 0.946086 -0.010062 -0.012646 0.948477 0.316435
1740983758.033959 19.484923 -0.682119 0.948866 -0.017827 -0.008830 0.955539 0.294192
1740983758.037057 19.484786 -0.681688 0.948781 -0.017820 -0.008828 0.955554 0.294146
1740983758.133552 20.008554 -1.126002 1.005123 -0.044764 -0.005295 0.960272 0.275402
1740983758.136027 20.008627 -1.126074 1.005138 -0.044773 -0.005286 0.960266 0.275420
1740983758.233361 26.451486 -8.167565 1.929486 -0.346978 -0.006381 0.905874 0.242812
1740983758.236362 26.451135 -8.167186 1.929457 -0.346985 -0.006366 0.905874 0.242803
1740983758.333827 32.892686 -13.800483 2.467414 -0.561159 -0.019636 0.807325 0.181498
1740983758.336849 32.892846 -13.800618 2.467420 -0.561148 -0.019644 0.807336 0.181482
1740983758.433123 33.104269 -10.967914 1.776533 -0.449737 -0.014819 0.880805 0.147306
1740983758.436808 33.715250 -11.704159 1.894861 -0.461149 0.004885 0.871592 0.166266
1740983758.533978 45.549420 -20.128200 2.823062 -0.520153 0.251336 0.732459 0.360243
1740983758.538504 45.550207 -20.128794 2.823087 -0.520119 0.251341 0.732497 0.360212
1740983758.635156 50.041643 -18.790771 2.363515 -0.471654 0.245914 0.776905 0.336880
1740983758.638547 50.041743 -18.790848 2.363372 -0.471609 0.245918 0.776934 0.336873
1740983758.736731 55.121445 -17.071680 1.983973 -0.421527 0.234605 0.816986 0.315926
1740983758.833674 60.640617 -14.991250 1.670250 -0.368085 0.223055 0.854064 0.292120
1740983758.837149 60.613845 -14.970089 1.667013 -0.368013 0.222051 0.854628 0.291326
1740983758.933568 66.600379 -12.512566 1.391454 -0.318786 0.206049 0.883344 0.274996
1740983758.936554 66.600383 -12.512335 1.391136 -0.318801 0.206071 0.883338 0.274979
1740983759.034416 73.193469 -9.619001 1.107386 -0.272657 0.186996 0.907218 0.260087
1740983759.037014 73.193749 -9.617598 1.109711 -0.272895 0.187000 0.907157 0.260051
1740983759.136421 80.423631 -6.257763 0.798158 -0.224378 0.167823 0.929462 0.239981
1740983759.236639 88.256210 -2.432421 0.439865 -0.167940 0.147322 0.951951 0.209479
1740983759.333616 96.341729 1.709018 0.049224 -0.106422 0.124106 0.969841 0.180776
1740983759.336743 96.342317 1.711271 0.062275 -0.106929 0.123695 0.969832 0.180810
1740983759.434664 104.989916 6.347007 -0.410256 -0.047038 0.098537 0.981190 0.159197
1740983759.437434 104.990426 6.347023 -0.399455 -0.047540 0.098155 0.981195 0.159252
1740983759.533090 113.889872 11.337568 -0.947997 0.013250 0.076627 0.989595 0.121053
1740983759.536596 113.890365 11.335716 -0.946915 0.013177 0.076615 0.989592 0.121093
1740983759.633355 123.313478 16.868472 -1.621566 0.071757 0.056546 0.991841 0.088907
1740983759.636709 123.314464 16.865936 -1.622163 0.071713 0.056611 0.991834 0.088978
1740983759.734227 133.213769 22.944737 -2.435186 0.130459 0.036960 0.988725 0.063537
1740983759.737222 133.213620 22.946304 -2.439894 0.130655 0.037095 0.988699 0.063467
1740983759.837100 143.749164 29.721670 -3.409319 0.192894 0.016060 0.980414 0.036374
1740983759.933940 154.332673 36.831426 -4.480263 0.250973 -0.002890 0.967837 0.017211
1740983759.938189 154.332820 36.831418 -4.481175 0.250995 -0.002856 0.967831 0.017209
1740983760.033604 165.085760 44.384733 -5.671522 -0.302935 0.021400 -0.952755 -0.005566
1740983760.036893 165.090205 44.378070 -5.663850 -0.302629 0.021632 -0.952846 -0.005730
1740983760.136170 176.611260 52.790644 -7.055718 -0.353273 0.042104 -0.934492 0.012230
1740983760.234072 188.274199 61.665699 -8.585688 -0.403151 0.064471 -0.912239 0.033659
1740983760.237566 188.275419 61.664435 -8.586580 -0.403140 0.064462 -0.912246 0.033609
1740983760.337171 200.444101 71.284449 -10.286577 -0.456253 0.086157 -0.884096 0.052769
1740983760.433538 212.500272 81.176322 -12.057448 -0.508530 0.105978 -0.851479 0.071757
1740983760.437161 212.495446 81.183646 -12.058977 -0.508441 0.105818 -0.851535 0.071966
1740983760.534039 224.859193 91.715672 -13.961450 -0.555883 0.128828 -0.815087 0.100154
1740983760.536814 224.860605 91.713581 -13.962730 -0.555829 0.128782 -0.815142 0.100060
1740983760.634579 237.562908 102.930429 -15.971631 -0.599181 0.148142 -0.777611 0.119822
1740983760.636863 237.566200 102.927031 -15.973934 -0.599132 0.148167 -0.777664 0.119690
1740983760.733913 250.375423 114.654656 -18.045019 -0.640066 0.164023 -0.738424 0.134693
1740983760.736880 250.384091 114.646488 -18.051446 -0.639917 0.164096 -0.738603 0.134328
1740983760.834336 263.437536 127.013934 -20.199885 -0.679220 0.179146 -0.695495 0.151174
1740983760.837303 263.437281 127.014217 -20.198223 -0.679160 0.179148 -0.695548 0.151200
1740983760.933827 276.550275 139.858864 -22.378964 -0.715963 0.198411 -0.645956 0.175415
1740983760.937391 276.551389 139.857849 -22.384233 -0.715987 0.198334 -0.645995 0.175261
1740983761.033942 289.852375 153.293756 -24.609390 -0.750475 0.209842 -0.596876 0.191028
1740983761.036840 289.850646 153.294673 -24.610764 -0.750473 0.209751 -0.596914 0.191023
1740983761.135935 303.675137 167.692639 -26.900480 -0.780296 0.222155 -0.546849 0.206740
1740983761.140273 303.671487 167.694887 -26.924096 -0.780366 0.221722 -0.547108 0.206255
1740983761.237009 317.303360 182.342414 -29.146951 -0.804972 0.239026 -0.494707 0.223945
1740983761.334290 331.162539 197.646939 -31.351437 -0.827706 0.256952 -0.437338 0.240027
1740983761.339160 331.163661 197.646909 -31.357749 -0.827724 0.256904 -0.437441 0.239830
1740983761.433989 344.784094 213.149668 -33.448345 -0.849045 0.272638 -0.374512 0.254031
1740983761.437633 344.788922 213.146544 -33.456343 -0.849058 0.272670 -0.374662 0.253731
