# time(s), pre_rot_eig1, pre_rot_eig2, pre_rot_eig3, pre_trans_eig1, pre_trans_eig2, pre_trans_eig3, post_rot_eig1, post_rot_eig2, post_rot_eig3, post_trans_eig1, post_trans_eig2, post_trans_eig3, cam_used[0], cam_used[1], cam_used[2], cam_used[3], level0_avg_total_rows
1740983745.431718588, 0.000000240, 0.000000323, 0.000000407, 0.000000953, 0.000004924, 0.000007986, 0.000000240, 0.000000323, 0.000000407, 0.000000953, 0.000004924, 0.000007986, 1, 1, 1, 0, 0.000000000
1740983745.435104609, 0.000000231, 0.000000314, 0.000000394, 0.000000948, 0.000004806, 0.000006040, 0.000000081, 0.000000154, 0.000000288, 0.000000573, 0.000001461, 0.000003503, 0, 0, 0, 1, 2.000000000
1740983745.532518625, 0.000000072, 0.000000082, 0.000000103, 0.000000440, 0.000001594, 0.000003146, 0.000000020, 0.000000032, 0.000000062, 0.000000243, 0.000000383, 0.000000950, 1, 1, 1, 0, 8.000000000
1740983745.535544634, 0.000000020, 0.000000031, 0.000000055, 0.000000243, 0.000000352, 0.000000869, 0.000000011, 0.000000029, 0.000000039, 0.000000147, 0.000000277, 0.000000811, 0, 0, 0, 1, 4.000000000
1740983745.633704662, 0.000000037, 0.000000040, 0.000000050, 0.000000219, 0.000000601, 0.000001196, 0.000000026, 0.000000029, 0.000000040, 0.000000186, 0.000000371, 0.000000861, 1, 1, 1, 0, 9.000000000
1740983745.637238503, 0.000000024, 0.000000027, 0.000000037, 0.000000186, 0.000000351, 0.000000730, 0.000000015, 0.000000021, 0.000000023, 0.000000106, 0.000000236, 0.000000523, 0, 0, 0, 1, 9.000000000
1740983745.733770370, 0.000000023, 0.000000025, 0.000000032, 0.000000142, 0.000000358, 0.000000787, 0.000000021, 0.000000024, 0.000000029, 0.000000140, 0.000000351, 0.000000732, 1, 1, 1, 0, 10.000000000
1740983745.735219955, 0.000000021, 0.000000022, 0.000000029, 0.000000140, 0.000000342, 0.000000678, 0.000000020, 0.000000021, 0.000000027, 0.000000132, 0.000000310, 0.000000640, 0, 0, 0, 1, 5.000000000
1740983745.832092762, 0.000000013, 0.000000020, 0.000000030, 0.000000138, 0.000000321, 0.000000701, 0.000000013, 0.000000019, 0.000000030, 0.000000138, 0.000000320, 0.000000670, 1, 1, 1, 0, 8.000000000
1740983745.835770130, 0.000000011, 0.000000019, 0.000000029, 0.000000136, 0.000000303, 0.000000569, 0.000000011, 0.000000018, 0.000000029, 0.000000135, 0.000000300, 0.000000565, 0, 0, 0, 1, 10.000000000
1740983745.932691336, 0.000000009, 0.000000014, 0.000000022, 0.000000116, 0.000000259, 0.000000540, 0.000000009, 0.000000014, 0.000000022, 0.000000116, 0.000000258, 0.000000533, 1, 1, 1, 0, 16.000000000
1740983745.936252356, 0.000000007, 0.000000013, 0.000000022, 0.000000115, 0.000000245, 0.000000453, 0.000000007, 0.000000012, 0.000000021, 0.000000113, 0.000000238, 0.000000449, 0, 0, 0, 1, 17.000000000
1740983746.032251835, 0.000000007, 0.000000012, 0.000000020, 0.000000104, 0.000000218, 0.000000465, 0.000000007, 0.000000011, 0.000000019, 0.000000103, 0.000000212, 0.000000460, 1, 1, 1, 0, 16.000000000
1740983746.034923315, 0.000000006, 0.000000010, 0.000000019, 0.000000102, 0.000000203, 0.000000413, 0.000000006, 0.000000010, 0.000000018, 0.000000101, 0.000000201, 0.000000412, 0, 0, 0, 1, 15.000000000
1740983746.120780706, 0.000000007, 0.000000011, 0.000000018, 0.000000101, 0.000000203, 0.000000393, 0.000000007, 0.000000011, 0.000000018, 0.000000101, 0.000000203, 0.000000392, 1, 1, 0, 0, 17.000000000
1740983746.137039423, 0.000000014, 0.000000025, 0.000000042, 0.000000104, 0.000000199, 0.000000345, 0.000000014, 0.000000024, 0.000000040, 0.000000103, 0.000000198, 0.000000344, 0, 0, 1, 1, 21.000000000
1740983746.234621286, 0.000000005, 0.000000008, 0.000000015, 0.000000093, 0.000000178, 0.000000340, 0.000000005, 0.000000008, 0.000000015, 0.000000093, 0.000000177, 0.000000339, 1, 1, 1, 1, 39.000000000
1740983746.332022667, 0.000000005, 0.000000008, 0.000000014, 0.000000088, 0.000000168, 0.000000331, 0.000000005, 0.000000008, 0.000000014, 0.000000088, 0.000000168, 0.000000331, 1, 1, 1, 0, 22.000000000
1740983746.335246563, 0.000000004, 0.000000008, 0.000000014, 0.000000088, 0.000000162, 0.000000301, 0.000000004, 0.000000008, 0.000000014, 0.000000088, 0.000000162, 0.000000300, 0, 0, 0, 1, 19.000000000
1740983746.431771517, 0.000000004, 0.000000007, 0.000000013, 0.000000084, 0.000000158, 0.000000315, 0.000000004, 0.000000007, 0.000000013, 0.000000084, 0.000000158, 0.000000313, 1, 1, 1, 0, 23.000000000
1740983746.435034990, 0.000000004, 0.000000007, 0.000000013, 0.000000084, 0.000000152, 0.000000282, 0.000000004, 0.000000007, 0.000000013, 0.000000084, 0.000000151, 0.000000281, 0, 0, 0, 1, 21.000000000
1740983746.534578085, 0.000000003, 0.000000006, 0.000000012, 0.000000082, 0.000000146, 0.000000281, 0.000000003, 0.000000006, 0.000000012, 0.000000082, 0.000000146, 0.000000280, 1, 1, 1, 1, 48.000000000
1740983746.632694483, 0.000000003, 0.000000006, 0.000000012, 0.000000079, 0.000000143, 0.000000284, 0.000000003, 0.000000006, 0.000000012, 0.000000079, 0.000000143, 0.000000284, 1, 1, 1, 0, 22.000000000
1740983746.635717392, 0.000000003, 0.000000006, 0.000000012, 0.000000079, 0.000000139, 0.000000259, 0.000000003, 0.000000006, 0.000000012, 0.000000079, 0.000000139, 0.000000259, 0, 0, 0, 1, 25.000000000
1740983746.732676268, 0.000000003, 0.000000006, 0.000000012, 0.000000078, 0.000000141, 0.000000277, 0.000000003, 0.000000006, 0.000000012, 0.000000078, 0.000000141, 0.000000277, 1, 1, 1, 0, 23.000000000
1740983746.735437155, 0.000000003, 0.000000006, 0.000000012, 0.000000078, 0.000000136, 0.000000257, 0.000000003, 0.000000006, 0.000000012, 0.000000078, 0.000000136, 0.000000257, 0, 0, 0, 1, 21.000000000
1740983746.832000494, 0.000000004, 0.000000006, 0.000000014, 0.000000085, 0.000000142, 0.000000290, 0.000000004, 0.000000006, 0.000000014, 0.000000085, 0.000000142, 0.000000290, 1, 1, 1, 0, 22.000000000
1740983746.835012913, 0.000000003, 0.000000006, 0.000000013, 0.000000084, 0.000000136, 0.000000265, 0.000000003, 0.000000006, 0.000000013, 0.000000084, 0.000000136, 0.000000265, 0, 0, 0, 1, 16.000000000
1740983746.932321310, 0.000000003, 0.000000005, 0.000000011, 0.000000078, 0.000000135, 0.000000274, 0.000000003, 0.000000005, 0.000000011, 0.000000078, 0.000000135, 0.000000274, 1, 1, 1, 0, 23.000000000
1740983746.936638355, 0.000000003, 0.000000005, 0.000000011, 0.000000077, 0.000000128, 0.000000245, 0.000000003, 0.000000005, 0.000000011, 0.000000077, 0.000000128, 0.000000245, 0, 0, 0, 1, 27.000000000
1740983747.035269737, 0.000000003, 0.000000005, 0.000000011, 0.000000075, 0.000000128, 0.000000251, 0.000000003, 0.000000005, 0.000000011, 0.000000075, 0.000000128, 0.000000251, 1, 1, 1, 1, 53.000000000
1740983747.131600142, 0.000000003, 0.000000005, 0.000000011, 0.000000075, 0.000000131, 0.000000279, 0.000000003, 0.000000005, 0.000000011, 0.000000075, 0.000000131, 0.000000279, 1, 1, 1, 0, 27.000000000
1740983747.134992123, 0.000000003, 0.000000005, 0.000000011, 0.000000076, 0.000000126, 0.000000255, 0.000000003, 0.000000005, 0.000000011, 0.000000076, 0.000000126, 0.000000255, 0, 0, 0, 1, 23.000000000
1740983747.232928514, 0.000000003, 0.000000005, 0.000000010, 0.000000073, 0.000000126, 0.000000262, 0.000000003, 0.000000005, 0.000000010, 0.000000073, 0.000000126, 0.000000262, 1, 1, 1, 0, 21.000000000
1740983747.235509157, 0.000000002, 0.000000004, 0.000000010, 0.000000073, 0.000000122, 0.000000244, 0.000000002, 0.000000004, 0.000000010, 0.000000073, 0.000000122, 0.000000244, 0, 0, 0, 1, 21.000000000
1740983747.331698418, 0.000000003, 0.000000005, 0.000000010, 0.000000072, 0.000000126, 0.000000263, 0.000000003, 0.000000005, 0.000000010, 0.000000072, 0.000000126, 0.000000263, 1, 1, 1, 0, 19.000000000
1740983747.335086823, 0.000000002, 0.000000004, 0.000000010, 0.000000071, 0.000000121, 0.000000239, 0.000000002, 0.000000004, 0.000000010, 0.000000071, 0.000000121, 0.000000239, 0, 0, 0, 1, 24.000000000
1740983747.435036659, 0.000000002, 0.000000004, 0.000000009, 0.000000071, 0.000000118, 0.000000238, 0.000000002, 0.000000004, 0.000000009, 0.000000071, 0.000000118, 0.000000238, 1, 1, 1, 1, 53.000000000
1740983747.531986475, 0.000000002, 0.000000004, 0.000000009, 0.000000070, 0.000000120, 0.000000251, 0.000000002, 0.000000004, 0.000000009, 0.000000070, 0.000000120, 0.000000251, 1, 1, 1, 0, 24.000000000
1740983747.536212683, 0.000000002, 0.000000004, 0.000000009, 0.000000070, 0.000000114, 0.000000224, 0.000000002, 0.000000004, 0.000000009, 0.000000070, 0.000000114, 0.000000224, 0, 0, 0, 1, 28.000000000
1740983747.632388353, 0.000000002, 0.000000004, 0.000000009, 0.000000069, 0.000000117, 0.000000244, 0.000000002, 0.000000004, 0.000000009, 0.000000069, 0.000000117, 0.000000243, 1, 1, 1, 0, 31.000000000
1740983747.636555195, 0.000000002, 0.000000004, 0.000000009, 0.000000069, 0.000000111, 0.000000221, 0.000000002, 0.000000004, 0.000000009, 0.000000069, 0.000000111, 0.000000221, 0, 0, 0, 1, 22.000000000
1740983747.731765747, 0.000000002, 0.000000004, 0.000000009, 0.000000068, 0.000000116, 0.000000246, 0.000000002, 0.000000004, 0.000000009, 0.000000068, 0.000000116, 0.000000246, 1, 1, 1, 0, 23.000000000
1740983747.735382080, 0.000000002, 0.000000004, 0.000000009, 0.000000068, 0.000000110, 0.000000223, 0.000000002, 0.000000004, 0.000000009, 0.000000068, 0.000000110, 0.000000223, 0, 0, 0, 1, 24.000000000
1740983747.832210779, 0.000000002, 0.000000004, 0.000000009, 0.000000068, 0.000000114, 0.000000243, 0.000000002, 0.000000004, 0.000000009, 0.000000068, 0.000000114, 0.000000243, 1, 1, 1, 0, 18.000000000
1740983747.835448742, 0.000000002, 0.000000004, 0.000000009, 0.000000068, 0.000000110, 0.000000223, 0.000000002, 0.000000004, 0.000000009, 0.000000068, 0.000000110, 0.000000223, 0, 0, 0, 1, 29.000000000
1740983747.932834625, 0.000000002, 0.000000004, 0.000000009, 0.000000068, 0.000000114, 0.000000236, 0.000000002, 0.000000004, 0.000000009, 0.000000068, 0.000000114, 0.000000236, 1, 1, 1, 0, 22.000000000
1740983747.935222626, 0.000000002, 0.000000004, 0.000000008, 0.000000067, 0.000000110, 0.000000222, 0.000000002, 0.000000004, 0.000000008, 0.000000067, 0.000000110, 0.000000222, 0, 0, 0, 1, 23.000000000
1740983748.033183813, 0.000000002, 0.000000004, 0.000000008, 0.000000068, 0.000000112, 0.000000233, 0.000000002, 0.000000004, 0.000000008, 0.000000068, 0.000000112, 0.000000233, 1, 1, 1, 0, 25.000000000
1740983748.035729647, 0.000000002, 0.000000004, 0.000000008, 0.000000067, 0.000000109, 0.000000220, 0.000000002, 0.000000004, 0.000000008, 0.000000067, 0.000000109, 0.000000220, 0, 0, 0, 1, 23.000000000
1740983748.132682085, 0.000000002, 0.000000004, 0.000000009, 0.000000068, 0.000000113, 0.000000240, 0.000000002, 0.000000004, 0.000000009, 0.000000068, 0.000000113, 0.000000239, 1, 1, 1, 0, 26.000000000
1740983748.135584593, 0.000000002, 0.000000004, 0.000000008, 0.000000067, 0.000000109, 0.000000223, 0.000000002, 0.000000004, 0.000000008, 0.000000067, 0.000000109, 0.000000223, 0, 0, 0, 1, 21.000000000
1740983748.232176304, 0.000000002, 0.000000004, 0.000000009, 0.000000070, 0.000000115, 0.000000249, 0.000000002, 0.000000004, 0.000000009, 0.000000070, 0.000000115, 0.000000249, 1, 1, 1, 0, 32.000000000
1740983748.234894276, 0.000000002, 0.000000004, 0.000000009, 0.000000069, 0.000000110, 0.000000231, 0.000000002, 0.000000004, 0.000000009, 0.000000069, 0.000000110, 0.000000231, 0, 0, 0, 1, 22.000000000
1740983748.333400965, 0.000000002, 0.000000004, 0.000000008, 0.000000069, 0.000000112, 0.000000242, 0.000000002, 0.000000004, 0.000000008, 0.000000069, 0.000000112, 0.000000242, 1, 1, 1, 0, 30.000000000
1740983748.336931944, 0.000000002, 0.000000003, 0.000000008, 0.000000068, 0.000000108, 0.000000223, 0.000000002, 0.000000003, 0.000000008, 0.000000068, 0.000000108, 0.000000223, 0, 0, 0, 1, 23.000000000
1740983748.432724714, 0.000000002, 0.000000004, 0.000000010, 0.000000074, 0.000000116, 0.000000253, 0.000000002, 0.000000004, 0.000000010, 0.000000074, 0.000000116, 0.000000253, 1, 1, 1, 0, 38.000000000
1740983748.437037945, 0.000000002, 0.000000004, 0.000000009, 0.000000072, 0.000000110, 0.000000229, 0.000000002, 0.000000004, 0.000000009, 0.000000072, 0.000000110, 0.000000229, 0, 0, 0, 1, 30.000000000
1740983748.533345938, 0.000000002, 0.000000004, 0.000000008, 0.000000069, 0.000000113, 0.000000247, 0.000000002, 0.000000004, 0.000000008, 0.000000069, 0.000000113, 0.000000247, 1, 1, 1, 0, 35.000000000
1740983748.535955667, 0.000000002, 0.000000004, 0.000000008, 0.000000069, 0.000000109, 0.000000233, 0.000000002, 0.000000004, 0.000000008, 0.000000069, 0.000000109, 0.000000233, 0, 0, 0, 1, 27.000000000
1740983748.635322571, 0.000000002, 0.000000003, 0.000000008, 0.000000067, 0.000000108, 0.000000235, 0.000000002, 0.000000003, 0.000000008, 0.000000067, 0.000000108, 0.000000235, 1, 1, 1, 1, 73.000000000
1740983748.732387304, 0.000000002, 0.000000003, 0.000000008, 0.000000066, 0.000000110, 0.000000246, 0.000000002, 0.000000003, 0.000000008, 0.000000066, 0.000000110, 0.000000246, 1, 1, 1, 0, 45.000000000
1740983748.735736132, 0.000000002, 0.000000003, 0.000000008, 0.000000066, 0.000000106, 0.000000226, 0.000000002, 0.000000003, 0.000000008, 0.000000066, 0.000000106, 0.000000226, 0, 0, 0, 1, 31.000000000
1740983748.832898378, 0.000000002, 0.000000003, 0.000000008, 0.000000066, 0.000000108, 0.000000241, 0.000000002, 0.000000003, 0.000000008, 0.000000066, 0.000000108, 0.000000241, 1, 1, 1, 0, 43.000000000
1740983748.835522652, 0.000000002, 0.000000003, 0.000000007, 0.000000065, 0.000000105, 0.000000226, 0.000000002, 0.000000003, 0.000000007, 0.000000065, 0.000000105, 0.000000226, 0, 0, 0, 1, 31.000000000
1740983748.932117462, 0.000000002, 0.000000003, 0.000000007, 0.000000065, 0.000000107, 0.000000243, 0.000000002, 0.000000003, 0.000000007, 0.000000065, 0.000000107, 0.000000243, 1, 1, 1, 0, 44.000000000
1740983748.937321663, 0.000000002, 0.000000003, 0.000000007, 0.000000064, 0.000000102, 0.000000217, 0.000000002, 0.000000003, 0.000000007, 0.000000064, 0.000000102, 0.000000217, 0, 0, 0, 1, 33.000000000
1740983749.033292294, 0.000000002, 0.000000003, 0.000000007, 0.000000065, 0.000000106, 0.000000239, 0.000000002, 0.000000003, 0.000000007, 0.000000065, 0.000000106, 0.000000239, 1, 1, 1, 0, 40.000000000
1740983749.035859346, 0.000000002, 0.000000003, 0.000000007, 0.000000065, 0.000000103, 0.000000227, 0.000000002, 0.000000003, 0.000000007, 0.000000065, 0.000000103, 0.000000227, 0, 0, 0, 1, 36.000000000
1740983749.132977486, 0.000000002, 0.000000003, 0.000000007, 0.000000065, 0.000000106, 0.000000239, 0.000000002, 0.000000003, 0.000000007, 0.000000065, 0.000000106, 0.000000239, 1, 1, 1, 0, 33.000000000
1740983749.135325193, 0.000000002, 0.000000003, 0.000000007, 0.000000065, 0.000000103, 0.000000227, 0.000000002, 0.000000003, 0.000000007, 0.000000065, 0.000000103, 0.000000227, 0, 0, 0, 1, 33.000000000
1740983749.233940125, 0.000000002, 0.000000003, 0.000000007, 0.000000066, 0.000000105, 0.000000235, 0.000000002, 0.000000003, 0.000000007, 0.000000066, 0.000000105, 0.000000234, 1, 1, 1, 0, 38.000000000
1740983749.237346649, 0.000000002, 0.000000003, 0.000000007, 0.000000065, 0.000000102, 0.000000220, 0.000000002, 0.000000003, 0.000000007, 0.000000065, 0.000000102, 0.000000220, 0, 0, 0, 1, 42.000000000
1740983749.335011482, 0.000000002, 0.000000003, 0.000000007, 0.000000066, 0.000000104, 0.000000231, 0.000000002, 0.000000003, 0.000000007, 0.000000066, 0.000000104, 0.000000231, 1, 1, 1, 1, 80.000000000
1740983749.432358027, 0.000000002, 0.000000003, 0.000000007, 0.000000065, 0.000000106, 0.000000244, 0.000000002, 0.000000003, 0.000000007, 0.000000065, 0.000000106, 0.000000244, 1, 1, 1, 0, 38.000000000
1740983749.435435534, 0.000000002, 0.000000003, 0.000000007, 0.000000065, 0.000000102, 0.000000228, 0.000000002, 0.000000003, 0.000000007, 0.000000065, 0.000000102, 0.000000228, 0, 0, 0, 1, 32.000000000
1740983749.534125566, 0.000000002, 0.000000003, 0.000000007, 0.000000065, 0.000000103, 0.000000232, 0.000000002, 0.000000003, 0.000000007, 0.000000065, 0.000000103, 0.000000232, 1, 1, 1, 0, 44.000000000
1740983749.535409689, 0.000000002, 0.000000003, 0.000000007, 0.000000065, 0.000000101, 0.000000226, 0.000000002, 0.000000003, 0.000000007, 0.000000065, 0.000000101, 0.000000226, 0, 0, 0, 1, 36.000000000
1740983749.632966995, 0.000000002, 0.000000003, 0.000000007, 0.000000065, 0.000000102, 0.000000238, 0.000000002, 0.000000003, 0.000000007, 0.000000065, 0.000000102, 0.000000238, 1, 1, 1, 0, 37.000000000
1740983749.635481119, 0.000000002, 0.000000003, 0.000000007, 0.000000064, 0.000000099, 0.000000224, 0.000000002, 0.000000003, 0.000000007, 0.000000064, 0.000000099, 0.000000224, 0, 0, 0, 1, 34.000000000
1740983749.732559443, 0.000000002, 0.000000003, 0.000000007, 0.000000064, 0.000000101, 0.000000239, 0.000000002, 0.000000003, 0.000000007, 0.000000064, 0.000000101, 0.000000239, 1, 1, 1, 0, 33.000000000
1740983749.735279560, 0.000000002, 0.000000003, 0.000000007, 0.000000064, 0.000000098, 0.000000224, 0.000000002, 0.000000003, 0.000000007, 0.000000064, 0.000000098, 0.000000224, 0, 0, 0, 1, 30.000000000
1740983749.832422972, 0.000000002, 0.000000003, 0.000000007, 0.000000064, 0.000000100, 0.000000236, 0.000000002, 0.000000003, 0.000000007, 0.000000064, 0.000000100, 0.000000236, 1, 1, 1, 0, 41.000000000
1740983749.835115910, 0.000000002, 0.000000003, 0.000000007, 0.000000064, 0.000000097, 0.000000223, 0.000000002, 0.000000003, 0.000000007, 0.000000064, 0.000000097, 0.000000223, 0, 0, 0, 1, 41.000000000
1740983749.933306217, 0.000000002, 0.000000003, 0.000000007, 0.000000064, 0.000000099, 0.000000229, 0.000000002, 0.000000003, 0.000000007, 0.000000064, 0.000000099, 0.000000228, 1, 1, 1, 0, 43.000000000
1740983749.936308384, 0.000000002, 0.000000003, 0.000000007, 0.000000064, 0.000000097, 0.000000216, 0.000000002, 0.000000003, 0.000000007, 0.000000064, 0.000000097, 0.000000216, 0, 0, 0, 1, 38.000000000
1740983750.021577358, 0.000000002, 0.000000003, 0.000000007, 0.000000067, 0.000000114, 0.000000245, 0.000000002, 0.000000003, 0.000000007, 0.000000067, 0.000000114, 0.000000245, 1, 1, 0, 0, 34.000000000
1740983750.037082672, 0.000000005, 0.000000007, 0.000000014, 0.000000065, 0.000000103, 0.000000215, 0.000000005, 0.000000007, 0.000000014, 0.000000065, 0.000000103, 0.000000215, 0, 0, 1, 1, 45.000000000
1740983750.133761644, 0.000000002, 0.000000003, 0.000000007, 0.000000065, 0.000000103, 0.000000232, 0.000000002, 0.000000003, 0.000000007, 0.000000065, 0.000000103, 0.000000232, 1, 1, 1, 0, 45.000000000
1740983750.135640860, 0.000000002, 0.000000003, 0.000000007, 0.000000065, 0.000000101, 0.000000224, 0.000000002, 0.000000003, 0.000000007, 0.000000065, 0.000000101, 0.000000224, 0, 0, 0, 1, 38.000000000
1740983750.233213902, 0.000000002, 0.000000003, 0.000000007, 0.000000065, 0.000000101, 0.000000234, 0.000000002, 0.000000003, 0.000000007, 0.000000065, 0.000000101, 0.000000234, 1, 1, 1, 0, 42.000000000
1740983750.236235619, 0.000000002, 0.000000003, 0.000000007, 0.000000064, 0.000000097, 0.000000221, 0.000000002, 0.000000003, 0.000000007, 0.000000064, 0.000000097, 0.000000221, 0, 0, 0, 1, 36.000000000
1740983750.333130360, 0.000000002, 0.000000003, 0.000000007, 0.000000065, 0.000000100, 0.000000233, 0.000000002, 0.000000003, 0.000000007, 0.000000065, 0.000000100, 0.000000233, 1, 1, 1, 0, 44.000000000
1740983750.335818291, 0.000000002, 0.000000003, 0.000000007, 0.000000064, 0.000000097, 0.000000220, 0.000000002, 0.000000003, 0.000000007, 0.000000064, 0.000000097, 0.000000220, 0, 0, 0, 1, 43.000000000
1740983750.434932470, 0.000000002, 0.000000003, 0.000000007, 0.000000065, 0.000000098, 0.000000226, 0.000000002, 0.000000003, 0.000000007, 0.000000065, 0.000000098, 0.000000226, 1, 1, 1, 1, 79.000000000
1740983750.533211470, 0.000000002, 0.000000003, 0.000000007, 0.000000067, 0.000000100, 0.000000234, 0.000000002, 0.000000003, 0.000000007, 0.000000067, 0.000000100, 0.000000234, 1, 1, 1, 0, 37.000000000
1740983750.535708904, 0.000000002, 0.000000003, 0.000000007, 0.000000066, 0.000000098, 0.000000223, 0.000000002, 0.000000003, 0.000000007, 0.000000066, 0.000000098, 0.000000223, 0, 0, 0, 1, 52.000000000
1740983750.634686232, 0.000000002, 0.000000003, 0.000000006, 0.000000066, 0.000000099, 0.000000225, 0.000000002, 0.000000003, 0.000000006, 0.000000066, 0.000000099, 0.000000225, 1, 1, 1, 0, 40.000000000
1740983750.638370275, 0.000000002, 0.000000003, 0.000000006, 0.000000064, 0.000000095, 0.000000212, 0.000000002, 0.000000003, 0.000000006, 0.000000064, 0.000000095, 0.000000212, 0, 0, 0, 1, 49.000000000
1740983750.732506514, 0.000000002, 0.000000003, 0.000000007, 0.000000065, 0.000000100, 0.000000234, 0.000000002, 0.000000003, 0.000000007, 0.000000065, 0.000000100, 0.000000234, 1, 1, 1, 0, 33.000000000
1740983750.735884666, 0.000000002, 0.000000003, 0.000000007, 0.000000064, 0.000000096, 0.000000220, 0.000000002, 0.000000003, 0.000000007, 0.000000064, 0.000000096, 0.000000220, 0, 0, 0, 1, 49.000000000
1740983750.835408926, 0.000000002, 0.000000003, 0.000000006, 0.000000066, 0.000000096, 0.000000222, 0.000000002, 0.000000003, 0.000000006, 0.000000066, 0.000000096, 0.000000222, 1, 1, 1, 1, 87.000000000
1740983750.932696819, 0.000000002, 0.000000003, 0.000000007, 0.000000067, 0.000000099, 0.000000228, 0.000000002, 0.000000003, 0.000000007, 0.000000067, 0.000000099, 0.000000228, 1, 1, 1, 0, 46.000000000
1740983750.935402393, 0.000000002, 0.000000003, 0.000000006, 0.000000067, 0.000000096, 0.000000217, 0.000000002, 0.000000003, 0.000000006, 0.000000067, 0.000000096, 0.000000217, 0, 0, 0, 1, 34.000000000
1740983751.032441616, 0.000000002, 0.000000003, 0.000000006, 0.000000066, 0.000000097, 0.000000224, 0.000000002, 0.000000003, 0.000000006, 0.000000066, 0.000000097, 0.000000224, 1, 1, 1, 0, 48.000000000
1740983751.035293341, 0.000000002, 0.000000003, 0.000000006, 0.000000065, 0.000000094, 0.000000212, 0.000000002, 0.000000003, 0.000000006, 0.000000065, 0.000000094, 0.000000212, 0, 0, 0, 1, 46.000000000
1740983751.133152246, 0.000000002, 0.000000003, 0.000000006, 0.000000065, 0.000000095, 0.000000215, 0.000000002, 0.000000003, 0.000000006, 0.000000065, 0.000000095, 0.000000215, 1, 1, 1, 0, 47.000000000
1740983751.135844946, 0.000000002, 0.000000003, 0.000000006, 0.000000064, 0.000000093, 0.000000205, 0.000000002, 0.000000003, 0.000000006, 0.000000064, 0.000000093, 0.000000205, 0, 0, 0, 1, 42.000000000
1740983751.234700918, 0.000000002, 0.000000003, 0.000000006, 0.000000064, 0.000000093, 0.000000207, 0.000000002, 0.000000003, 0.000000006, 0.000000064, 0.000000093, 0.000000207, 1, 1, 1, 0, 49.000000000
1740983751.237826109, 0.000000001, 0.000000002, 0.000000006, 0.000000063, 0.000000091, 0.000000197, 0.000000001, 0.000000002, 0.000000006, 0.000000063, 0.000000091, 0.000000197, 0, 0, 0, 1, 41.000000000
1740983751.332912445, 0.000000002, 0.000000003, 0.000000006, 0.000000065, 0.000000095, 0.000000207, 0.000000002, 0.000000003, 0.000000006, 0.000000065, 0.000000095, 0.000000207, 1, 1, 1, 0, 45.000000000
1740983751.336149454, 0.000000002, 0.000000003, 0.000000006, 0.000000064, 0.000000092, 0.000000195, 0.000000002, 0.000000003, 0.000000006, 0.000000064, 0.000000092, 0.000000195, 0, 0, 0, 1, 46.000000000
1740983751.433296442, 0.000000002, 0.000000003, 0.000000006, 0.000000065, 0.000000093, 0.000000202, 0.000000002, 0.000000003, 0.000000006, 0.000000065, 0.000000093, 0.000000202, 1, 1, 1, 0, 45.000000000
1740983751.436256170, 0.000000002, 0.000000002, 0.000000006, 0.000000064, 0.000000090, 0.000000193, 0.000000002, 0.000000002, 0.000000006, 0.000000064, 0.000000090, 0.000000193, 0, 0, 0, 1, 51.000000000
1740983751.532199144, 0.000000002, 0.000000003, 0.000000006, 0.000000064, 0.000000093, 0.000000201, 0.000000002, 0.000000003, 0.000000006, 0.000000064, 0.000000093, 0.000000201, 1, 1, 1, 0, 42.000000000
1740983751.535576582, 0.000000002, 0.000000002, 0.000000006, 0.000000063, 0.000000090, 0.000000191, 0.000000002, 0.000000002, 0.000000006, 0.000000063, 0.000000090, 0.000000191, 0, 0, 0, 1, 49.000000000
1740983751.634199619, 0.000000002, 0.000000002, 0.000000006, 0.000000064, 0.000000090, 0.000000194, 0.000000002, 0.000000002, 0.000000006, 0.000000064, 0.000000090, 0.000000194, 1, 1, 1, 0, 44.000000000
1740983751.635281324, 0.000000002, 0.000000002, 0.000000006, 0.000000064, 0.000000089, 0.000000190, 0.000000002, 0.000000002, 0.000000006, 0.000000064, 0.000000089, 0.000000190, 0, 0, 0, 1, 49.000000000
1740983751.732628822, 0.000000002, 0.000000002, 0.000000006, 0.000000064, 0.000000090, 0.000000196, 0.000000002, 0.000000002, 0.000000006, 0.000000064, 0.000000090, 0.000000196, 1, 1, 1, 0, 42.000000000
1740983751.735546827, 0.000000001, 0.000000002, 0.000000006, 0.000000063, 0.000000087, 0.000000188, 0.000000001, 0.000000002, 0.000000006, 0.000000063, 0.000000087, 0.000000188, 0, 0, 0, 1, 53.000000000
1740983751.834314108, 0.000000002, 0.000000002, 0.000000006, 0.000000064, 0.000000088, 0.000000191, 0.000000002, 0.000000002, 0.000000006, 0.000000064, 0.000000088, 0.000000191, 1, 1, 1, 0, 55.000000000
1740983751.835888863, 0.000000002, 0.000000002, 0.000000006, 0.000000063, 0.000000087, 0.000000187, 0.000000002, 0.000000002, 0.000000006, 0.000000063, 0.000000087, 0.000000187, 0, 0, 0, 1, 53.000000000
1740983751.935158730, 0.000000002, 0.000000002, 0.000000006, 0.000000064, 0.000000087, 0.000000192, 0.000000002, 0.000000002, 0.000000006, 0.000000064, 0.000000087, 0.000000192, 1, 1, 1, 1, 85.000000000
1740983752.032300949, 0.000000002, 0.000000003, 0.000000006, 0.000000065, 0.000000087, 0.000000199, 0.000000002, 0.000000003, 0.000000006, 0.000000065, 0.000000087, 0.000000199, 1, 1, 1, 0, 47.000000000
1740983752.035640955, 0.000000002, 0.000000002, 0.000000006, 0.000000064, 0.000000085, 0.000000189, 0.000000002, 0.000000002, 0.000000006, 0.000000064, 0.000000085, 0.000000189, 0, 0, 0, 1, 52.000000000
1740983752.133612871, 0.000000002, 0.000000002, 0.000000005, 0.000000064, 0.000000085, 0.000000197, 0.000000002, 0.000000002, 0.000000005, 0.000000064, 0.000000085, 0.000000197, 1, 1, 1, 0, 41.000000000
1740983752.137634516, 0.000000001, 0.000000002, 0.000000005, 0.000000062, 0.000000082, 0.000000186, 0.000000001, 0.000000002, 0.000000005, 0.000000062, 0.000000082, 0.000000186, 0, 0, 0, 1, 60.000000000
1740983752.233173132, 0.000000002, 0.000000003, 0.000000006, 0.000000065, 0.000000085, 0.000000198, 0.000000002, 0.000000003, 0.000000006, 0.000000065, 0.000000085, 0.000000198, 1, 1, 1, 0, 42.000000000
1740983752.238488674, 0.000000001, 0.000000002, 0.000000005, 0.000000063, 0.000000082, 0.000000184, 0.000000001, 0.000000002, 0.000000005, 0.000000063, 0.000000082, 0.000000184, 0, 0, 0, 1, 69.000000000
1740983752.332919121, 0.000000002, 0.000000003, 0.000000006, 0.000000067, 0.000000087, 0.000000197, 0.000000002, 0.000000003, 0.000000006, 0.000000067, 0.000000087, 0.000000197, 1, 1, 1, 0, 47.000000000
1740983752.335827351, 0.000000002, 0.000000003, 0.000000006, 0.000000066, 0.000000084, 0.000000188, 0.000000002, 0.000000003, 0.000000006, 0.000000066, 0.000000084, 0.000000193, 0, 0, 0, 1, 68.000000000
1740983752.433441639, 0.000000002, 0.000000002, 0.000000005, 0.000000065, 0.000000084, 0.000000202, 0.000000002, 0.000000002, 0.000000005, 0.000000065, 0.000000083, 0.000000204, 1, 1, 1, 0, 45.000000000
1740983752.436608315, 0.000000001, 0.000000002, 0.000000005, 0.000000064, 0.000000082, 0.000000195, 0.000000001, 0.000000002, 0.000000005, 0.000000062, 0.000000081, 0.000000284, 0, 0, 0, 1, 63.000000000
1740983752.533207417, 0.000000002, 0.000000005, 0.000000007, 0.000000075, 0.000000098, 0.000000452, 0.000000002, 0.000000005, 0.000000007, 0.000000075, 0.000000098, 0.000000455, 1, 1, 1, 0, 41.000000000
1740983752.535868406, 0.000000002, 0.000000004, 0.000000007, 0.000000074, 0.000000096, 0.000000453, 0.000000002, 0.000000004, 0.000000007, 0.000000074, 0.000000096, 0.000000451, 0, 0, 0, 1, 51.000000000
1740983752.633095264, 0.000000002, 0.000000004, 0.000000007, 0.000000077, 0.000000100, 0.000000655, 0.000000002, 0.000000004, 0.000000007, 0.000000077, 0.000000100, 0.000000655, 1, 1, 1, 0, 41.000000000
1740983752.636193752, 0.000000002, 0.000000004, 0.000000007, 0.000000076, 0.000000098, 0.000000651, 0.000000002, 0.000000004, 0.000000007, 0.000000076, 0.000000098, 0.000000651, 0, 0, 0, 1, 60.000000000
1740983752.733352184, 0.000000002, 0.000000003, 0.000000006, 0.000000073, 0.000000094, 0.000000875, 0.000000002, 0.000000003, 0.000000006, 0.000000073, 0.000000094, 0.000000875, 1, 1, 1, 0, 49.000000000
1740983752.736327887, 0.000000002, 0.000000003, 0.000000006, 0.000000072, 0.000000092, 0.000000871, 0.000000002, 0.000000003, 0.000000006, 0.000000072, 0.000000092, 0.000000871, 0, 0, 0, 1, 54.000000000
1740983752.832874060, 0.000000002, 0.000000003, 0.000000006, 0.000000071, 0.000000089, 0.000001023, 0.000000002, 0.000000003, 0.000000006, 0.000000071, 0.000000089, 0.000001023, 1, 1, 1, 0, 38.000000000
1740983752.840207338, 0.000000002, 0.000000003, 0.000000006, 0.000000067, 0.000000086, 0.000001001, 0.000000002, 0.000000003, 0.000000006, 0.000000067, 0.000000086, 0.000001001, 0, 0, 0, 1, 45.000000000
1740983752.935838461, 0.000000002, 0.000000004, 0.000000006, 0.000000070, 0.000000087, 0.000001124, 0.000000002, 0.000000004, 0.000000006, 0.000000070, 0.000000087, 0.000001124, 1, 1, 1, 1, 87.000000000
1740983753.033571720, 0.000000002, 0.000000003, 0.000000006, 0.000000069, 0.000000087, 0.000001201, 0.000000002, 0.000000003, 0.000000006, 0.000000069, 0.000000087, 0.000001201, 1, 1, 1, 0, 34.000000000
1740983753.036454678, 0.000000002, 0.000000003, 0.000000006, 0.000000068, 0.000000085, 0.000001185, 0.000000002, 0.000000003, 0.000000006, 0.000000068, 0.000000085, 0.000001185, 0, 0, 0, 1, 41.000000000
1740983753.133119345, 0.000000002, 0.000000003, 0.000000006, 0.000000068, 0.000000085, 0.000001222, 0.000000002, 0.000000003, 0.000000006, 0.000000068, 0.000000085, 0.000001222, 1, 1, 1, 0, 35.000000000
1740983753.136035204, 0.000000002, 0.000000003, 0.000000005, 0.000000067, 0.000000084, 0.000001218, 0.000000002, 0.000000003, 0.000000005, 0.000000067, 0.000000084, 0.000001184, 0, 0, 0, 1, 34.000000000
1740983753.233736038, 0.000000002, 0.000000003, 0.000000005, 0.000000067, 0.000000084, 0.000001202, 0.000000002, 0.000000003, 0.000000005, 0.000000067, 0.000000084, 0.000001202, 1, 1, 1, 0, 30.000000000
1740983753.237218142, 0.000000002, 0.000000003, 0.000000005, 0.000000065, 0.000000083, 0.000001181, 0.000000002, 0.000000003, 0.000000005, 0.000000065, 0.000000083, 0.000001181, 0, 0, 0, 1, 32.000000000
1740983753.333644867, 0.000000002, 0.000000003, 0.000000006, 0.000000068, 0.000000085, 0.000001160, 0.000000002, 0.000000003, 0.000000006, 0.000000068, 0.000000085, 0.000001160, 1, 1, 1, 0, 33.000000000
1740983753.336944580, 0.000000002, 0.000000003, 0.000000005, 0.000000066, 0.000000084, 0.000001129, 0.000000002, 0.000000003, 0.000000005, 0.000000066, 0.000000084, 0.000001129, 0, 0, 0, 1, 32.000000000
1740983753.437399864, 0.000000002, 0.000000003, 0.000000005, 0.000000066, 0.000000084, 0.000001077, 0.000000002, 0.000000003, 0.000000005, 0.000000066, 0.000000084, 0.000001077, 1, 1, 1, 1, 70.000000000
1740983753.533769608, 0.000000002, 0.000000003, 0.000000005, 0.000000067, 0.000000084, 0.000001060, 0.000000002, 0.000000003, 0.000000005, 0.000000067, 0.000000084, 0.000001060, 1, 1, 1, 0, 39.000000000
1740983753.536423445, 0.000000002, 0.000000003, 0.000000005, 0.000000066, 0.000000083, 0.000001052, 0.000000002, 0.000000003, 0.000000005, 0.000000066, 0.000000083, 0.000001052, 0, 0, 0, 1, 35.000000000
1740983753.632848740, 0.000000002, 0.000000003, 0.000000005, 0.000000066, 0.000000083, 0.000001074, 0.000000002, 0.000000003, 0.000000005, 0.000000066, 0.000000083, 0.000001074, 1, 1, 1, 0, 40.000000000
1740983753.636296511, 0.000000002, 0.000000003, 0.000000005, 0.000000064, 0.000000081, 0.000001064, 0.000000002, 0.000000003, 0.000000005, 0.000000064, 0.000000081, 0.000001064, 0, 0, 0, 1, 41.000000000
1740983753.733825445, 0.000000002, 0.000000003, 0.000000005, 0.000000065, 0.000000081, 0.000001065, 0.000000002, 0.000000003, 0.000000005, 0.000000065, 0.000000081, 0.000001065, 1, 1, 1, 0, 47.000000000
1740983753.736497641, 0.000000002, 0.000000003, 0.000000005, 0.000000063, 0.000000079, 0.000001060, 0.000000002, 0.000000003, 0.000000005, 0.000000063, 0.000000079, 0.000001060, 0, 0, 0, 1, 44.000000000
1740983753.833635092, 0.000000002, 0.000000003, 0.000000005, 0.000000064, 0.000000080, 0.000001064, 0.000000002, 0.000000003, 0.000000005, 0.000000064, 0.000000080, 0.000001064, 1, 1, 1, 0, 48.000000000
1740983753.836616516, 0.000000002, 0.000000003, 0.000000005, 0.000000063, 0.000000078, 0.000001059, 0.000000002, 0.000000003, 0.000000005, 0.000000063, 0.000000078, 0.000001059, 0, 0, 0, 1, 45.000000000
1740983753.933540106, 0.000000002, 0.000000003, 0.000000005, 0.000000064, 0.000000079, 0.000001052, 0.000000002, 0.000000003, 0.000000005, 0.000000064, 0.000000079, 0.000001052, 1, 1, 1, 0, 57.000000000
1740983753.937412262, 0.000000002, 0.000000003, 0.000000005, 0.000000061, 0.000000077, 0.000001045, 0.000000002, 0.000000003, 0.000000005, 0.000000061, 0.000000077, 0.000001045, 0, 0, 0, 1, 43.000000000
1740983754.033169031, 0.000000002, 0.000000004, 0.000000005, 0.000000067, 0.000000081, 0.000001029, 0.000000002, 0.000000004, 0.000000005, 0.000000067, 0.000000081, 0.000001029, 1, 1, 1, 0, 57.000000000
1740983754.036504745, 0.000000002, 0.000000003, 0.000000005, 0.000000064, 0.000000078, 0.000001022, 0.000000002, 0.000000003, 0.000000005, 0.000000064, 0.000000078, 0.000001022, 0, 0, 0, 1, 39.000000000
1740983754.133593559, 0.000000002, 0.000000003, 0.000000005, 0.000000064, 0.000000078, 0.000000999, 0.000000002, 0.000000003, 0.000000005, 0.000000064, 0.000000078, 0.000000999, 1, 1, 1, 0, 51.000000000
1740983754.136615753, 0.000000002, 0.000000003, 0.000000005, 0.000000062, 0.000000076, 0.000000992, 0.000000002, 0.000000003, 0.000000005, 0.000000062, 0.000000076, 0.000000992, 0, 0, 0, 1, 40.000000000
1740983754.233512878, 0.000000002, 0.000000003, 0.000000005, 0.000000063, 0.000000078, 0.000000993, 0.000000002, 0.000000003, 0.000000005, 0.000000063, 0.000000078, 0.000000993, 1, 1, 1, 0, 56.000000000
1740983754.237011671, 0.000000002, 0.000000003, 0.000000005, 0.000000061, 0.000000075, 0.000000986, 0.000000002, 0.000000003, 0.000000005, 0.000000061, 0.000000075, 0.000000986, 0, 0, 0, 1, 41.000000000
1740983754.332873821, 0.000000002, 0.000000003, 0.000000005, 0.000000062, 0.000000077, 0.000000976, 0.000000002, 0.000000003, 0.000000005, 0.000000062, 0.000000077, 0.000000976, 1, 1, 1, 0, 55.000000000
1740983754.335748196, 0.000000002, 0.000000003, 0.000000005, 0.000000060, 0.000000075, 0.000000966, 0.000000002, 0.000000003, 0.000000005, 0.000000060, 0.000000075, 0.000000966, 0, 0, 0, 1, 44.000000000
1740983754.433396816, 0.000000002, 0.000000003, 0.000000005, 0.000000061, 0.000000076, 0.000000950, 0.000000002, 0.000000003, 0.000000005, 0.000000061, 0.000000076, 0.000000950, 1, 1, 1, 0, 61.000000000
1740983754.436412811, 0.000000002, 0.000000003, 0.000000005, 0.000000059, 0.000000074, 0.000000942, 0.000000002, 0.000000003, 0.000000005, 0.000000059, 0.000000074, 0.000000942, 0, 0, 0, 1, 42.000000000
1740983754.532727480, 0.000000002, 0.000000003, 0.000000005, 0.000000060, 0.000000075, 0.000000896, 0.000000002, 0.000000003, 0.000000005, 0.000000060, 0.000000075, 0.000000896, 1, 1, 1, 0, 55.000000000
1740983754.535545588, 0.000000002, 0.000000003, 0.000000005, 0.000000058, 0.000000073, 0.000000887, 0.000000002, 0.000000003, 0.000000005, 0.000000058, 0.000000073, 0.000000887, 0, 0, 0, 1, 41.000000000
1740983754.633621216, 0.000000002, 0.000000003, 0.000000005, 0.000000059, 0.000000074, 0.000000888, 0.000000002, 0.000000003, 0.000000005, 0.000000059, 0.000000074, 0.000000888, 1, 1, 1, 0, 50.000000000
1740983754.636304140, 0.000000002, 0.000000003, 0.000000005, 0.000000057, 0.000000072, 0.000000878, 0.000000002, 0.000000003, 0.000000005, 0.000000057, 0.000000072, 0.000000878, 0, 0, 0, 1, 40.000000000
1740983754.733466148, 0.000000002, 0.000000003, 0.000000005, 0.000000059, 0.000000074, 0.000000887, 0.000000002, 0.000000003, 0.000000005, 0.000000059, 0.000000074, 0.000000887, 1, 1, 1, 0, 52.000000000
1740983754.735971689, 0.000000002, 0.000000003, 0.000000005, 0.000000058, 0.000000072, 0.000000881, 0.000000002, 0.000000003, 0.000000005, 0.000000058, 0.000000072, 0.000000877, 0, 0, 0, 1, 40.000000000
1740983754.835713387, 0.000000002, 0.000000003, 0.000000005, 0.000000058, 0.000000073, 0.000000882, 0.000000002, 0.000000003, 0.000000005, 0.000000058, 0.000000073, 0.000000881, 1, 1, 1, 0, 56.000000000
1740983754.839562416, 0.000000002, 0.000000003, 0.000000005, 0.000000056, 0.000000071, 0.000000872, 0.000000002, 0.000000003, 0.000000005, 0.000000056, 0.000000071, 0.000000872, 0, 0, 0, 1, 26.000000000
1740983754.934097052, 0.000000002, 0.000000004, 0.000000005, 0.000000058, 0.000000073, 0.000000863, 0.000000002, 0.000000004, 0.000000005, 0.000000058, 0.000000073, 0.000000863, 1, 1, 1, 0, 60.000000000
1740983754.936380386, 0.000000002, 0.000000003, 0.000000005, 0.000000057, 0.000000071, 0.000000855, 0.000000002, 0.000000003, 0.000000005, 0.000000057, 0.000000071, 0.000000855, 0, 0, 0, 1, 33.000000000
1740983755.033871651, 0.000000002, 0.000000003, 0.000000005, 0.000000059, 0.000000074, 0.000000872, 0.000000002, 0.000000003, 0.000000005, 0.000000059, 0.000000074, 0.000000872, 1, 1, 1, 0, 61.000000000
1740983755.036300659, 0.000000002, 0.000000003, 0.000000005, 0.000000058, 0.000000072, 0.000000859, 0.000000002, 0.000000003, 0.000000005, 0.000000058, 0.000000072, 0.000000859, 0, 0, 0, 1, 23.000000000
1740983755.133173943, 0.000000002, 0.000000004, 0.000000005, 0.000000059, 0.000000075, 0.000000898, 0.000000002, 0.000000004, 0.000000005, 0.000000059, 0.000000075, 0.000000898, 1, 1, 1, 0, 67.000000000
1740983755.136755943, 0.000000002, 0.000000003, 0.000000005, 0.000000058, 0.000000072, 0.000000877, 0.000000002, 0.000000003, 0.000000005, 0.000000058, 0.000000072, 0.000000877, 0, 0, 0, 1, 27.000000000
1740983755.235888004, 0.000000002, 0.000000003, 0.000000005, 0.000000055, 0.000000072, 0.000000876, 0.000000002, 0.000000003, 0.000000005, 0.000000055, 0.000000072, 0.000000876, 1, 1, 1, 1, 92.000000000
1740983755.333550215, 0.000000002, 0.000000004, 0.000000005, 0.000000059, 0.000000074, 0.000000875, 0.000000002, 0.000000004, 0.000000005, 0.000000059, 0.000000074, 0.000000875, 1, 1, 1, 0, 61.000000000
1740983755.336351156, 0.000000002, 0.000000004, 0.000000005, 0.000000058, 0.000000072, 0.000000853, 0.000000002, 0.000000004, 0.000000005, 0.000000058, 0.000000072, 0.000000853, 0, 0, 0, 1, 17.000000000
1740983755.433418751, 0.000000002, 0.000000003, 0.000000005, 0.000000055, 0.000000072, 0.000000858, 0.000000002, 0.000000003, 0.000000005, 0.000000055, 0.000000072, 0.000000858, 1, 1, 1, 0, 64.000000000
1740983755.436434031, 0.000000002, 0.000000003, 0.000000005, 0.000000054, 0.000000070, 0.000000837, 0.000000002, 0.000000003, 0.000000005, 0.000000054, 0.000000070, 0.000000837, 0, 0, 0, 1, 19.000000000
1740983755.533967972, 0.000000002, 0.000000003, 0.000000005, 0.000000053, 0.000000070, 0.000000846, 0.000000002, 0.000000003, 0.000000005, 0.000000053, 0.000000070, 0.000000846, 1, 1, 1, 0, 66.000000000
1740983755.536970854, 0.000000002, 0.000000003, 0.000000005, 0.000000052, 0.000000068, 0.000000816, 0.000000002, 0.000000003, 0.000000005, 0.000000052, 0.000000068, 0.000000816, 0, 0, 0, 1, 18.000000000
1740983755.633547544, 0.000000002, 0.000000003, 0.000000005, 0.000000056, 0.000000070, 0.000000821, 0.000000002, 0.000000003, 0.000000005, 0.000000056, 0.000000070, 0.000000821, 1, 1, 1, 0, 67.000000000
1740983755.636761189, 0.000000002, 0.000000003, 0.000000005, 0.000000055, 0.000000068, 0.000000782, 0.000000002, 0.000000003, 0.000000005, 0.000000055, 0.000000068, 0.000000782, 0, 0, 0, 1, 13.000000000
1740983755.734228134, 0.000000002, 0.000000003, 0.000000005, 0.000000052, 0.000000068, 0.000000784, 0.000000002, 0.000000003, 0.000000005, 0.000000052, 0.000000068, 0.000000784, 1, 1, 1, 0, 67.000000000
1740983755.736872435, 0.000000002, 0.000000003, 0.000000005, 0.000000052, 0.000000067, 0.000000766, 0.000000002, 0.000000003, 0.000000005, 0.000000052, 0.000000067, 0.000000766, 0, 0, 0, 1, 10.000000000
1740983755.832563400, 0.000000002, 0.000000004, 0.000000005, 0.000000056, 0.000000070, 0.000000841, 0.000000002, 0.000000004, 0.000000005, 0.000000056, 0.000000070, 0.000000841, 1, 1, 1, 0, 65.000000000
1740983755.836290836, 0.000000002, 0.000000004, 0.000000005, 0.000000056, 0.000000068, 0.000000830, 0.000000002, 0.000000004, 0.000000005, 0.000000056, 0.000000068, 0.000000830, 0, 0, 0, 1, 8.000000000
1740983755.933614016, 0.000000002, 0.000000003, 0.000000005, 0.000000052, 0.000000068, 0.000000862, 0.000000002, 0.000000003, 0.000000005, 0.000000052, 0.000000068, 0.000000862, 1, 1, 1, 0, 78.000000000
1740983755.936377287, 0.000000002, 0.000000003, 0.000000005, 0.000000052, 0.000000067, 0.000000856, 0.000000002, 0.000000003, 0.000000005, 0.000000052, 0.000000067, 0.000000856, 0, 0, 0, 1, 10.000000000
1740983756.033581972, 0.000000002, 0.000000003, 0.000000005, 0.000000053, 0.000000069, 0.000000878, 0.000000002, 0.000000003, 0.000000005, 0.000000053, 0.000000069, 0.000000878, 1, 1, 1, 0, 92.000000000
1740983756.036449671, 0.000000002, 0.000000003, 0.000000005, 0.000000052, 0.000000068, 0.000000864, 0.000000002, 0.000000003, 0.000000005, 0.000000052, 0.000000068, 0.000000864, 0, 0, 0, 1, 13.000000000
1740983756.133221626, 0.000000002, 0.000000003, 0.000000005, 0.000000052, 0.000000069, 0.000000901, 0.000000002, 0.000000003, 0.000000005, 0.000000052, 0.000000069, 0.000000901, 1, 1, 1, 0, 80.000000000
1740983756.136047602, 0.000000002, 0.000000003, 0.000000005, 0.000000051, 0.000000068, 0.000000887, 0.000000002, 0.000000003, 0.000000005, 0.000000051, 0.000000068, 0.000000887, 0, 0, 0, 1, 10.000000000
1740983756.233731031, 0.000000002, 0.000000003, 0.000000005, 0.000000051, 0.000000069, 0.000000877, 0.000000002, 0.000000003, 0.000000005, 0.000000051, 0.000000069, 0.000000877, 1, 1, 1, 0, 80.000000000
1740983756.236877918, 0.000000002, 0.000000003, 0.000000005, 0.000000051, 0.000000068, 0.000000865, 0.000000002, 0.000000003, 0.000000005, 0.000000051, 0.000000068, 0.000000865, 0, 0, 0, 1, 11.000000000
1740983756.333367586, 0.000000002, 0.000000003, 0.000000005, 0.000000052, 0.000000070, 0.000000804, 0.000000002, 0.000000003, 0.000000005, 0.000000052, 0.000000070, 0.000000804, 1, 1, 1, 0, 85.000000000
1740983756.336094856, 0.000000002, 0.000000003, 0.000000005, 0.000000051, 0.000000069, 0.000000791, 0.000000002, 0.000000003, 0.000000005, 0.000000051, 0.000000069, 0.000000791, 0, 0, 0, 1, 10.000000000
1740983756.435977221, 0.000000002, 0.000000003, 0.000000005, 0.000000053, 0.000000073, 0.000000811, 0.000000002, 0.000000003, 0.000000005, 0.000000053, 0.000000073, 0.000000811, 1, 1, 1, 1, 104.000000000
1740983756.533403873, 0.000000002, 0.000000003, 0.000000005, 0.000000052, 0.000000072, 0.000000808, 0.000000002, 0.000000003, 0.000000005, 0.000000052, 0.000000072, 0.000000808, 1, 1, 1, 0, 83.000000000
1740983756.536150694, 0.000000002, 0.000000003, 0.000000005, 0.000000051, 0.000000071, 0.000000801, 0.000000002, 0.000000003, 0.000000005, 0.000000051, 0.000000071, 0.000000801, 0, 0, 0, 1, 12.000000000
1740983756.634623051, 0.000000002, 0.000000003, 0.000000005, 0.000000051, 0.000000070, 0.000000820, 0.000000002, 0.000000003, 0.000000005, 0.000000051, 0.000000070, 0.000000820, 1, 1, 1, 0, 80.000000000
1740983756.638015032, 0.000000004, 0.000000005, 0.000000007, 0.000000051, 0.000000070, 0.000000824, 0.000000004, 0.000000005, 0.000000007, 0.000000051, 0.000000070, 0.000000824, 0, 0, 0, 1, 15.000000000
1740983756.735360146, 0.000000002, 0.000000003, 0.000000005, 0.000000051, 0.000000069, 0.000000822, 0.000000002, 0.000000003, 0.000000005, 0.000000051, 0.000000069, 0.000000822, 1, 1, 1, 0, 77.000000000
1740983756.739058733, 0.000000002, 0.000000003, 0.000000005, 0.000000050, 0.000000067, 0.000000812, 0.000000002, 0.000000003, 0.000000005, 0.000000050, 0.000000067, 0.000000812, 0, 0, 0, 1, 16.000000000
1740983756.837841988, 0.000000002, 0.000000003, 0.000000005, 0.000000050, 0.000000067, 0.000000849, 0.000000002, 0.000000003, 0.000000005, 0.000000050, 0.000000067, 0.000000849, 1, 1, 1, 1, 84.000000000
1740983756.933285713, 0.000000002, 0.000000003, 0.000000005, 0.000000050, 0.000000068, 0.000000835, 0.000000002, 0.000000003, 0.000000005, 0.000000050, 0.000000068, 0.000000835, 1, 1, 1, 0, 67.000000000
1740983756.936502457, 0.000000002, 0.000000003, 0.000000005, 0.000000049, 0.000000066, 0.000000820, 0.000000002, 0.000000003, 0.000000005, 0.000000049, 0.000000066, 0.000000820, 0, 0, 0, 1, 22.000000000
1740983757.037266254, 0.000000002, 0.000000003, 0.000000005, 0.000000049, 0.000000066, 0.000000833, 0.000000002, 0.000000003, 0.000000005, 0.000000049, 0.000000066, 0.000000833, 1, 1, 1, 1, 79.000000000
1740983757.133871317, 0.000000002, 0.000000003, 0.000000005, 0.000000049, 0.000000066, 0.000000850, 0.000000002, 0.000000003, 0.000000005, 0.000000049, 0.000000066, 0.000000850, 1, 1, 1, 0, 62.000000000
1740983757.136849642, 0.000000002, 0.000000003, 0.000000005, 0.000000049, 0.000000065, 0.000000828, 0.000000002, 0.000000003, 0.000000005, 0.000000049, 0.000000065, 0.000000828, 0, 0, 0, 1, 29.000000000
1740983757.236292839, 0.000000002, 0.000000003, 0.000000005, 0.000000050, 0.000000067, 0.000000887, 0.000000002, 0.000000003, 0.000000005, 0.000000050, 0.000000067, 0.000000887, 1, 1, 1, 0, 54.000000000
1740983757.240028143, 0.000000002, 0.000000003, 0.000000005, 0.000000049, 0.000000065, 0.000000871, 0.000000002, 0.000000003, 0.000000005, 0.000000049, 0.000000065, 0.000000871, 0, 0, 0, 1, 30.000000000
1740983757.334439993, 0.000000002, 0.000000002, 0.000000005, 0.000000050, 0.000000067, 0.000000856, 0.000000002, 0.000000002, 0.000000005, 0.000000050, 0.000000067, 0.000000856, 1, 1, 1, 0, 51.000000000
1740983757.337017298, 0.000000002, 0.000000002, 0.000000005, 0.000000049, 0.000000065, 0.000000834, 0.000000002, 0.000000002, 0.000000005, 0.000000049, 0.000000065, 0.000000834, 0, 0, 0, 1, 29.000000000
1740983757.433289528, 0.000000002, 0.000000003, 0.000000005, 0.000000050, 0.000000067, 0.000000858, 0.000000002, 0.000000003, 0.000000005, 0.000000050, 0.000000067, 0.000000858, 1, 1, 1, 0, 37.000000000
1740983757.436279535, 0.000000002, 0.000000003, 0.000000005, 0.000000049, 0.000000065, 0.000000850, 0.000000002, 0.000000003, 0.000000005, 0.000000049, 0.000000065, 0.000000850, 0, 0, 0, 1, 39.000000000
1740983757.533660412, 0.000000002, 0.000000003, 0.000000005, 0.000000050, 0.000000067, 0.000000859, 0.000000002, 0.000000003, 0.000000005, 0.000000050, 0.000000067, 0.000000859, 1, 1, 1, 0, 40.000000000
1740983757.536635637, 0.000000002, 0.000000002, 0.000000005, 0.000000049, 0.000000065, 0.000000853, 0.000000002, 0.000000002, 0.000000005, 0.000000049, 0.000000065, 0.000000853, 0, 0, 0, 1, 38.000000000
1740983757.634141207, 0.000000002, 0.000000003, 0.000000005, 0.000000050, 0.000000066, 0.000000856, 0.000000002, 0.000000003, 0.000000005, 0.000000050, 0.000000066, 0.000000856, 1, 1, 1, 0, 39.000000000
1740983757.636813879, 0.000000002, 0.000000002, 0.000000005, 0.000000049, 0.000000065, 0.000000846, 0.000000002, 0.000000002, 0.000000005, 0.000000049, 0.000000065, 0.000000846, 0, 0, 0, 1, 41.000000000
1740983757.734860420, 0.000000002, 0.000000003, 0.000000005, 0.000000050, 0.000000066, 0.000000896, 0.000000002, 0.000000003, 0.000000005, 0.000000050, 0.000000066, 0.000000896, 1, 1, 1, 0, 38.000000000
1740983757.737328768, 0.000000002, 0.000000002, 0.000000005, 0.000000049, 0.000000065, 0.000000883, 0.000000002, 0.000000002, 0.000000005, 0.000000049, 0.000000065, 0.000000883, 0, 0, 0, 1, 44.000000000
1740983757.835759640, 0.000000002, 0.000000003, 0.000000005, 0.000000050, 0.000000066, 0.000000894, 0.000000002, 0.000000003, 0.000000005, 0.000000050, 0.000000066, 0.000000895, 1, 1, 1, 0, 43.000000000
1740983757.839613438, 0.000000002, 0.000000002, 0.000000005, 0.000000049, 0.000000064, 0.000000880, 0.000000002, 0.000000002, 0.000000005, 0.000000049, 0.000000064, 0.000000881, 0, 0, 0, 1, 49.000000000
1740983757.935119390, 0.000000002, 0.000000003, 0.000000005, 0.000000050, 0.000000067, 0.000000875, 0.000000002, 0.000000003, 0.000000005, 0.000000050, 0.000000067, 0.000000875, 1, 1, 1, 0, 31.000000000
1740983757.938429356, 0.000000002, 0.000000003, 0.000000005, 0.000000049, 0.000000065, 0.000000856, 0.000000002, 0.000000003, 0.000000005, 0.000000049, 0.000000066, 0.000000851, 0, 0, 0, 1, 47.000000000
1740983758.033958673, 0.000000002, 0.000000003, 0.000000005, 0.000000050, 0.000000071, 0.000000868, 0.000000002, 0.000000003, 0.000000005, 0.000000050, 0.000000072, 0.000000865, 1, 1, 1, 0, 33.000000000
1740983758.037056923, 0.000000002, 0.000000003, 0.000000005, 0.000000050, 0.000000070, 0.000000845, 0.000000002, 0.000000003, 0.000000005, 0.000000050, 0.000000079, 0.000000746, 0, 0, 0, 1, 42.000000000
1740983758.133551836, 0.000000021, 0.000000023, 0.000000036, 0.000000098, 0.000000146, 0.000000736, 0.000000021, 0.000000023, 0.000000037, 0.000000098, 0.000000146, 0.000000733, 1, 1, 1, 0, 19.000000000
1740983758.136026859, 0.000000021, 0.000000023, 0.000000035, 0.000000098, 0.000000145, 0.000000729, 0.000000003, 0.000000023, 0.000000036, 0.000000084, 0.000000113, 0.000000657, 0, 0, 0, 1, 25.000000000
1740983758.233361244, 0.000000059, 0.000000066, 0.000000091, 0.000000212, 0.000000231, 0.000000829, 0.000000008, 0.000000068, 0.000000116, 0.000000165, 0.000000210, 0.000000982, 1, 1, 1, 0, 0.000000000
1740983758.236361742, 0.000000007, 0.000000066, 0.000000115, 0.000000171, 0.000000211, 0.000000926, -0.000000043, 0.000000068, 0.000000142, 0.000000114, 0.000000221, 0.000000938, 0, 0, 0, 1, 3.000000000
1740983758.333827019, 0.000000103, 0.000000226, 0.000000267, 0.000000382, 0.000000423, 0.000001313, 0.000000125, 0.000000225, 0.000000252, 0.000000361, 0.000000425, 0.000001364, 1, 1, 1, 0, 0.000000000
1740983758.336848974, 0.000000106, 0.000000222, 0.000000250, 0.000000368, 0.000000424, 0.000001285, 0.000000147, 0.000000223, 0.000000227, -0.000000128, 0.000000404, 0.000001370, 0, 0, 0, 1, 2.000000000
1740983758.433122635, 0.000000067, 0.000000095, 0.000000156, 0.000000028, 0.000000630, 0.000001653, 0.000000059, 0.000000094, 0.000000155, 0.000000170, 0.000000634, 0.000001274, 1, 1, 1, 0, 2.000000000
1740983758.436807871, 0.000000059, 0.000000093, 0.000000155, 0.000000170, 0.000000633, 0.000001270, 0.000000008, 0.000000104, 0.000000158, -0.000000549, 0.000000592, 0.000001471, 0, 0, 0, 1, 4.000000000
1740983758.533978224, 0.000000150, 0.000000212, 0.000000312, -0.000000609, 0.000001022, 0.000001966, 0.000000073, 0.000000206, 0.000000289, -0.000000711, 0.000001022, 0.000002072, 1, 1, 1, 0, 0.000000000
1740983758.538504362, 0.000000018, 0.000000227, 0.000000241, -0.000000761, 0.000001015, 0.000002095, 0.000000019, 0.000000227, 0.000000241, -0.000000760, 0.000001015, 0.000002094, 0, 0, 0, 1, 0.000000000
1740983758.635156393, 0.000000058, 0.000000198, 0.000000214, -0.000000983, 0.000001648, 0.000002348, 0.000000031, 0.000000196, 0.000000221, -0.000000548, 0.000001655, 0.000002378, 1, 1, 1, 0, 0.000000000
1740983758.638547182, 0.000000016, 0.000000187, 0.000000209, -0.000000553, 0.000001632, 0.000002372, 0.000000016, 0.000000187, 0.000000209, -0.000000556, 0.000001632, 0.000002371, 0, 0, 0, 1, 0.000000000
1740983758.736730814, 0.000000076, 0.000000171, 0.000000197, -0.000000246, 0.000002636, 0.000002876, 0.000000042, 0.000000176, 0.000000194, -0.000000019, 0.000002709, 0.000002941, 1, 1, 1, 1, 0.000000000
1740983758.833673716, 0.000000065, 0.000000159, 0.000000233, 0.000000281, 0.000004042, 0.000004614, 0.000000065, 0.000000159, 0.000000233, 0.000000292, 0.000004041, 0.000004614, 1, 1, 1, 0, 1.000000000
1740983758.837149382, 0.000000065, 0.000000129, 0.000000223, 0.000000286, 0.000003933, 0.000004477, 0.000000065, 0.000000129, 0.000000223, 0.000000286, 0.000003933, 0.000004477, 0, 0, 0, 1, 0.000000000
1740983758.933568239, 0.000000079, 0.000000128, 0.000000184, 0.000000362, 0.000005485, 0.000007117, 0.000000079, 0.000000128, 0.000000184, 0.000000362, 0.000005485, 0.000007117, 1, 1, 1, 0, 0.000000000
1740983758.936553955, 0.000000076, 0.000000111, 0.000000183, 0.000000364, 0.000005388, 0.000006747, 0.000000076, 0.000000111, 0.000000183, 0.000000364, 0.000005388, 0.000006747, 0, 0, 0, 1, 0.000000000
1740983759.034416437, 0.000000103, 0.000000171, 0.000000237, 0.000000094, 0.000008375, 0.000010474, 0.000000103, 0.000000171, 0.000000237, 0.000000094, 0.000008375, 0.000010474, 1, 1, 1, 0, 0.000000000
1740983759.037014484, 0.000000098, 0.000000158, 0.000000235, 0.000000111, 0.000008164, 0.000009930, 0.000000098, 0.000000158, 0.000000235, 0.000000111, 0.000008164, 0.000009930, 0, 0, 0, 1, 0.000000000
1740983759.136421204, 0.000000146, 0.000000214, 0.000000322, -0.000000491, 0.000012951, 0.000015123, 0.000000146, 0.000000214, 0.000000322, -0.000000491, 0.000012951, 0.000015123, 1, 1, 1, 1, 0.000000000
1740983759.236639023, 0.000000148, 0.000000251, 0.000000421, -0.000001571, 0.000020700, 0.000022638, 0.000000148, 0.000000251, 0.000000421, -0.000001571, 0.000020700, 0.000022638, 1, 1, 1, 1, 0.000000000
1740983759.333615780, 0.000000154, 0.000000345, 0.000000511, -0.000003277, 0.000031425, 0.000033507, 0.000000154, 0.000000345, 0.000000511, -0.000003277, 0.000031425, 0.000033507, 1, 1, 1, 0, 0.000000000
1740983759.336743355, 0.000000101, 0.000000337, 0.000000443, -0.000002975, 0.000018757, 0.000033058, 0.000000101, 0.000000337, 0.000000443, -0.000002975, 0.000018757, 0.000033058, 0, 0, 0, 1, 0.000000000
1740983759.434663534, 0.000000142, 0.000000312, 0.000000432, -0.000004275, 0.000022276, 0.000043888, 0.000000142, 0.000000312, 0.000000432, -0.000004275, 0.000022276, 0.000043888, 1, 1, 1, 0, 0.000000000
1740983759.437433958, 0.000000096, 0.000000272, 0.000000414, -0.000004150, 0.000014777, 0.000043772, 0.000000096, 0.000000272, 0.000000414, -0.000004150, 0.000014777, 0.000043772, 0, 0, 0, 1, 0.000000000
1740983759.533089876, 0.000000197, 0.000000301, 0.000000474, -0.000005213, 0.000021635, 0.000055506, 0.000000197, 0.000000301, 0.000000474, -0.000005213, 0.000021635, 0.000055506, 1, 1, 1, 0, 0.000000000
1740983759.536596298, 0.000000092, 0.000000287, 0.000000470, -0.000005063, 0.000013675, 0.000054560, 0.000000092, 0.000000287, 0.000000470, -0.000005063, 0.000013675, 0.000054560, 0, 0, 0, 1, 0.000000000
1740983759.633355141, 0.000000114, 0.000000269, 0.000000462, -0.000006074, 0.000016849, 0.000067357, 0.000000114, 0.000000269, 0.000000462, -0.000006074, 0.000016849, 0.000067357, 1, 1, 1, 0, 0.000000000
1740983759.636708736, 0.000000088, 0.000000267, 0.000000445, -0.000005320, 0.000014464, 0.000063693, 0.000000088, 0.000000267, 0.000000445, -0.000005320, 0.000014464, 0.000063693, 0, 0, 0, 1, 0.000000000
1740983759.734226704, 0.000000166, 0.000000302, 0.000000505, -0.000005931, 0.000019828, 0.000077419, 0.000000166, 0.000000302, 0.000000505, -0.000005931, 0.000019828, 0.000077419, 1, 1, 1, 0, 0.000000000
1740983759.737222195, 0.000000110, 0.000000299, 0.000000494, -0.000005465, 0.000015746, 0.000074304, 0.000000110, 0.000000299, 0.000000494, -0.000005465, 0.000015746, 0.000074304, 0, 0, 0, 1, 0.000000000
1740983759.837100029, 0.000000143, 0.000000267, 0.000000506, -0.000005945, 0.000021547, 0.000088537, 0.000000143, 0.000000267, 0.000000506, -0.000005945, 0.000021547, 0.000088537, 1, 1, 1, 1, 0.000000000
1740983759.933939934, 0.000000159, 0.000000365, 0.000000525, -0.000007352, 0.000030625, 0.000121845, 0.000000159, 0.000000365, 0.000000525, -0.000007352, 0.000030625, 0.000121845, 1, 1, 1, 0, 0.000000000
1740983759.938188553, 0.000000120, 0.000000344, 0.000000504, -0.000006901, 0.000023418, 0.000116134, 0.000000120, 0.000000344, 0.000000504, -0.000006901, 0.000023418, 0.000116134, 0, 0, 0, 1, 0.000000000
1740983760.033603907, 0.000000166, 0.000000395, 0.000000586, -0.000008750, 0.000033437, 0.000151280, 0.000000166, 0.000000395, 0.000000586, -0.000008750, 0.000033437, 0.000151280, 1, 1, 1, 0, 0.000000000
1740983760.036893129, 0.000000098, 0.000000379, 0.000000548, -0.000007243, 0.000023203, 0.000138167, 0.000000098, 0.000000379, 0.000000548, -0.000007243, 0.000023203, 0.000138167, 0, 0, 0, 1, 0.000000000
1740983760.136169910, 0.000000163, 0.000000465, 0.000000633, -0.000007014, 0.000032856, 0.000164766, 0.000000163, 0.000000465, 0.000000633, -0.000007014, 0.000032856, 0.000164765, 1, 1, 1, 1, 0.000000000
1740983760.234071732, 0.000000177, 0.000000492, 0.000000705, -0.000006505, 0.000046680, 0.000197746, 0.000000177, 0.000000492, 0.000000705, -0.000006505, 0.000046680, 0.000197746, 1, 1, 1, 0, 0.000000000
1740983760.237566471, 0.000000119, 0.000000414, 0.000000576, -0.000003680, 0.000032484, 0.000155858, 0.000000119, 0.000000414, 0.000000576, -0.000003680, 0.000032484, 0.000155858, 0, 0, 0, 1, 0.000000000
1740983760.337170839, 0.000000200, 0.000000529, 0.000000742, -0.000003509, 0.000046025, 0.000183932, 0.000000200, 0.000000529, 0.000000742, -0.000003509, 0.000046025, 0.000183931, 1, 1, 1, 1, 0.000000000
1740983760.433538198, 0.000000303, 0.000000682, 0.000000933, -0.000003664, 0.000065349, 0.000229046, 0.000000303, 0.000000682, 0.000000933, -0.000003664, 0.000065349, 0.000229045, 1, 1, 1, 0, 0.000000000
1740983760.437161446, 0.000000120, 0.000000546, 0.000000754, 0.000000569, 0.000034895, 0.000149934, 0.000000120, 0.000000546, 0.000000754, 0.000000569, 0.000034895, 0.000149934, 0, 0, 0, 1, 0.000000000
1740983760.534039021, 0.000000167, 0.000000584, 0.000000929, 0.000000827, 0.000045400, 0.000194662, 0.000000167, 0.000000584, 0.000000929, 0.000000827, 0.000045400, 0.000194661, 1, 1, 1, 0, 0.000000000
1740983760.536813974, 0.000000112, 0.000000564, 0.000000824, 0.000002144, 0.000039806, 0.000154133, 0.000000112, 0.000000564, 0.000000824, 0.000002144, 0.000039806, 0.000154133, 0, 0, 0, 1, 0.000000000
1740983760.634578705, 0.000000199, 0.000000608, 0.000001044, 0.000002643, 0.000053577, 0.000206467, 0.000000199, 0.000000608, 0.000001044, 0.000002643, 0.000053577, 0.000206467, 1, 1, 1, 0, 0.000000000
1740983760.636862755, 0.000000162, 0.000000599, 0.000001001, 0.000003317, 0.000051554, 0.000181005, 0.000000162, 0.000000599, 0.000001001, 0.000003317, 0.000051554, 0.000181005, 0, 0, 0, 1, 0.000000000
1740983760.733913183, 0.000000266, 0.000000670, 0.000001188, 0.000004104, 0.000070833, 0.000242333, 0.000000266, 0.000000670, 0.000001188, 0.000004104, 0.000070833, 0.000242333, 1, 1, 1, 0, 0.000000000
1740983760.736879826, 0.000000167, 0.000000632, 0.000001100, 0.000005158, 0.000061926, 0.000192447, 0.000000167, 0.000000632, 0.000001100, 0.000005158, 0.000061926, 0.000192447, 0, 0, 0, 1, 0.000000000
1740983760.834335566, 0.000000263, 0.000000673, 0.000001327, 0.000006278, 0.000082324, 0.000241211, 0.000000263, 0.000000673, 0.000001327, 0.000006278, 0.000082323, 0.000241211, 1, 1, 1, 0, 0.000000000
1740983760.837303162, 0.000000190, 0.000000638, 0.000001208, 0.000006701, 0.000073955, 0.000195108, 0.000000190, 0.000000638, 0.000001208, 0.000006701, 0.000073955, 0.000195108, 0, 0, 0, 1, 0.000000000
1740983760.933827400, 0.000000304, 0.000000754, 0.000001303, 0.000007611, 0.000101116, 0.000252154, 0.000000304, 0.000000754, 0.000001303, 0.000007611, 0.000101116, 0.000252153, 1, 1, 1, 0, 0.000000000
1740983760.937391281, 0.000000228, 0.000000711, 0.000001186, 0.000007899, 0.000085424, 0.000215755, 0.000000228, 0.000000711, 0.000001186, 0.000007899, 0.000085424, 0.000215755, 0, 0, 0, 1, 0.000000000
1740983761.033941746, 0.000000378, 0.000000845, 0.000001388, 0.000009301, 0.000114223, 0.000285691, 0.000000378, 0.000000845, 0.000001388, 0.000009301, 0.000114223, 0.000285691, 1, 1, 1, 0, 0.000000000
1740983761.036840200, 0.000000264, 0.000000804, 0.000001086, 0.000009285, 0.000080758, 0.000220938, 0.000000264, 0.000000804, 0.000001086, 0.000009285, 0.000080758, 0.000220938, 0, 0, 0, 1, 0.000000000
1740983761.135934830, 0.000000401, 0.000000899, 0.000001312, 0.000010957, 0.000117310, 0.000291710, 0.000000401, 0.000000899, 0.000001312, 0.000010957, 0.000117310, 0.000291710, 1, 1, 1, 0, 0.000000000
1740983761.140272617, 0.000000350, 0.000000770, 0.000001082, 0.000010900, 0.000075273, 0.000214862, 0.000000350, 0.000000770, 0.000001082, 0.000010900, 0.000075273, 0.000214862, 0, 0, 0, 1, 0.000000000
1740983761.237009287, 0.000000351, 0.000000659, 0.000001061, 0.000010748, 0.000093091, 0.000245050, 0.000000351, 0.000000659, 0.000001061, 0.000010748, 0.000093091, 0.000245050, 1, 1, 1, 1, 0.000000000
1740983761.334290266, 0.000000342, 0.000000808, 0.000001314, 0.000012346, 0.000131653, 0.000306601, 0.000000342, 0.000000808, 0.000001314, 0.000012346, 0.000131653, 0.000306601, 1, 1, 1, 0, 0.000000000
1740983761.339160442, 0.000000318, 0.000000704, 0.000001251, 0.000012448, 0.000125545, 0.000262708, 0.000000318, 0.000000704, 0.000001251, 0.000012448, 0.000125545, 0.000262708, 0, 0, 0, 1, 0.000000000
1740983761.433989048, 0.000000333, 0.000000689, 0.000001237, 0.000011357, 0.000151052, 0.000287360, 0.000000333, 0.000000689, 0.000001237, 0.000011357, 0.000151052, 0.000287360, 1, 1, 1, 0, 0.000000000
1740983761.437632799, 0.000000300, 0.000000565, 0.000001175, 0.000011535, 0.000144470, 0.000241202, 0.000000300, 0.000000565, 0.000001175, 0.000011535, 0.000144470, 0.000241202, 0, 0, 0, 1, 0.000000000
