# timestamp tx ty tz qx qy qz qw
1755487229.837433 -0.000079 -0.000576 0.000615 0.000257 0.000885 -0.000586 0.999999
1755487229.856529 0.013792 -0.002537 0.000758 0.001152 0.002330 -0.000588 0.999996
1755487229.937488 0.113064 0.010726 0.036207 0.004609 0.010005 -0.000229 0.999939
1755487229.958148 0.131880 0.004695 0.027356 0.006059 0.009337 0.001349 0.999937
1755487230.037412 0.230869 -0.021239 0.000548 0.007071 0.013070 0.008812 0.999851
1755487230.057938 0.263379 -0.006666 -0.000684 0.010390 0.012539 0.008512 0.999831
1755487230.137794 0.343807 -0.029778 -0.016327 0.010234 0.012463 0.018440 0.999700
1755487230.157907 0.362451 -0.032465 -0.016466 0.010915 0.011307 0.021251 0.999651
1755487230.236716 0.439910 -0.046948 -0.013430 0.008653 0.007147 0.029662 0.999497
1755487230.257499 0.455001 -0.048494 -0.011452 0.008153 0.005013 0.033820 0.999382
1755487230.336318 0.514590 -0.056383 0.004230 0.003289 0.002403 0.038977 0.999232
1755487230.355522 0.535247 -0.055050 0.005405 0.002329 0.001591 0.041294 0.999143
1755487230.436752 0.590789 -0.059049 0.016605 -0.002373 -0.000616 0.052569 0.998614
1755487230.456447 0.604139 -0.057865 0.019351 -0.003069 -0.000252 0.054949 0.998484
1755487230.537218 0.653081 -0.058235 0.029091 -0.004996 0.002833 0.060934 0.998125
1755487230.556366 0.665278 -0.057569 0.030442 -0.005273 0.003400 0.062481 0.998026
1755487230.636504 0.710696 -0.057231 0.029055 -0.006632 0.006320 0.062721 0.997989
1755487230.656112 0.713160 -0.058075 0.028839 -0.006710 0.006421 0.062770 0.997985
1755487230.734679 0.762009 -0.055092 0.021316 -0.007926 0.008871 0.059512 0.998157
1755487230.754662 0.768920 -0.054938 0.020284 -0.008022 0.008906 0.059492 0.998157
1755487230.835678 0.825447 -0.047969 0.012044 -0.009662 0.009383 0.053121 0.998497
1755487230.855551 0.838646 -0.045732 0.010609 -0.009642 0.008413 0.052792 0.998524
1755487230.937165 0.896308 -0.038678 0.009035 -0.008946 0.003272 0.050822 0.998662
1755487230.956516 0.908873 -0.036926 0.010649 -0.008571 0.001383 0.051689 0.998625
1755487231.036366 0.964212 -0.032541 0.019671 -0.006178 -0.003960 0.045855 0.998921
1755487231.056032 0.975841 -0.030930 0.021725 -0.005821 -0.005278 0.043758 0.999011
1755487231.156368 1.030335 -0.017600 0.030513 -0.004348 -0.007536 0.031981 0.999451
1755487231.238187 1.100384 -0.027970 0.033715 -0.001510 -0.004176 0.024867 0.999681
1755487231.256700 1.109520 -0.029905 0.033905 -0.000987 -0.003935 0.025129 0.999676
1755487231.336900 1.177669 -0.033752 0.034228 0.001253 0.001195 0.023035 0.999733
1755487231.356097 1.192876 -0.034398 0.033110 0.001704 0.001827 0.023397 0.999723
1755487231.437324 1.262463 -0.039675 0.024618 0.004297 0.006017 0.026557 0.999620
1755487231.457976 1.279755 -0.041429 0.021980 0.005360 0.006758 0.028645 0.999552
1755487231.536484 1.350005 -0.049487 0.013609 0.008247 0.010607 0.032069 0.999395
1755487231.556293 1.367277 -0.051339 0.011955 0.008890 0.010672 0.032856 0.999364
1755487231.637584 1.440302 -0.059869 0.009613 0.011769 0.010111 0.038207 0.999149
1755487231.657896 1.457733 -0.061167 0.010492 0.012419 0.009458 0.039083 0.999114
1755487231.735971 1.524702 -0.062688 0.020910 0.010835 0.005985 0.039915 0.999126
1755487231.756079 1.540835 -0.062129 0.024852 0.009830 0.005451 0.040901 0.999100
1755487231.837418 1.606638 -0.057679 0.033986 0.005736 0.005144 0.043791 0.999011
1755487231.856544 1.620776 -0.055847 0.035328 0.004719 0.004805 0.046050 0.998916
1755487231.936315 1.685103 -0.047148 0.039942 -0.000176 0.008249 0.047609 0.998832
1755487231.956177 1.700685 -0.044655 0.041006 -0.001389 0.009156 0.048131 0.998798
1755487232.037493 1.769149 -0.037656 0.041155 -0.004344 0.013399 0.048600 0.998719
1755487232.056939 1.785012 -0.036096 0.040497 -0.004761 0.014138 0.049398 0.998668
1755487232.136281 1.852938 -0.029390 0.035143 -0.006876 0.017450 0.047437 0.998698
1755487232.155981 1.869024 -0.027248 0.033373 -0.007586 0.017712 0.047138 0.998703
1755487232.236877 1.938254 -0.016302 0.025739 -0.010690 0.018241 0.042973 0.998853
1755487232.256368 1.953992 -0.013182 0.024229 -0.011402 0.017864 0.042750 0.998861
1755487232.336576 2.019250 0.001022 0.022105 -0.014084 0.013199 0.040348 0.998999
1755487232.356401 2.034476 0.004280 0.023996 -0.014772 0.011603 0.041634 0.998956
1755487232.436979 2.096806 0.013739 0.037231 -0.013638 0.005623 0.043500 0.998945
1755487232.456936 2.110578 0.015376 0.040459 -0.013060 0.004199 0.042859 0.998987
1755487232.536942 2.166133 0.020414 0.046625 -0.013351 -0.000270 0.033561 0.999347
1755487232.556630 2.179099 0.021018 0.047678 -0.013481 -0.001001 0.031457 0.999414
1755487232.637280 2.239175 0.018948 0.052642 -0.011898 -0.000134 0.023162 0.999661
1755487232.656410 2.253673 0.017636 0.053661 -0.011256 0.000441 0.021425 0.999707
1755487232.737890 2.319440 0.010615 0.053600 -0.008813 0.004343 0.017252 0.999803
1755487232.757024 2.334341 0.008316 0.052866 -0.008209 0.005293 0.017109 0.999806
1755487232.837533 2.400539 -0.003958 0.046793 -0.005137 0.009354 0.018006 0.999781
1755487232.857517 2.416301 -0.007903 0.045079 -0.004149 0.009970 0.019513 0.999751
1755487232.937284 2.480644 -0.024892 0.038653 -0.000762 0.011643 0.025020 0.999619
1755487232.956321 2.495282 -0.029344 0.037570 -0.000230 0.011467 0.026204 0.999591
1755487233.037731 2.558136 -0.048623 0.035457 0.000995 0.008752 0.029625 0.999522
1755487233.056906 2.572053 -0.053153 0.036196 0.001102 0.007780 0.029241 0.999541
1755487233.137218 2.631097 -0.070058 0.045190 -0.000025 0.001808 0.029720 0.999557
1755487233.156666 2.644366 -0.073428 0.048939 -0.000823 0.000704 0.030211 0.999543
1755487233.235789 2.699384 -0.084600 0.059524 -0.003149 -0.002191 0.027027 0.999627
1755487233.255970 2.712092 -0.087232 0.061883 -0.003512 -0.003114 0.027921 0.999599
1755487233.338192 2.769661 -0.096132 0.070460 -0.004806 -0.003112 0.028616 0.999574
1755487233.358382 2.783934 -0.098209 0.072561 -0.005052 -0.002782 0.028910 0.999565
1755487233.437274 2.844135 -0.106054 0.075540 -0.005055 -0.000343 0.024687 0.999682
1755487233.456749 2.858896 -0.108008 0.075230 -0.004951 0.000357 0.024132 0.999696
1755487233.539590 2.926803 -0.114707 0.068731 -0.004651 0.004585 0.017099 0.999832
1755487233.557840 2.941851 -0.115850 0.066751 -0.004675 0.005625 0.015308 0.999856
1755487233.637963 3.011862 -0.118330 0.056777 -0.005133 0.009579 0.004981 0.999929
1755487233.656961 3.027843 -0.118330 0.054868 -0.005416 0.010359 0.002909 0.999927
1755487233.736609 3.095402 -0.117042 0.049205 -0.006068 0.009949 -0.008284 0.999898
1755487233.755843 3.110592 -0.116871 0.049470 -0.006007 0.009293 -0.009012 0.999898
1755487233.837733 3.175249 -0.114635 0.058207 -0.005390 0.005410 -0.014577 0.999865
1755487233.856884 3.189384 -0.114206 0.061593 -0.005268 0.005084 -0.016497 0.999837
1755487233.937366 3.248599 -0.113873 0.070472 -0.005057 0.003295 -0.026419 0.999633
1755487233.956972 3.262539 -0.115008 0.072613 -0.004606 0.003648 -0.028387 0.999580
1755487234.037733 3.324552 -0.122355 0.079591 -0.001841 0.007098 -0.033819 0.999401
1755487234.057633 3.340115 -0.124699 0.080574 -0.001085 0.008330 -0.034974 0.999353
1755487234.137820 3.405722 -0.133447 0.078579 0.000876 0.013793 -0.037596 0.999197
1755487234.157830 3.422180 -0.136267 0.077359 0.001355 0.015173 -0.038043 0.999160
1755487234.238272 3.491076 -0.150519 0.070322 0.004643 0.020477 -0.037709 0.999068
1755487234.257073 3.506563 -0.155120 0.068474 0.005766 0.021207 -0.037022 0.999073
1755487234.337023 3.572682 -0.175178 0.059723 0.010344 0.023237 -0.035682 0.999039
1755487234.356085 3.587685 -0.180549 0.057971 0.011217 0.023101 -0.035919 0.999025
1755487234.436883 3.650092 -0.202381 0.053265 0.015018 0.019087 -0.033094 0.999157
1755487234.456721 3.664457 -0.207748 0.053544 0.015808 0.017553 -0.032996 0.999176
1755487234.538053 3.725111 -0.223592 0.063502 0.015550 0.009951 -0.033311 0.999275
1755487234.558256 3.739879 -0.226322 0.067795 0.014746 0.008848 -0.033637 0.999286
1755487234.637426 3.797643 -0.230727 0.078370 0.009333 0.005017 -0.034006 0.999365
1755487234.657217 3.811464 -0.231436 0.079720 0.008141 0.004258 -0.032877 0.999417
1755487234.738110 3.874510 -0.232562 0.087386 0.002884 0.005343 -0.033215 0.999430
1755487234.757679 3.890015 -0.233195 0.090004 0.001694 0.006342 -0.033223 0.999426
1755487234.837769 3.956218 -0.235973 0.096984 -0.001063 0.009495 -0.032005 0.999442
1755487234.857647 3.971997 -0.237286 0.097442 -0.001524 0.010178 -0.031608 0.999447
1755487234.936836 4.035515 -0.241093 0.093808 -0.003184 0.011570 -0.032957 0.999385
1755487234.957303 4.051333 -0.241920 0.092076 -0.003916 0.011864 -0.033469 0.999362
1755487235.038900 4.117647 -0.243302 0.084534 -0.005816 0.011098 -0.034972 0.999310
1755487235.058529 4.133399 -0.243859 0.083384 -0.006138 0.010925 -0.034736 0.999318
1755487235.139332 4.199207 -0.243600 0.081522 -0.006473 0.005461 -0.032231 0.999445
1755487235.157519 4.212783 -0.243582 0.082374 -0.006647 0.003210 -0.030281 0.999514
1755487235.238426 4.274220 -0.244527 0.093651 -0.005428 -0.007083 -0.024101 0.999670
1755487235.258119 4.281648 -0.244948 0.095779 -0.005129 -0.008015 -0.024455 0.999656
1755487235.337953 4.343815 -0.248638 0.107108 -0.003840 -0.013741 -0.030483 0.999433
1755487235.357282 4.359109 -0.250437 0.109282 -0.003540 -0.014145 -0.031605 0.999394
1755487235.437979 4.429973 -0.261316 0.117397 -0.000176 -0.011958 -0.035787 0.999288
1755487235.457678 4.447658 -0.264772 0.119069 0.000653 -0.010573 -0.036784 0.999267
1755487235.537418 4.522624 -0.277256 0.118597 0.003152 -0.005245 -0.037421 0.999281
1755487235.557297 4.541004 -0.280726 0.117341 0.003502 -0.003718 -0.037037 0.999301
1755487235.638728 4.620140 -0.296189 0.108254 0.005703 0.002681 -0.035628 0.999345
1755487235.658350 4.629412 -0.298649 0.107216 0.005986 0.003407 -0.035019 0.999363
1755487235.738975 4.711444 -0.317453 0.098639 0.008560 0.008430 -0.027494 0.999550
1755487235.758191 4.730359 -0.322383 0.097049 0.009109 0.009279 -0.025686 0.999585
1755487235.838500 4.807943 -0.341122 0.091870 0.009462 0.009222 -0.021489 0.999682
1755487235.857799 4.825382 -0.344822 0.092504 0.008892 0.008990 -0.023320 0.999648
1755487235.939471 4.899733 -0.356417 0.103384 0.003830 0.006191 -0.028953 0.999554
1755487235.958695 4.916236 -0.358605 0.107519 0.002679 0.006046 -0.027846 0.999590
1755487236.037956 4.982614 -0.366509 0.118846 -0.000305 0.005665 -0.023600 0.999705
1755487236.057255 4.991040 -0.367662 0.120166 -0.000638 0.005716 -0.022798 0.999724
1755487236.139617 5.058624 -0.374263 0.127867 -0.002970 0.007855 -0.017965 0.999803
1755487236.159895 5.075039 -0.376080 0.129682 -0.003226 0.009019 -0.016505 0.999818
1755487236.238105 5.141355 -0.382120 0.132899 -0.003002 0.013732 -0.013244 0.999813
1755487236.257046 5.157021 -0.383554 0.133138 -0.002983 0.015301 -0.012584 0.999799
1755487236.338870 5.226359 -0.387917 0.129924 -0.002689 0.020084 -0.013679 0.999701
1755487236.358377 5.241687 -0.388739 0.128670 -0.002592 0.021166 -0.014416 0.999669
1755487236.439326 5.306672 -0.388845 0.121688 -0.002336 0.023217 -0.019198 0.999543
1755487236.458554 5.313797 -0.388606 0.121127 -0.002480 0.023417 -0.020000 0.999523
1755487236.539373 5.375345 -0.383005 0.115366 -0.002821 0.020999 -0.025726 0.999444
1755487236.558392 5.388213 -0.381577 0.114985 -0.002655 0.019465 -0.025915 0.999471
1755487236.638926 5.443085 -0.376781 0.119992 0.000666 0.013018 -0.020291 0.999709
1755487236.658388 5.449065 -0.376507 0.121330 0.001311 0.012249 -0.019894 0.999726
1755487236.738899 5.499990 -0.372050 0.129232 0.003783 0.005464 -0.023428 0.999703
1755487236.758799 5.511491 -0.371107 0.130647 0.003733 0.004474 -0.024755 0.999677
1755487236.838808 5.561882 -0.369158 0.135244 0.004655 0.002226 -0.030972 0.999507
1755487236.858204 5.574383 -0.369598 0.136587 0.004929 0.002792 -0.032587 0.999453
1755487236.938464 5.630189 -0.371870 0.137489 0.005812 0.004846 -0.039105 0.999206
1755487236.959269 5.644568 -0.372783 0.137236 0.005688 0.005892 -0.040532 0.999145
1755487237.038349 5.701984 -0.377006 0.132502 0.005455 0.008819 -0.045622 0.998905
1755487237.057576 5.715604 -0.378726 0.131482 0.005367 0.009763 -0.046126 0.998873
1755487237.139015 5.775467 -0.388491 0.125142 0.006623 0.011045 -0.046064 0.998855
1755487237.158967 5.789304 -0.391846 0.123964 0.006987 0.011176 -0.045308 0.998886
1755487237.239792 5.847334 -0.406765 0.118466 0.009081 0.009609 -0.042218 0.999021
1755487237.259680 5.853657 -0.409084 0.118288 0.009233 0.009200 -0.041358 0.999059
1755487237.337903 5.911257 -0.424499 0.118771 0.010036 0.004445 -0.038751 0.999189
1755487237.356923 5.924904 -0.427403 0.121121 0.009477 0.003252 -0.037364 0.999251
1755487237.438578 5.987108 -0.434848 0.136710 0.005548 0.000836 -0.037213 0.999292
1755487237.457610 5.994968 -0.435861 0.139078 0.005000 0.001212 -0.036620 0.999316
1755487237.538577 6.055844 -0.440148 0.148669 0.002197 0.000519 -0.030596 0.999529
1755487237.557730 6.069983 -0.441232 0.151029 0.001396 0.000997 -0.029203 0.999572
1755487237.638375 6.131836 -0.447018 0.157700 0.000438 0.003741 -0.025360 0.999671
1755487237.657699 6.146060 -0.448788 0.158703 0.000383 0.004605 -0.024484 0.999690
1755487237.738381 6.207428 -0.456036 0.157442 0.001201 0.007457 -0.021496 0.999740
1755487237.757463 6.221536 -0.457474 0.156595 0.001254 0.008136 -0.021074 0.999744
1755487237.838330 6.284009 -0.461746 0.149637 0.001681 0.009731 -0.019819 0.999755
1755487237.859688 6.300454 -0.462130 0.147789 0.001670 0.010259 -0.019248 0.999761
1755487237.937638 6.362106 -0.460588 0.141175 0.000670 0.010592 -0.020259 0.999738
1755487237.956991 6.376892 -0.459494 0.140154 0.000236 0.010451 -0.020547 0.999734
1755487238.038909 6.439073 -0.453302 0.136130 -0.001465 0.005451 -0.021734 0.999748
1755487238.057638 6.452747 -0.451859 0.136659 -0.001790 0.004317 -0.020896 0.999771
1755487238.138327 6.512263 -0.446637 0.142924 -0.000851 -0.002157 -0.017234 0.999849
1755487238.158162 6.526627 -0.445476 0.145606 -0.000819 -0.002767 -0.019123 0.999813
1755487238.239371 6.586780 -0.441224 0.152490 -0.002782 -0.004237 -0.027438 0.999611
1755487238.258018 6.600626 -0.440944 0.154689 -0.003067 -0.003657 -0.028960 0.999569
1755487238.338370 6.665546 -0.444877 0.162877 -0.001897 -0.000002 -0.034312 0.999409
1755487238.357469 6.681115 -0.446438 0.164501 -0.001463 0.001385 -0.035140 0.999380
1755487238.437916 6.748595 -0.454274 0.163095 0.000036 0.006919 -0.037069 0.999289
1755487238.457050 6.764309 -0.456428 0.161365 0.000275 0.008272 -0.037452 0.999264
1755487238.536362 6.832426 -0.469022 0.151393 0.002730 0.013349 -0.036840 0.999228
1755487238.555969 6.849177 -0.473158 0.149433 0.003647 0.014560 -0.035829 0.999245
1755487238.639639 6.920717 -0.493612 0.141247 0.008802 0.016879 -0.030127 0.999365
1755487238.658738 6.928921 -0.496518 0.140594 0.009308 0.016824 -0.028976 0.999395
1755487238.737278 6.993245 -0.516860 0.137323 0.013782 0.012669 -0.021517 0.999593
1755487238.756470 7.008073 -0.520960 0.138493 0.014102 0.011956 -0.022095 0.999585
1755487238.837994 7.069836 -0.532569 0.149285 0.012600 0.004821 -0.019144 0.999726
1755487238.857982 7.084064 -0.533923 0.153751 0.011532 0.003957 -0.018086 0.999762
1755487238.938545 7.141629 -0.535334 0.166405 0.007365 0.000757 -0.012449 0.999895
1755487238.957914 7.155371 -0.534777 0.168620 0.005863 0.000625 -0.011165 0.999920
1755487239.038945 7.217565 -0.530680 0.175627 0.000437 0.003021 -0.009731 0.999948
1755487239.058122 7.233012 -0.529665 0.177323 -0.000827 0.004520 -0.008982 0.999949
1755487239.138276 7.300126 -0.526772 0.179106 -0.004284 0.009836 -0.007469 0.999915
1755487239.156672 7.315456 -0.526196 0.178583 -0.005021 0.011284 -0.007036 0.999899
1755487239.239058 7.385034 -0.524280 0.171465 -0.007329 0.015765 -0.008214 0.999815
1755487239.258483 7.393589 -0.524027 0.170702 -0.007670 0.016397 -0.008355 0.999801
1755487239.337127 7.461247 -0.520374 0.162688 -0.009181 0.018871 -0.010077 0.999729
1755487239.356761 7.477693 -0.518856 0.161424 -0.009640 0.019077 -0.010475 0.999717
1755487239.439624 7.544268 -0.512180 0.157836 -0.010281 0.014854 -0.011428 0.999771
1755487239.459208 7.559044 -0.510707 0.158488 -0.010283 0.013379 -0.010176 0.999806
1755487239.537715 7.615936 -0.507724 0.166208 -0.007066 0.005844 -0.005485 0.999943
1755487239.556700 7.628874 -0.506905 0.169212 -0.006602 0.004306 -0.005590 0.999953
1755487239.638705 7.685173 -0.504231 0.177667 -0.005871 -0.000205 -0.012185 0.999909
1755487239.657753 7.698610 -0.503852 0.179543 -0.005765 -0.000345 -0.013897 0.999887
1755487239.737172 7.759338 -0.507310 0.186173 -0.003455 0.000748 -0.021465 0.999763
1755487239.756660 7.774937 -0.508675 0.187757 -0.002615 0.001922 -0.023128 0.999727
1755487239.837531 7.840587 -0.516524 0.186929 0.000891 0.005812 -0.024997 0.999670
1755487239.857081 7.856429 -0.518352 0.185576 0.001586 0.007000 -0.025341 0.999653
1755487239.939236 7.921939 -0.526765 0.176214 0.003676 0.009719 -0.025886 0.999611
1755487239.958463 7.937105 -0.529133 0.174405 0.004117 0.010182 -0.025103 0.999625
1755487240.038757 8.000470 -0.541078 0.165894 0.007575 0.010179 -0.018643 0.999746
1755487240.058333 8.016010 -0.544128 0.164452 0.008139 0.009991 -0.017298 0.999767
1755487240.139177 8.078833 -0.555310 0.160211 0.010520 0.005249 -0.006961 0.999907
1755487240.158104 8.093385 -0.557419 0.160788 0.010512 0.004112 -0.005718 0.999920
1755487240.239227 8.157754 -0.561795 0.169107 0.008770 -0.001659 -0.003477 0.999954
1755487240.258915 8.173492 -0.561647 0.173514 0.007784 -0.002152 -0.002199 0.999965
1755487240.339285 8.238935 -0.557348 0.188525 0.002690 -0.003242 0.004428 0.999981
1755487240.358782 8.254323 -0.556145 0.190951 0.001803 -0.002961 0.007589 0.999965
1755487240.437903 8.318260 -0.550474 0.195642 -0.001561 -0.000610 0.013413 0.999909
1755487240.457859 8.334839 -0.548756 0.196901 -0.002501 0.000820 0.014714 0.999888
1755487240.539500 8.405038 -0.542130 0.198615 -0.004927 0.006847 0.018775 0.999788
1755487240.559749 8.422484 -0.540287 0.198609 -0.005587 0.008671 0.019235 0.999762
1755487240.641270 8.491982 -0.531989 0.193827 -0.007588 0.013990 0.018071 0.999710
1755487240.660102 8.507583 -0.529589 0.192367 -0.008401 0.015092 0.017672 0.999695
1755487240.741565 8.574567 -0.518481 0.183378 -0.009556 0.016989 0.014690 0.999702
1755487240.760120 8.589393 -0.515351 0.181809 -0.010044 0.017411 0.013946 0.999701
1755487240.839294 8.651490 -0.501462 0.174767 -0.010280 0.015426 0.011289 0.999764
1755487240.860043 8.667119 -0.497488 0.174084 -0.010427 0.014417 0.012062 0.999769
1755487240.940038 8.726741 -0.486037 0.178817 -0.005970 0.009595 0.021248 0.999710
1755487240.960703 8.741775 -0.483871 0.181754 -0.004528 0.008827 0.023728 0.999669
1755487241.040939 8.799132 -0.475840 0.189370 -0.000727 0.006179 0.023737 0.999699
1755487241.060417 8.812810 -0.473706 0.190810 -0.000686 0.006281 0.022714 0.999722
1755487241.139962 8.872726 -0.468705 0.195098 0.001933 0.008007 0.018924 0.999787
1755487241.158865 8.887589 -0.468008 0.196724 0.002374 0.009345 0.018135 0.999789
1755487241.239647 8.954074 -0.464858 0.197851 0.003835 0.013996 0.014371 0.999791
1755487241.259339 8.970226 -0.463786 0.197177 0.003505 0.015430 0.013903 0.999778
1755487241.338851 9.036405 -0.462047 0.189344 0.003579 0.019107 0.011522 0.999745
1755487241.358497 9.052545 -0.462442 0.187464 0.003590 0.020071 0.011544 0.999725
1755487241.439190 9.118673 -0.469618 0.179586 0.006772 0.020416 0.014727 0.999660
1755487241.459746 9.134964 -0.472447 0.178149 0.007508 0.020307 0.015519 0.999645
1755487241.540880 9.197211 -0.485211 0.171847 0.011421 0.015449 0.020428 0.999607
1755487241.560872 9.206583 -0.487385 0.171671 0.011855 0.014436 0.021668 0.999591
1755487241.639776 9.267023 -0.499338 0.174542 0.013745 0.006041 0.025226 0.999569
1755487241.658676 9.281261 -0.501626 0.177771 0.013901 0.004770 0.027485 0.999514
1755487241.739570 9.344532 -0.508354 0.191340 0.012726 0.001370 0.031816 0.999412
1755487241.759619 9.359635 -0.509028 0.194040 0.012325 0.001314 0.033683 0.999356
1755487241.840788 9.424535 -0.508702 0.202580 0.009371 0.002862 0.035126 0.999335
1755487241.859464 9.439719 -0.508167 0.204878 0.008398 0.004372 0.034666 0.999354
1755487241.940197 9.508532 -0.505941 0.209418 0.005624 0.009693 0.032223 0.999418
1755487241.959846 9.525379 -0.505920 0.209783 0.005073 0.011627 0.031522 0.999423
1755487242.040268 9.596596 -0.506990 0.204585 0.003937 0.017899 0.026382 0.999484
1755487242.060542 9.614700 -0.507360 0.202867 0.003514 0.020016 0.025459 0.999469
1755487242.139982 9.686653 -0.508303 0.193502 0.002870 0.025245 0.020710 0.999463
1755487242.160513 9.705080 -0.508079 0.191465 0.002395 0.026677 0.020141 0.999438
1755487242.241161 9.775935 -0.505330 0.183686 0.001331 0.028219 0.018549 0.999429
1755487242.259243 9.791232 -0.504086 0.182710 0.000563 0.028229 0.017779 0.999443
1755487242.339913 9.855082 -0.497063 0.181936 -0.002481 0.021736 0.013739 0.999666
1755487242.359340 9.870036 -0.495565 0.184466 -0.003247 0.020193 0.014522 0.999685
1755487242.440957 9.932164 -0.493426 0.198818 -0.003010 0.014437 0.012594 0.999812
1755487242.459296 9.945560 -0.493436 0.201887 -0.002723 0.014185 0.011098 0.999834
1755487242.539320 10.003889 -0.496461 0.210081 -0.002955 0.011770 0.002082 0.999924
1755487242.558889 10.018667 -0.498317 0.212443 -0.002506 0.012314 0.000772 0.999921
1755487242.639287 10.082614 -0.510463 0.218629 0.000948 0.015028 -0.004782 0.999875
1755487242.659504 10.090760 -0.512382 0.219553 0.001401 0.015673 -0.005090 0.999863
1755487242.739216 10.158345 -0.528442 0.217837 0.005167 0.019567 -0.009262 0.999752
1755487242.758884 10.174768 -0.532696 0.216618 0.005785 0.020559 -0.010042 0.999721
1755487242.841095 10.243507 -0.554239 0.208287 0.009665 0.022134 -0.012101 0.999635
1755487242.860160 10.259032 -0.559999 0.206696 0.010674 0.022059 -0.010765 0.999642
1755487242.940009 10.322282 -0.583139 0.200648 0.014029 0.019503 -0.008781 0.999673
1755487242.959101 10.336444 -0.588204 0.200229 0.013971 0.018245 -0.008291 0.999702
1755487243.039431 10.395421 -0.605928 0.201662 0.012092 0.010885 -0.013090 0.999782
1755487243.059112 10.409227 -0.609264 0.204312 0.011094 0.008847 -0.014174 0.999799
1755487243.139262 10.468339 -0.618431 0.219750 0.006436 0.004529 -0.016642 0.999831
1755487243.158644 10.472850 -0.619157 0.221736 0.005957 0.004583 -0.016573 0.999834
1755487243.239546 10.535784 -0.623724 0.234032 0.001738 0.003579 -0.014506 0.999887
1755487243.258979 10.544075 -0.624114 0.235875 0.001073 0.003986 -0.014727 0.999883
1755487243.339758 10.612533 -0.627368 0.243474 -0.002376 0.006756 -0.017196 0.999826
1755487243.358615 10.628370 -0.628526 0.244265 -0.002723 0.007642 -0.016889 0.999824
1755487243.440394 10.699382 -0.633395 0.241682 -0.002986 0.010790 -0.017759 0.999780
1755487243.458937 10.715209 -0.634088 0.240794 -0.003312 0.011637 -0.018381 0.999758
1755487243.540577 10.786138 -0.634537 0.234517 -0.004261 0.013677 -0.021019 0.999676
1755487243.560307 10.803028 -0.633944 0.233612 -0.004666 0.014181 -0.021788 0.999651
1755487243.639609 10.869147 -0.628924 0.228116 -0.005892 0.013501 -0.024189 0.999599
1755487243.659259 10.877128 -0.628091 0.227665 -0.006144 0.013085 -0.024241 0.999602
1755487243.739954 10.941646 -0.620922 0.224283 -0.006058 0.006172 -0.018185 0.999797
1755487243.759434 10.956670 -0.619676 0.225705 -0.005551 0.005014 -0.014958 0.999860
1755487243.840043 11.017771 -0.615260 0.231791 -0.002775 0.000581 -0.011521 0.999930
1755487243.859787 11.032342 -0.613803 0.233498 -0.002955 0.000391 -0.011755 0.999926
1755487243.939919 11.091984 -0.610839 0.237035 -0.002402 0.000280 -0.011923 0.999926
1755487243.959163 11.106580 -0.611484 0.239157 -0.001620 0.001303 -0.011013 0.999937
1755487244.039664 11.170123 -0.617171 0.244340 0.002652 0.006259 -0.008175 0.999943
1755487244.059476 11.178302 -0.618098 0.245381 0.003040 0.007286 -0.007129 0.999943
1755487244.139671 11.245231 -0.624400 0.242362 0.006573 0.013646 -0.000766 0.999885
1755487244.158990 11.261249 -0.626113 0.241134 0.007036 0.015382 0.000734 0.999857
1755487244.240236 11.331869 -0.635372 0.232231 0.010961 0.021075 0.010282 0.999665
1755487244.260669 11.349512 -0.638215 0.230276 0.011837 0.022536 0.012954 0.999592
1755487244.340742 11.419832 -0.649895 0.222021 0.015579 0.025583 0.023187 0.999282
1755487244.359854 11.435950 -0.652675 0.220917 0.016098 0.026093 0.025646 0.999201
1755487244.440223 11.500348 -0.662959 0.218307 0.017801 0.022652 0.035489 0.998955
1755487244.459831 11.507577 -0.663564 0.219202 0.017573 0.022300 0.035640 0.998961
1755487244.540952 11.569492 -0.665956 0.229284 0.012205 0.015454 0.037935 0.999086
1755487244.561339 11.584144 -0.665265 0.233403 0.010304 0.014865 0.040102 0.999032
1755487244.641920 11.642078 -0.658998 0.242054 0.003913 0.012183 0.048874 0.998723
1755487244.660195 11.647628 -0.658039 0.243646 0.003045 0.012400 0.049785 0.998678
1755487244.739643 11.708251 -0.647337 0.250510 -0.004263 0.013717 0.058108 0.998207
1755487244.759349 11.723219 -0.644664 0.252529 -0.005725 0.015089 0.060614 0.998031
1755487244.840930 11.788898 -0.634338 0.255201 -0.009001 0.019151 0.068794 0.997406
1755487244.860359 11.804006 -0.631858 0.254821 -0.010027 0.020432 0.069943 0.997291
1755487244.940716 11.867899 -0.621389 0.248600 -0.012714 0.022408 0.071423 0.997113
1755487244.960101 11.882903 -0.618317 0.247113 -0.013701 0.023068 0.070952 0.997119
1755487245.040194 11.945470 -0.605138 0.240284 -0.016517 0.023238 0.067996 0.997278
1755487245.059331 11.960006 -0.601674 0.239272 -0.017154 0.023176 0.067208 0.997322
1755487245.139736 12.017347 -0.588829 0.237165 -0.018130 0.017393 0.061817 0.997771
1755487245.159739 12.030544 -0.585625 0.238639 -0.018405 0.015569 0.061804 0.997797
1755487245.240958 12.081281 -0.576894 0.247998 -0.016469 0.006829 0.059569 0.998065
1755487245.261897 12.093372 -0.575059 0.250923 -0.015967 0.005424 0.057759 0.998188
1755487245.340072 12.139466 -0.572602 0.255795 -0.013850 0.000198 0.049500 0.998678
1755487245.360184 12.151716 -0.572516 0.257723 -0.013340 -0.000025 0.046941 0.998809
1755487245.440046 12.204559 -0.576399 0.263180 -0.009497 0.000363 0.037221 0.999262
1755487245.459174 12.217277 -0.577354 0.264627 -0.008717 0.001005 0.035115 0.999345
1755487245.540365 12.273609 -0.583020 0.264115 -0.005594 0.002568 0.028386 0.999578
1755487245.559423 12.286596 -0.584594 0.263799 -0.005062 0.003207 0.027259 0.999610
1755487245.640924 12.345589 -0.595057 0.257060 -0.000697 0.004572 0.024848 0.999681
1755487245.660617 12.359670 -0.598421 0.255635 0.000547 0.005322 0.025287 0.999666
1755487245.740720 12.420542 -0.613772 0.246851 0.006060 0.005946 0.025475 0.999639
1755487245.760157 12.423958 -0.614659 0.246859 0.006302 0.006049 0.025282 0.999642
1755487245.840367 12.487714 -0.631248 0.239438 0.010418 0.002632 0.026458 0.999592
1755487245.860230 12.494748 -0.632801 0.239335 0.010571 0.002302 0.026271 0.999596
1755487245.940262 12.559375 -0.644229 0.241839 0.011432 -0.003386 0.030541 0.999462
1755487245.959979 12.564048 -0.644829 0.243500 0.011278 -0.003407 0.031105 0.999447
1755487246.040321 12.631454 -0.646311 0.255045 0.007283 -0.003017 0.038126 0.999242
1755487246.060500 12.646735 -0.645862 0.256625 0.006418 -0.002043 0.042593 0.999070
1755487246.140343 12.711004 -0.640128 0.260035 0.003024 0.000965 0.054812 0.998492
1755487246.159722 12.715236 -0.639340 0.261717 0.002689 0.001865 0.055345 0.998462
1755487246.240392 12.785502 -0.630774 0.263731 -0.000242 0.008919 0.066328 0.997758
1755487246.261324 12.802539 -0.628980 0.263785 -0.000829 0.011196 0.068690 0.997575
1755487246.340365 12.868521 -0.619281 0.261366 -0.001729 0.015196 0.078781 0.996775
1755487246.360918 12.872999 -0.618198 0.262054 -0.002000 0.015786 0.079593 0.996700
1755487246.441252 12.939412 -0.601266 0.258837 -0.005221 0.017706 0.093122 0.995484
1755487246.460589 12.953874 -0.596711 0.258472 -0.006256 0.018112 0.095840 0.995212
1755487246.540954 13.012368 -0.576548 0.256342 -0.008635 0.014958 0.109512 0.993835
1755487246.560502 13.025623 -0.571777 0.256400 -0.009150 0.014022 0.113559 0.993390
1755487246.641101 13.080028 -0.556006 0.259880 -0.008008 0.008478 0.132096 0.991168
1755487246.660848 13.085863 -0.554377 0.261167 -0.007634 0.008064 0.133682 0.990962
1755487246.741621 13.139686 -0.544814 0.270002 -0.004203 0.003652 0.145006 0.989415
1755487246.760898 13.147633 -0.543621 0.271160 -0.003809 0.003610 0.145636 0.989324
1755487246.840478 13.202190 -0.541676 0.273658 0.000053 0.002561 0.148101 0.988969
1755487246.860721 13.217394 -0.541959 0.274846 0.001306 0.003763 0.148457 0.988911
1755487246.941068 13.279611 -0.546764 0.276386 0.005940 0.007643 0.144908 0.989398
1755487246.959794 13.294996 -0.547543 0.276446 0.006725 0.009124 0.144011 0.989511
1755487247.041103 13.359142 -0.553680 0.271791 0.009006 0.013612 0.136076 0.990564
1755487247.060127 13.374847 -0.554921 0.270406 0.009255 0.014886 0.133943 0.990834
1755487247.141040 13.438517 -0.564923 0.261553 0.010441 0.017089 0.123899 0.992093
1755487247.160828 13.454501 -0.567608 0.259954 0.010533 0.017543 0.121110 0.992428
1755487247.243786 13.516598 -0.582512 0.252473 0.011406 0.014303 0.110370 0.993722
1755487247.260174 13.520823 -0.583574 0.252530 0.011364 0.014025 0.109353 0.993839
1755487247.342803 13.578083 -0.597255 0.253305 0.008936 0.005512 0.091795 0.995723
1755487247.359612 13.589340 -0.599114 0.256055 0.008194 0.004463 0.089180 0.995972
1755487247.439930 13.643693 -0.605412 0.269858 0.003296 0.001032 0.078061 0.996943
1755487247.459530 13.656624 -0.606380 0.272804 0.002552 0.001093 0.077956 0.996953
1755487247.541130 13.712888 -0.608531 0.282903 -0.000875 0.001206 0.071820 0.997416
1755487247.560032 13.726468 -0.608362 0.285888 -0.001905 0.002281 0.069641 0.997568
1755487247.640691 13.787496 -0.608829 0.292107 -0.003936 0.005734 0.064862 0.997870
1755487247.660021 13.794090 -0.608876 0.292725 -0.004101 0.006538 0.064213 0.997906
1755487247.740682 13.859554 -0.609746 0.287439 -0.004892 0.010133 0.059131 0.998187
1755487247.759598 13.863928 -0.609754 0.287352 -0.005026 0.010454 0.058810 0.998202
1755487247.840406 13.935720 -0.607908 0.279140 -0.005825 0.013297 0.055984 0.998326
1755487247.859881 13.952450 -0.606781 0.277992 -0.006170 0.014011 0.055298 0.998352
1755487247.940996 14.024235 -0.600928 0.272869 -0.007166 0.013376 0.053460 0.998455
1755487247.960065 14.028570 -0.600446 0.272660 -0.007268 0.013049 0.053133 0.998476
1755487248.040717 14.100342 -0.595201 0.273019 -0.006887 0.007143 0.051548 0.998621
1755487248.059823 14.116530 -0.594583 0.274952 -0.006397 0.006248 0.051773 0.998619
1755487248.141303 14.187000 -0.594100 0.281407 -0.003930 0.003672 0.046074 0.998924
1755487248.159861 14.202253 -0.594171 0.282035 -0.003673 0.003806 0.044448 0.998998
1755487248.241722 14.274664 -0.597181 0.283006 -0.002274 0.007113 0.031453 0.999477
1755487248.260534 14.291633 -0.598605 0.284493 -0.001985 0.009126 0.028787 0.999542
1755487248.340092 14.367964 -0.606838 0.287889 0.001487 0.015723 0.021325 0.999648
1755487248.359882 14.386602 -0.609213 0.288534 0.002099 0.017761 0.020076 0.999638
1755487248.439895 14.461962 -0.619646 0.283943 0.005019 0.022543 0.015481 0.999613
1755487248.459782 14.480046 -0.622693 0.281927 0.005415 0.023621 0.015484 0.999586
1755487248.540486 14.553248 -0.636842 0.270605 0.008465 0.025110 0.014832 0.999539
1755487248.559636 14.557792 -0.638137 0.270658 0.008525 0.025273 0.014883 0.999533
1755487248.641651 14.630750 -0.653488 0.263825 0.010907 0.020894 0.017979 0.999561
1755487248.660115 14.645672 -0.656245 0.264216 0.010158 0.019574 0.017147 0.999610
1755487248.739870 14.709502 -0.663346 0.272877 0.006027 0.010683 0.013922 0.999828
1755487248.759521 14.724402 -0.663844 0.277127 0.004347 0.009547 0.014306 0.999843
1755487248.840499 14.786823 -0.664207 0.289219 -0.000194 0.005280 0.018789 0.999810
1755487248.860045 14.801828 -0.664485 0.292196 -0.000441 0.005641 0.022104 0.999740
1755487248.941509 14.870366 -0.665284 0.303687 -0.001292 0.008226 0.031127 0.999481
1755487248.961624 14.887639 -0.665752 0.306670 -0.001233 0.009818 0.033584 0.999387
1755487249.041538 14.957564 -0.667479 0.309295 0.000927 0.014183 0.040780 0.999067
1755487249.061774 14.974392 -0.667620 0.308624 0.001152 0.015405 0.041737 0.999009
1755487249.142852 15.042597 -0.664077 0.298887 0.001124 0.017626 0.038423 0.999105
1755487249.161059 15.051718 -0.663033 0.298001 0.000713 0.018142 0.037486 0.999132
1755487249.240425 15.119306 -0.651758 0.288745 -0.001479 0.018062 0.029511 0.999400
1755487249.260410 15.135147 -0.648359 0.287218 -0.002138 0.017789 0.027997 0.999447
1755487249.340649 15.197711 -0.635139 0.282946 -0.002113 0.011775 0.022744 0.999670
1755487249.360071 15.211673 -0.632967 0.284221 -0.001711 0.010498 0.023823 0.999660
1755487249.441007 15.270754 -0.628378 0.293070 0.005068 0.004742 0.023943 0.999689
1755487249.460118 15.283850 -0.627388 0.295655 0.006066 0.004467 0.022274 0.999724
1755487249.541586 15.341311 -0.624296 0.302468 0.008634 0.002604 0.010416 0.999905
1755487249.560391 15.354379 -0.624605 0.304528 0.009523 0.003167 0.008547 0.999913
1755487249.641265 15.415664 -0.629509 0.308992 0.014444 0.006580 -0.003304 0.999869
1755487249.660071 15.429344 -0.630774 0.309581 0.015198 0.007820 -0.005661 0.999838
1755487249.741542 15.490598 -0.635587 0.304491 0.017921 0.011397 -0.015421 0.999656
1755487249.761345 15.504829 -0.636750 0.303052 0.018053 0.012445 -0.017747 0.999602
1755487249.841794 15.565230 -0.643626 0.295520 0.020331 0.014391 -0.024747 0.999383
1755487249.860841 15.578750 -0.646288 0.294494 0.021097 0.014680 -0.024568 0.999368
1755487249.941035 15.636455 -0.657585 0.289046 0.025146 0.012333 -0.021731 0.999371
1755487249.961692 15.649804 -0.660342 0.288588 0.025481 0.011462 -0.021024 0.999388
1755487250.041422 15.700780 -0.668546 0.287781 0.025905 0.003092 -0.021069 0.999438
1755487250.060727 15.711974 -0.669764 0.289216 0.025100 0.001226 -0.021789 0.999447
1755487250.141592 15.761744 -0.669981 0.299747 0.020964 -0.008993 -0.018999 0.999559
1755487250.161367 15.764518 -0.669840 0.302259 0.020406 -0.008849 -0.019018 0.999572
1755487250.241971 15.821151 -0.662584 0.314301 0.011333 -0.012483 -0.018389 0.999689
1755487250.261342 15.834355 -0.660526 0.316827 0.009200 -0.011857 -0.017821 0.999729
1755487250.341010 15.896721 -0.652504 0.324498 0.002177 -0.009636 -0.017482 0.999798
1755487250.360504 15.901341 -0.652145 0.325942 0.001704 -0.008953 -0.017461 0.999806
1755487250.441363 15.972887 -0.648885 0.328402 -0.001625 -0.003053 -0.014491 0.999889
1755487250.460581 15.989326 -0.648987 0.328256 -0.002154 -0.001296 -0.013573 0.999905
1755487250.540860 16.064257 -0.649126 0.322944 -0.002893 0.004410 -0.012297 0.999910
1755487250.560195 16.081880 -0.649228 0.321648 -0.003110 0.006073 -0.012440 0.999899
1755487250.640834 16.159312 -0.648680 0.314067 -0.003407 0.011567 -0.013219 0.999840
1755487250.661013 16.178127 -0.648269 0.312310 -0.003581 0.012742 -0.013475 0.999822
1755487250.741754 16.254136 -0.644989 0.304627 -0.003731 0.014096 -0.015409 0.999775
1755487250.762501 16.272776 -0.643768 0.304372 -0.004046 0.014016 -0.015456 0.999774
1755487250.840812 16.343295 -0.640493 0.308155 -0.002706 0.011832 -0.011994 0.999854
1755487250.860958 16.360208 -0.639971 0.310422 -0.002304 0.011390 -0.013105 0.999847
1755487250.941557 16.427142 -0.637166 0.316929 -0.002716 0.011347 -0.019631 0.999739
1755487250.960476 16.441261 -0.636793 0.318352 -0.003323 0.011689 -0.021902 0.999686
1755487251.041301 16.505461 -0.640647 0.322384 -0.002770 0.013928 -0.030071 0.999447
1755487251.060816 16.520438 -0.642801 0.323824 -0.002246 0.015483 -0.031579 0.999379
1755487251.141218 16.585624 -0.653592 0.324381 0.000671 0.019778 -0.034430 0.999211
1755487251.160822 16.601076 -0.656497 0.323967 0.000961 0.021273 -0.034803 0.999167
1755487251.242109 16.669498 -0.670423 0.316396 0.003304 0.026283 -0.035651 0.999013
1755487251.261348 16.685244 -0.674665 0.314494 0.003739 0.027940 -0.035231 0.998982
1755487251.342105 16.755274 -0.695742 0.304338 0.008583 0.031300 -0.029882 0.999026
1755487251.360532 16.770377 -0.701333 0.303054 0.009362 0.032133 -0.028083 0.999045
1755487251.442100 16.834656 -0.724318 0.299808 0.012868 0.029773 -0.023721 0.999192
1755487251.461678 16.848288 -0.729234 0.301261 0.012889 0.029168 -0.024716 0.999186
1755487251.541431 16.903940 -0.743631 0.314091 0.011186 0.022940 -0.023740 0.999392
1755487251.561123 16.907479 -0.744236 0.316634 0.010685 0.023210 -0.023875 0.999388
1755487251.642262 16.962694 -0.749279 0.330873 0.005091 0.018631 -0.019538 0.999623
1755487251.661280 16.975018 -0.749619 0.334335 0.003658 0.019028 -0.018672 0.999638
1755487251.742819 17.033925 -0.750701 0.345415 -0.000729 0.019189 -0.015628 0.999693
1755487251.761666 17.037142 -0.750929 0.346547 -0.000895 0.019471 -0.015379 0.999692
1755487251.841808 17.100113 -0.754011 0.349570 -0.001597 0.021322 -0.008930 0.999731
1755487251.861036 17.114853 -0.754603 0.348885 -0.001947 0.021845 -0.008388 0.999724
1755487251.943107 17.180085 -0.752623 0.341786 -0.003619 0.022152 -0.007041 0.999723
1755487251.961955 17.183288 -0.752493 0.341784 -0.003753 0.022239 -0.006959 0.999721
1755487252.041877 17.249722 -0.744532 0.336720 -0.006098 0.020734 -0.005741 0.999750
1755487252.060818 17.264770 -0.742545 0.335999 -0.006344 0.019912 -0.005288 0.999768
1755487252.141862 17.326875 -0.733525 0.332586 -0.005227 0.011274 -0.003243 0.999918
1755487252.161295 17.340970 -0.731852 0.332747 -0.004552 0.008598 -0.001778 0.999951
1755487252.241749 17.400700 -0.726939 0.339738 -0.000216 -0.000366 0.006408 0.999979
1755487252.261514 17.414585 -0.726360 0.342787 0.001007 -0.000785 0.004850 0.999987
1755487252.341671 17.476892 -0.722596 0.348283 0.002773 -0.003263 -0.003156 0.999986
1755487252.360872 17.491851 -0.721777 0.349592 0.002810 -0.002604 -0.005994 0.999975
1755487252.441504 17.561584 -0.720800 0.353839 0.004318 0.001767 -0.014925 0.999878
1755487252.461459 17.578727 -0.721127 0.355227 0.004670 0.003769 -0.016647 0.999843
1755487252.543165 17.652208 -0.722101 0.352963 0.006273 0.010377 -0.019085 0.999744
1755487252.561978 17.667628 -0.722943 0.351287 0.006278 0.012055 -0.019674 0.999714
1755487252.643072 17.739475 -0.729071 0.338926 0.007795 0.017654 -0.022428 0.999562
1755487252.660868 17.754617 -0.731346 0.336825 0.008151 0.019244 -0.023030 0.999516
1755487252.743233 17.827054 -0.744558 0.327761 0.012435 0.021348 -0.019987 0.999495
1755487252.761532 17.828844 -0.745282 0.328291 0.012534 0.021519 -0.019845 0.999493
1755487252.844001 17.898844 -0.762133 0.323627 0.016949 0.017706 -0.016271 0.999567
1755487252.863328 17.903719 -0.763517 0.324061 0.017024 0.017309 -0.016329 0.999572
1755487252.942147 17.969440 -0.779118 0.328505 0.018800 0.009101 -0.019677 0.999588
1755487252.961326 17.973387 -0.780096 0.330241 0.018723 0.008899 -0.019695 0.999591
1755487253.041670 18.042621 -0.789253 0.339606 0.017174 0.004245 -0.019828 0.999647
1755487253.060578 18.059204 -0.790956 0.341511 0.016266 0.004612 -0.018730 0.999682
1755487253.141954 18.131929 -0.794031 0.348402 0.013616 0.005857 -0.018702 0.999715
1755487253.161074 18.136782 -0.794006 0.351356 0.013223 0.006688 -0.018905 0.999711
1755487253.242354 18.213227 -0.795142 0.356679 0.010591 0.011154 -0.021385 0.999653
1755487253.261578 18.231249 -0.795729 0.357242 0.009501 0.012937 -0.022110 0.999627
1755487253.341809 18.305393 -0.795801 0.350027 0.007744 0.014625 -0.026911 0.999501
1755487253.360987 18.322802 -0.795679 0.348336 0.006686 0.015821 -0.028496 0.999446
1755487253.441679 18.398196 -0.792752 0.337925 0.004892 0.016153 -0.034912 0.999248
1755487253.460542 18.415049 -0.791857 0.337233 0.004008 0.016900 -0.036701 0.999175
1755487253.541191 18.484977 -0.786364 0.333761 0.003379 0.011310 -0.041751 0.999058
1755487253.560692 18.500088 -0.785288 0.335182 0.003080 0.009346 -0.041608 0.999086
1755487253.642885 18.562936 -0.783200 0.346122 0.005676 -0.001064 -0.037720 0.999272
1755487253.662467 18.577134 -0.783317 0.350730 0.006150 -0.002189 -0.039477 0.999199
1755487253.742347 18.636222 -0.786573 0.360800 0.007910 -0.007060 -0.048223 0.998780
1755487253.761423 18.650874 -0.788626 0.363752 0.008579 -0.006647 -0.051166 0.998631
1755487253.841356 18.717185 -0.801336 0.370757 0.013057 -0.004087 -0.059672 0.998124
1755487253.861193 18.733758 -0.805376 0.372252 0.014239 -0.002558 -0.061574 0.997998
1755487253.942401 18.805940 -0.821352 0.368385 0.017730 0.003106 -0.068985 0.997455
1755487253.961902 18.822780 -0.825355 0.366859 0.018328 0.004806 -0.070686 0.997319
1755487254.041744 18.895226 -0.844685 0.355599 0.020936 0.010256 -0.075923 0.996841
1755487254.060809 18.911336 -0.850552 0.353570 0.022017 0.011388 -0.075958 0.996803
1755487254.141497 18.981621 -0.876061 0.344220 0.027117 0.012553 -0.072150 0.996946
1755487254.161377 18.985886 -0.878152 0.344465 0.027384 0.012655 -0.071659 0.996973
1755487254.242435 19.052569 -0.904046 0.341338 0.031488 0.006586 -0.063049 0.997492
1755487254.261504 19.067877 -0.909023 0.343326 0.031325 0.005584 -0.064211 0.997429
1755487254.342000 19.133067 -0.925097 0.355207 0.027826 -0.001110 -0.064703 0.997516
1755487254.361037 19.137060 -0.926225 0.357453 0.027514 -0.000984 -0.064193 0.997558
1755487254.442858 19.208028 -0.937928 0.368948 0.022819 -0.002437 -0.057414 0.998087
1755487254.461713 19.225566 -0.940762 0.372109 0.022364 -0.000840 -0.055792 0.998192
1755487254.542984 19.305318 -0.952902 0.382376 0.020069 0.005801 -0.052555 0.998399
1755487254.561500 19.309397 -0.953852 0.383722 0.020015 0.006357 -0.052233 0.998414
1755487254.642501 19.391582 -0.965308 0.385080 0.018127 0.014500 -0.051011 0.998428
1755487254.661385 19.410581 -0.967603 0.384359 0.017317 0.016134 -0.051960 0.998369
1755487254.742253 19.491254 -0.974345 0.376102 0.013322 0.020179 -0.057514 0.998052
1755487254.761482 19.496334 -0.974871 0.375799 0.013076 0.020412 -0.057741 0.998037
1755487254.841667 19.576139 -0.978059 0.366695 0.008290 0.021207 -0.063126 0.997746
1755487254.860794 19.594954 -0.978454 0.365258 0.007286 0.020706 -0.063880 0.997716
1755487254.941658 19.669850 -0.978433 0.362282 0.003044 0.013485 -0.066107 0.997717
1755487254.960853 19.687215 -0.979145 0.364335 0.002604 0.011877 -0.064452 0.997847
1755487255.042807 19.760059 -0.985166 0.376085 0.003999 0.006244 -0.064197 0.997910
1755487255.061307 19.775893 -0.986437 0.378803 0.003977 0.005922 -0.065930 0.997799
1755487255.142688 19.845237 -0.995525 0.386826 0.004105 0.004604 -0.073450 0.997280
1755487255.162403 19.855511 -0.997768 0.388679 0.004684 0.005280 -0.073831 0.997246
1755487255.242695 19.927979 -1.016335 0.393954 0.010171 0.008528 -0.076394 0.996989
1755487255.260914 19.944214 -1.020735 0.394550 0.011196 0.009838 -0.075887 0.997005
1755487255.342207 20.018059 -1.039625 0.389599 0.013932 0.013421 -0.077921 0.996772
1755487255.361197 20.035337 -1.044144 0.388185 0.014471 0.014700 -0.077741 0.996760
1755487255.442322 20.108650 -1.065978 0.378145 0.017541 0.016598 -0.075657 0.996841
1755487255.461075 20.125299 -1.071417 0.376645 0.018265 0.017091 -0.074040 0.996942
1755487255.542108 20.195770 -1.096006 0.370369 0.021232 0.014528 -0.067245 0.997405
1755487255.561414 20.199496 -1.097415 0.371164 0.021278 0.014446 -0.066591 0.997449
1755487255.643548 20.270196 -1.121482 0.375614 0.022595 0.006232 -0.061231 0.997848
1755487255.662314 20.286288 -1.126142 0.379011 0.022346 0.004766 -0.058751 0.998011
1755487255.743012 20.357204 -1.140086 0.394110 0.017987 0.002601 -0.056801 0.998220
1755487255.761828 20.373546 -1.141959 0.396909 0.016984 0.002876 -0.054912 0.998343
1755487255.843300 20.447504 -1.150195 0.405125 0.011923 0.005140 -0.051791 0.998574
1755487255.861676 20.454386 -1.150512 0.407531 0.011564 0.006376 -0.051928 0.998564
1755487255.942526 20.532471 -1.160989 0.412744 0.008408 0.013319 -0.051945 0.998526
1755487255.961946 20.537508 -1.161386 0.414466 0.008278 0.014164 -0.051956 0.998515
1755487256.042942 20.615548 -1.173711 0.411032 0.006670 0.019336 -0.053123 0.998378
1755487256.062566 20.633627 -1.175922 0.409836 0.006151 0.020785 -0.053868 0.998313
1755487256.142769 20.709304 -1.184192 0.402621 0.003555 0.021925 -0.058608 0.998034
1755487256.161744 20.727214 -1.185338 0.401637 0.002791 0.022661 -0.059761 0.997952
1755487256.242195 20.803108 -1.190605 0.396858 0.000082 0.020279 -0.063328 0.997787
1755487256.261842 20.820523 -1.191146 0.396512 -0.000817 0.019113 -0.064292 0.997748
1755487256.343259 20.893285 -1.196559 0.401934 -0.002228 0.011756 -0.062122 0.997997
1755487256.365093 20.893504 -1.197107 0.402302 -0.002274 0.011817 -0.061875 0.998011
1755487256.442736 20.961442 -1.206177 0.412967 -0.000883 0.005378 -0.066789 0.997752
1755487256.461757 20.978024 -1.207895 0.415508 -0.001151 0.005483 -0.069759 0.997548
1755487256.543429 21.051034 -1.222890 0.424921 0.000079 0.005719 -0.079350 0.996830
1755487256.563045 21.069325 -1.227500 0.427959 0.000825 0.007238 -0.081342 0.996660
1755487256.643003 21.144843 -1.248912 0.434131 0.004541 0.011140 -0.085104 0.996299
1755487256.661500 21.162131 -1.253733 0.434335 0.005027 0.012538 -0.085272 0.996266
1755487256.741636 21.236530 -1.277175 0.425805 0.007751 0.015551 -0.085039 0.996226
1755487256.761228 21.242024 -1.278957 0.425591 0.007987 0.016006 -0.084766 0.996240
1755487256.842679 21.319773 -1.309893 0.413830 0.012742 0.017654 -0.078041 0.996712
1755487256.861875 21.337550 -1.317026 0.412117 0.013529 0.017993 -0.076524 0.996814
1755487256.942719 21.410433 -1.348228 0.408766 0.016103 0.013211 -0.067459 0.997505
1755487256.962176 21.414124 -1.349414 0.409535 0.016219 0.013104 -0.067125 0.997527
1755487257.042465 21.488238 -1.378706 0.421001 0.017179 0.006465 -0.060257 0.998014
1755487257.064132 21.508549 -1.384700 0.426065 0.016780 0.007449 -0.057261 0.998190
1755487257.142899 21.581818 -1.403492 0.437699 0.013543 0.007116 -0.053854 0.998432
1755487257.164775 21.585857 -1.404219 0.439785 0.013561 0.007698 -0.053467 0.998448
1755487257.242273 21.664974 -1.421160 0.451014 0.011144 0.013594 -0.050844 0.998552
1755487257.261482 21.684621 -1.425177 0.453435 0.010972 0.015754 -0.050021 0.998564
1755487257.342733 21.764603 -1.442403 0.454668 0.010712 0.019888 -0.047133 0.998633
1755487257.361935 21.769113 -1.442886 0.455280 0.010720 0.020383 -0.047198 0.998620
1755487257.443332 21.849977 -1.457299 0.447364 0.008825 0.024003 -0.048402 0.998500
1755487257.462884 21.857640 -1.457980 0.446931 0.008594 0.024437 -0.048671 0.998479
1755487257.543144 21.938774 -1.465780 0.438265 0.004484 0.024239 -0.049484 0.998471
1755487257.561445 21.939147 -1.464990 0.438025 0.004441 0.024192 -0.049678 0.998462
1755487257.642733 22.020794 -1.466991 0.435241 -0.002164 0.016631 -0.053303 0.998438
1755487257.661999 22.039017 -1.467209 0.436643 -0.003456 0.014198 -0.053198 0.998477
1755487257.742688 22.114295 -1.470447 0.449014 -0.006123 0.004685 -0.054607 0.998478
1755487257.762462 22.131714 -1.471765 0.451784 -0.006342 0.003650 -0.057073 0.998343
1755487257.844835 22.207154 -1.481360 0.462218 -0.006985 0.000140 -0.064194 0.997913
1755487257.862461 22.212828 -1.482431 0.464200 -0.006662 0.000670 -0.064620 0.997887
1755487257.944125 22.293830 -1.501842 0.472738 -0.000393 0.003387 -0.064645 0.997903
1755487257.962258 22.297517 -1.502483 0.474026 -0.000121 0.003849 -0.064546 0.997907
1755487258.042889 22.380702 -1.522376 0.470788 0.004689 0.007990 -0.060142 0.998147
1755487258.063003 22.400940 -1.527216 0.468319 0.005360 0.009373 -0.059715 0.998157
1755487258.142771 22.483956 -1.548892 0.457118 0.009226 0.011443 -0.054615 0.998399
1755487258.162724 22.503928 -1.554989 0.455007 0.010431 0.012226 -0.052001 0.998518
1755487258.244070 22.587650 -1.579743 0.447720 0.015842 0.010259 -0.035720 0.999184
1755487258.262707 22.605332 -1.584863 0.447437 0.016677 0.009067 -0.031551 0.999322
1755487258.342655 22.683560 -1.603334 0.455222 0.017769 0.002922 -0.026073 0.999498
1755487258.361784 22.701572 -1.606212 0.459661 0.017406 0.001956 -0.025656 0.999517
1755487258.443594 22.780194 -1.614254 0.476194 0.013655 -0.000045 -0.019439 0.999718
1755487258.461635 22.797087 -1.615868 0.478751 0.013152 0.000205 -0.017201 0.999766
1755487258.543190 22.878120 -1.621802 0.488934 0.011049 0.003358 -0.009440 0.999889
1755487258.562354 22.881884 -1.621729 0.489838 0.010947 0.003690 -0.009405 0.999889
1755487258.664439 22.987653 -1.630025 0.492796 0.010009 0.011820 -0.007454 0.999852
1755487258.743310 23.069943 -1.635824 0.484779 0.009095 0.015932 -0.007992 0.999800
1755487258.764009 23.091064 -1.636082 0.482550 0.008722 0.017427 -0.008843 0.999771
1755487258.843738 23.175006 -1.637218 0.471834 0.006969 0.019292 -0.009541 0.999744
1755487258.863009 23.182177 -1.636682 0.471623 0.006790 0.019612 -0.009690 0.999738
1755487258.943272 23.263521 -1.633574 0.463062 0.004223 0.015155 -0.009961 0.999827
1755487258.961984 23.267079 -1.633087 0.463231 0.004103 0.014796 -0.010007 0.999832
1755487259.043551 23.347807 -1.630851 0.470861 0.003044 0.005884 -0.005972 0.999960
1755487259.062323 23.354714 -1.630335 0.473095 0.003230 0.005891 -0.006502 0.999956
1755487259.143956 23.434915 -1.632936 0.484207 0.003422 0.002824 -0.013911 0.999893
1755487259.162279 23.452384 -1.634109 0.487039 0.003569 0.003732 -0.016652 0.999848
1755487259.245105 23.536686 -1.646847 0.495493 0.006972 0.006596 -0.020427 0.999745
1755487259.262466 23.542633 -1.647706 0.497298 0.007226 0.007361 -0.020583 0.999735
1755487259.343203 23.626928 -1.663024 0.497204 0.011366 0.012783 -0.018190 0.999688
1755487259.362428 23.646422 -1.666257 0.496301 0.011873 0.014576 -0.018126 0.999659
1755487259.443685 23.729634 -1.682727 0.489161 0.013530 0.018192 -0.014330 0.999640
1755487259.462768 23.748572 -1.686704 0.488088 0.013901 0.019447 -0.013149 0.999628
1755487259.542818 23.825350 -1.705547 0.481647 0.015033 0.019947 -0.005154 0.999675
1755487259.561735 23.828901 -1.706175 0.481733 0.015015 0.019996 -0.004732 0.999676
1755487259.643948 23.901290 -1.723987 0.479186 0.011337 0.012227 0.000637 0.999861
1755487259.662846 23.916586 -1.726789 0.481010 0.010109 0.011066 -0.001774 0.999886
1755487259.743638 23.981743 -1.737096 0.494332 0.003782 0.004333 -0.001545 0.999982
1755487259.762577 23.996154 -1.738546 0.497884 0.002470 0.003890 -0.001202 0.999989
1755487259.843756 24.058248 -1.744042 0.509799 -0.001688 0.000889 0.009884 0.999949
1755487259.863091 24.072319 -1.743665 0.512063 -0.002370 0.001697 0.010143 0.999944
1755487259.943655 24.138827 -1.746880 0.523129 -0.005625 0.005134 0.014359 0.999868
1755487259.962840 24.140544 -1.746475 0.524478 -0.005673 0.005593 0.014514 0.999863
1755487260.045130 24.213624 -1.751912 0.524949 -0.005721 0.011885 0.018792 0.999736
1755487260.064649 24.218944 -1.751947 0.525020 -0.005625 0.012609 0.018778 0.999728
1755487260.145472 24.295523 -1.756144 0.517577 -0.004846 0.018783 0.020480 0.999602
1755487260.164278 24.296988 -1.755901 0.517492 -0.004790 0.018977 0.020490 0.999598
1755487260.244604 24.376223 -1.752979 0.509145 -0.005281 0.023307 0.021721 0.999478
1755487260.264043 24.393804 -1.750629 0.507276 -0.005757 0.023268 0.021986 0.999471
1755487260.344990 24.467267 -1.737617 0.500439 -0.008137 0.018942 0.023118 0.999520
1755487260.365532 24.469272 -1.737149 0.499775 -0.008184 0.018674 0.023278 0.999521
1755487260.443856 24.541809 -1.722226 0.500963 -0.007913 0.010407 0.032038 0.999401
1755487260.463334 24.558727 -1.718571 0.501700 -0.007367 0.009514 0.031355 0.999436
1755487260.543427 24.633943 -1.704980 0.502807 -0.007297 0.007422 0.032271 0.999425
1755487260.563117 24.637406 -1.703714 0.503859 -0.007252 0.007645 0.032102 0.999429
1755487260.642999 24.721333 -1.694894 0.510214 -0.004135 0.011923 0.030430 0.999457
1755487260.662419 24.740943 -1.692773 0.511489 -0.003192 0.013699 0.030160 0.999446
1755487260.743576 24.825071 -1.686565 0.507824 0.000133 0.016526 0.035533 0.999232
1755487260.762989 24.828133 -1.685865 0.508212 0.000311 0.016797 0.035824 0.999217
1755487260.843400 24.913476 -1.682480 0.493733 0.004443 0.018181 0.042760 0.998910
1755487260.862928 24.934042 -1.681604 0.490083 0.005516 0.018812 0.044050 0.998837
1755487260.943949 25.022299 -1.680649 0.478129 0.009573 0.017196 0.052339 0.998435
1755487260.962519 25.025373 -1.680157 0.478327 0.009714 0.017159 0.052583 0.998422
1755487261.043250 25.119620 -1.675438 0.479356 0.013026 0.013840 0.053386 0.998393
1755487261.063853 25.143316 -1.672637 0.482484 0.013178 0.013435 0.057338 0.998177
1755487261.144197 25.234165 -1.657227 0.493456 0.010000 0.015187 0.059191 0.998081
1755487261.163783 25.236754 -1.656350 0.494241 0.009760 0.015242 0.059501 0.998064
1755487261.244600 25.329666 -1.634950 0.504091 0.005278 0.021058 0.062918 0.997783
1755487261.263454 25.337659 -1.632877 0.505584 0.005130 0.021973 0.063025 0.997757
1755487261.342984 25.431489 -1.615547 0.508222 0.004575 0.028667 0.067150 0.997320
1755487261.363111 25.436175 -1.614267 0.508885 0.004620 0.029138 0.067161 0.997306
1755487261.444597 25.535560 -1.595652 0.501267 0.004201 0.034633 0.065811 0.997222
1755487261.462858 25.543866 -1.593560 0.500610 0.004145 0.035112 0.065387 0.997233
1755487261.544727 25.642580 -1.568281 0.488601 0.001386 0.036144 0.061467 0.997454
1755487261.563406 25.646211 -1.566994 0.488195 0.001330 0.036130 0.061337 0.997462
1755487261.643852 25.742392 -1.541566 0.485389 0.002948 0.030223 0.069541 0.997117
1755487261.663284 25.743022 -1.541782 0.484894 0.002998 0.030201 0.069612 0.997112
1755487261.743939 25.840048 -1.518500 0.495596 0.005500 0.023129 0.065018 0.997601
1755487261.762948 25.861262 -1.512746 0.497993 0.005055 0.022725 0.061986 0.997805
1755487261.843671 25.952999 -1.496060 0.507191 0.003255 0.020823 0.046887 0.998678
1755487261.862972 25.960901 -1.494545 0.508869 0.003264 0.021321 0.045580 0.998728
1755487261.943094 26.055002 -1.487530 0.512260 0.003218 0.024749 0.030637 0.999219
1755487261.964511 26.060109 -1.486930 0.512994 0.003244 0.025211 0.030008 0.999226
1755487262.043261 26.155502 -1.488350 0.506420 0.004711 0.030030 0.021615 0.999304
1755487262.063040 26.176715 -1.489061 0.503693 0.005329 0.031383 0.020896 0.999275
1755487262.144453 26.271371 -1.500534 0.492888 0.007352 0.031834 0.017145 0.999319
1755487262.163213 26.273935 -1.501032 0.492984 0.007413 0.031889 0.017097 0.999318
1755487262.244061 26.360747 -1.517022 0.488653 0.009846 0.022959 0.024085 0.999398
1755487262.263070 26.379987 -1.519816 0.490756 0.010333 0.021349 0.024463 0.999419
1755487262.343920 26.459331 -1.532227 0.502852 0.010011 0.016477 0.026033 0.999475
1755487262.362410 26.462207 -1.532510 0.504196 0.010065 0.016385 0.026355 0.999468
1755487262.443337 26.541284 -1.539034 0.516065 0.010030 0.014361 0.038033 0.999123
1755487262.462275 26.560023 -1.539311 0.519741 0.010112 0.015421 0.039493 0.999050
1755487262.544032 26.642475 -1.543011 0.528726 0.010305 0.018237 0.044072 0.998809
1755487262.562917 26.660896 -1.543117 0.529368 0.010632 0.019433 0.045014 0.998741
1755487262.643726 26.738939 -1.543792 0.523377 0.010601 0.021268 0.044473 0.998728
1755487262.663478 26.750926 -1.540992 0.521486 0.010258 0.022136 0.042689 0.998790
1755487262.743605 26.826887 -1.532847 0.509814 0.006091 0.021705 0.035867 0.999102
1755487262.762549 26.844248 -1.529407 0.507597 0.005096 0.021945 0.034283 0.999158
1755487262.843637 26.916253 -1.515322 0.499565 0.000952 0.016406 0.029463 0.999431
1755487262.862918 26.922387 -1.513234 0.499632 0.000596 0.015683 0.029160 0.999452
1755487262.946048 26.994679 -1.497434 0.505519 -0.002186 0.004958 0.031204 0.999498
1755487262.964282 26.995436 -1.496053 0.507051 -0.002216 0.004919 0.030876 0.999509
1755487263.044608 27.067572 -1.484333 0.517610 -0.004064 -0.000632 0.018319 0.999824
1755487263.063323 27.073854 -1.483141 0.519552 -0.004090 -0.000389 0.017332 0.999841
1755487263.144763 27.153550 -1.481922 0.530383 -0.001031 0.001670 0.009760 0.999950
1755487263.163073 27.172078 -1.482475 0.532340 0.000223 0.003401 0.008168 0.999961
1755487263.243951 27.253398 -1.487359 0.532387 0.004385 0.006939 0.007183 0.999941
1755487263.263342 27.272804 -1.488140 0.530988 0.005078 0.008496 0.006305 0.999931
1755487263.345718 27.356965 -1.496017 0.519269 0.007868 0.011958 0.004391 0.999888
1755487263.365278 27.358635 -1.496359 0.519957 0.007980 0.012135 0.004452 0.999885
1755487263.445117 27.445398 -1.507933 0.509475 0.012109 0.014638 0.004906 0.999807
1755487263.465209 27.453279 -1.509114 0.509159 0.012449 0.014800 0.005168 0.999800
1755487263.543285 27.539294 -1.520418 0.509951 0.015747 0.011860 0.005784 0.999789
1755487263.563752 27.546347 -1.521466 0.510913 0.015874 0.011771 0.005801 0.999788
1755487263.643698 27.635731 -1.526026 0.524119 0.014597 0.009138 0.006328 0.999832
1755487263.663908 27.657905 -1.525541 0.526419 0.013735 0.009789 0.004891 0.999846
1755487263.744689 27.744104 -1.520230 0.532309 0.008141 0.009432 0.006774 0.999899
1755487263.762962 27.748074 -1.519962 0.534324 0.007903 0.009815 0.006784 0.999898
1755487263.845420 27.839018 -1.513947 0.539635 0.003723 0.013899 0.005532 0.999881
1755487263.865937 27.845812 -1.513526 0.541202 0.003612 0.014597 0.005611 0.999871
1755487263.944705 27.931199 -1.506730 0.537830 0.000561 0.015319 0.004913 0.999870
1755487263.963568 27.935071 -1.506155 0.539396 0.000476 0.015544 0.004739 0.999868
1755487264.043994 28.022697 -1.494983 0.531469 -0.003964 0.013390 0.000372 0.999902
1755487264.063254 28.023312 -1.494777 0.531975 -0.003959 0.013434 0.000376 0.999902
1755487264.143916 28.110825 -1.481738 0.524281 -0.005150 0.004437 0.004188 0.999968
1755487264.163376 28.115381 -1.481044 0.524512 -0.005080 0.004023 0.004571 0.999969
1755487264.244432 28.203793 -1.468900 0.532024 -0.003135 -0.005507 0.015328 0.999862
1755487264.263408 28.211860 -1.467450 0.533768 -0.002961 -0.005719 0.014628 0.999872
1755487264.344055 28.299914 -1.456733 0.544318 -0.004905 -0.009181 0.002200 0.999943
1755487264.362873 28.303581 -1.456231 0.546488 -0.005008 -0.008904 0.001599 0.999947
1755487264.444266 28.399737 -1.454611 0.555956 -0.004298 -0.003510 -0.009759 0.999937
1755487264.463276 28.409026 -1.454909 0.557637 -0.003942 -0.002215 -0.010527 0.999934
1755487264.545350 28.507641 -1.463266 0.555361 -0.000617 0.004703 -0.015069 0.999875
1755487264.563818 28.523171 -1.465064 0.554540 -0.000028 0.006518 -0.015353 0.999861
1755487264.644409 28.620262 -1.481546 0.542819 0.003463 0.012525 -0.016995 0.999771
1755487264.662791 28.629406 -1.483496 0.542237 0.003874 0.013141 -0.016751 0.999766
1755487264.763945 28.746561 -1.507325 0.532403 0.008679 0.016052 -0.008080 0.999801
1755487264.844161 28.829984 -1.531121 0.532324 0.008626 0.010620 -0.009101 0.999865
1755487264.863142 28.847345 -1.534778 0.535837 0.008026 0.009441 -0.009467 0.999878
1755487264.943898 28.926562 -1.549845 0.548437 0.004945 0.007456 -0.008016 0.999928
1755487264.963517 28.928112 -1.550740 0.550334 0.004885 0.007623 -0.007453 0.999931
1755487265.043761 29.011214 -1.560334 0.561530 0.002285 0.010301 0.000896 0.999944
1755487265.063251 29.030540 -1.561979 0.564577 0.001861 0.012314 0.001287 0.999922
1755487265.144263 29.116343 -1.570244 0.567211 0.000781 0.017579 0.003386 0.999839
1755487265.164822 29.118668 -1.570077 0.568571 0.000761 0.018084 0.003365 0.999831
1755487265.244076 29.204787 -1.576576 0.561417 -0.000091 0.023156 0.001014 0.999731
1755487265.263381 29.224575 -1.577322 0.559834 -0.000475 0.024405 -0.000337 0.999702
1755487265.344779 29.309734 -1.577712 0.550882 -0.002377 0.025414 -0.004977 0.999662
1755487265.363803 29.327920 -1.577079 0.549416 -0.002814 0.025393 -0.006545 0.999652
1755487265.445064 29.404995 -1.572705 0.543217 -0.004251 0.018871 -0.010522 0.999758
1755487265.463919 29.410443 -1.572141 0.543636 -0.004361 0.018153 -0.010591 0.999770
1755487265.544433 29.484436 -1.568524 0.549563 -0.003896 0.009800 -0.009083 0.999903
1755487265.562811 29.496499 -1.568006 0.551525 -0.003519 0.009599 -0.011073 0.999886
1755487265.645284 29.571022 -1.570179 0.558640 -0.003319 0.006980 -0.019858 0.999773
1755487265.663651 29.587049 -1.572030 0.561478 -0.002500 0.007930 -0.021175 0.999741
1755487265.744783 29.662498 -1.584457 0.569949 0.002071 0.010354 -0.024965 0.999633
1755487265.764797 29.680409 -1.587812 0.571682 0.003353 0.012076 -0.024688 0.999617
1755487265.844542 29.753949 -1.600351 0.569094 0.006483 0.014601 -0.022035 0.999630
1755487265.863801 29.770828 -1.603602 0.567884 0.007201 0.015905 -0.020782 0.999632
1755487265.944982 29.848600 -1.620371 0.557559 0.010898 0.019207 -0.014113 0.999657
1755487265.964361 29.848421 -1.621122 0.559920 0.010920 0.019390 -0.013966 0.999655
1755487266.044233 29.931435 -1.641380 0.549002 0.015205 0.023306 -0.001769 0.999611
1755487266.063515 29.951734 -1.646129 0.547322 0.015497 0.023866 0.000287 0.999595
1755487266.145096 30.034405 -1.662847 0.546428 0.013203 0.022526 -0.001632 0.999658
1755487266.163331 30.035083 -1.662226 0.546920 0.013125 0.022539 -0.001789 0.999658
1755487266.244390 30.115273 -1.676673 0.557749 0.007880 0.018165 -0.001193 0.999803
1755487266.263209 30.133089 -1.679697 0.560536 0.007175 0.018313 -0.001077 0.999806
1755487266.344517 30.210248 -1.692441 0.571676 0.004580 0.017359 0.000239 0.999839
1755487266.363576 30.212759 -1.692953 0.573810 0.004483 0.017625 0.000252 0.999835
1755487266.443943 30.293783 -1.704971 0.585050 0.003814 0.021549 0.003027 0.999756
1755487266.463187 30.312748 -1.707691 0.586832 0.003843 0.023180 0.003438 0.999718
1755487266.544255 30.394770 -1.717370 0.585886 0.003059 0.025981 0.002172 0.999655
1755487266.563860 30.413794 -1.719073 0.584870 0.002690 0.027436 0.001199 0.999619
1755487266.644637 30.496004 -1.724264 0.576026 0.000663 0.029448 -0.003438 0.999560
1755487266.664383 30.514839 -1.724863 0.574444 0.000130 0.030626 -0.004129 0.999522
1755487266.744327 30.594039 -1.726390 0.567457 -0.001328 0.028726 -0.003890 0.999579
1755487266.763184 30.595728 -1.726166 0.568534 -0.001371 0.028709 -0.003875 0.999579
1755487266.845229 30.674903 -1.725979 0.571359 -0.002968 0.019554 0.000526 0.999804
1755487266.866245 30.680590 -1.725640 0.573456 -0.002907 0.019343 0.000614 0.999808
1755487266.946324 30.757130 -1.727246 0.584093 -0.002636 0.012997 -0.001002 0.999912
1755487266.964732 30.758174 -1.727108 0.585941 -0.002672 0.013069 -0.001159 0.999910
1755487267.044712 30.837073 -1.733306 0.593873 -0.001800 0.013071 -0.006833 0.999890
1755487267.064237 30.844717 -1.734344 0.595699 -0.001432 0.013833 -0.006995 0.999879
1755487267.146909 30.931387 -1.746979 0.600073 0.001872 0.017986 -0.006824 0.999813
1755487267.165442 30.932341 -1.747612 0.601395 0.001921 0.018149 -0.006718 0.999811
1755487267.244408 31.016505 -1.761854 0.598156 0.004419 0.022446 -0.004493 0.999728
1755487267.263513 31.025218 -1.763972 0.598039 0.004704 0.022961 -0.003623 0.999719
1755487267.344372 31.112629 -1.783147 0.591850 0.006697 0.024948 0.002375 0.999663
1755487267.364048 31.133893 -1.788053 0.590949 0.007156 0.025208 0.004558 0.999646
1755487267.444534 31.215257 -1.808059 0.586522 0.006743 0.021016 0.012600 0.999677
1755487267.466170 31.221501 -1.809390 0.586930 0.006505 0.020499 0.012940 0.999685
1755487267.547147 31.298637 -1.824736 0.593148 0.002009 0.011541 0.014659 0.999824
1755487267.564356 31.299260 -1.825273 0.594645 0.001945 0.011524 0.014929 0.999820
1755487267.646115 31.375295 -1.833644 0.604691 -0.005848 0.005200 0.019132 0.999786
1755487267.664381 31.379933 -1.834501 0.606919 -0.006032 0.005451 0.019860 0.999770
1755487267.745540 31.459952 -1.841403 0.618426 -0.008774 0.007009 0.027422 0.999561
1755487267.764796 31.478044 -1.843023 0.621452 -0.008986 0.008506 0.029086 0.999500
1755487267.846067 31.559437 -1.849277 0.623379 -0.008914 0.011511 0.035577 0.999261
1755487267.864383 31.575778 -1.850395 0.623469 -0.008738 0.012897 0.035690 0.999241
1755487267.945791 31.656325 -1.854317 0.615675 -0.008382 0.015090 0.036105 0.999199
1755487267.964505 31.671759 -1.854501 0.614527 -0.008291 0.016272 0.035465 0.999204
1755487268.044410 31.750057 -1.853483 0.604879 -0.008793 0.016160 0.030918 0.999353
1755487268.064241 31.766625 -1.852274 0.603767 -0.008788 0.016433 0.029348 0.999396
1755487268.145538 31.839456 -1.846800 0.595434 -0.009296 0.010085 0.023521 0.999629
1755487268.164237 31.852488 -1.845261 0.595519 -0.009137 0.007898 0.022375 0.999677
1755487268.245323 31.919979 -1.843599 0.601505 -0.005873 0.000247 0.027286 0.999610
1755487268.265076 31.933858 -1.843312 0.604913 -0.004679 -0.000467 0.024879 0.999679
1755487268.344387 31.998947 -1.844189 0.611376 -0.002473 -0.003397 0.015190 0.999876
1755487268.363891 31.998162 -1.843784 0.613232 -0.002518 -0.003276 0.015114 0.999877
1755487268.444689 32.073694 -1.849830 0.620738 0.003974 0.001457 0.009471 0.999946
1755487268.464232 32.091789 -1.851580 0.622365 0.005633 0.003823 0.009971 0.999927
1755487268.545151 32.169822 -1.857075 0.620383 0.009211 0.010274 0.009096 0.999863
1755487268.564069 32.170726 -1.857352 0.622098 0.009179 0.010393 0.009111 0.999862
1755487268.645760 32.254301 -1.861325 0.614970 0.011332 0.019018 0.011111 0.999693
1755487268.664554 32.261590 -1.861922 0.615027 0.011537 0.019818 0.011598 0.999670
1755487268.746180 32.347518 -1.863895 0.607075 0.011756 0.025577 0.017034 0.999459
1755487268.765044 32.349438 -1.864595 0.607830 0.011801 0.025667 0.017151 0.999454
1755487268.846155 32.433297 -1.865648 0.602633 0.010280 0.023942 0.025712 0.999330
1755487268.865003 32.452529 -1.866160 0.602660 0.010154 0.022561 0.028392 0.999291
1755487268.945025 32.530597 -1.866781 0.610703 0.009275 0.015530 0.032746 0.999300
1755487268.964468 32.534260 -1.866809 0.612070 0.009206 0.015479 0.033115 0.999289
1755487269.044793 32.613567 -1.861263 0.622663 0.005471 0.011973 0.043512 0.998966
1755487269.064018 32.632700 -1.859546 0.625064 0.004781 0.012345 0.045698 0.998868
1755487269.145191 32.714695 -1.851463 0.632871 0.001116 0.014691 0.050146 0.998633
1755487269.164929 32.717202 -1.850771 0.633993 0.000989 0.014964 0.050221 0.998626
1755487269.244852 32.799597 -1.843014 0.635983 -0.002260 0.019394 0.050742 0.998521
1755487269.264307 32.806553 -1.842039 0.636242 -0.002434 0.019882 0.050353 0.998531
1755487269.345845 32.889495 -1.834420 0.630717 -0.005290 0.022229 0.045511 0.998702
1755487269.365512 32.891529 -1.833775 0.630727 -0.005337 0.022320 0.045286 0.998710
1755487269.445671 32.974136 -1.824252 0.622741 -0.007482 0.022553 0.039448 0.998939
1755487269.466054 32.980995 -1.823003 0.621851 -0.007508 0.022391 0.039082 0.998957
1755487269.544856 33.059915 -1.810481 0.616414 -0.008564 0.016179 0.036022 0.999183
1755487269.565561 33.062351 -1.809737 0.615900 -0.008519 0.015744 0.035955 0.999193
1755487269.645083 33.139204 -1.797132 0.622309 -0.008210 0.004730 0.037368 0.999257
1755487269.664953 33.145273 -1.795794 0.624016 -0.007824 0.004448 0.036870 0.999280
1755487269.745786 33.222479 -1.787546 0.630191 -0.006317 -0.001545 0.029050 0.999557
1755487269.765424 33.223073 -1.787190 0.632143 -0.006294 -0.001396 0.028760 0.999566
1755487269.845230 33.304924 -1.783784 0.637002 -0.004381 0.000815 0.019246 0.999805
1755487269.865136 33.310767 -1.783595 0.638613 -0.004146 0.001645 0.018905 0.999811
1755487269.944923 33.397203 -1.782732 0.637142 -0.001758 0.006996 0.016902 0.999831
1755487269.964236 33.400005 -1.783119 0.638510 -0.001616 0.007537 0.017035 0.999825
1755487270.045887 33.492555 -1.786501 0.629698 0.000348 0.014290 0.019388 0.999710
1755487270.064605 33.512780 -1.787669 0.627942 0.001146 0.016006 0.021198 0.999647
1755487270.146094 33.606898 -1.796589 0.616200 0.003866 0.020710 0.025229 0.999460
1755487270.164815 33.609255 -1.797122 0.616228 0.003927 0.020835 0.025366 0.999453
1755487270.264986 33.724500 -1.807305 0.611603 0.006769 0.021767 0.035691 0.999103
1755487270.344671 33.813115 -1.818047 0.618324 0.007247 0.019245 0.035972 0.999141
1755487270.363998 33.831204 -1.818697 0.622553 0.006779 0.018490 0.037329 0.999109
1755487270.445645 33.916716 -1.822421 0.631738 0.004541 0.018492 0.041207 0.998969
1755487270.464438 33.920812 -1.822363 0.633301 0.004487 0.018805 0.042231 0.998921
1755487270.545328 34.009181 -1.822648 0.639299 0.002973 0.023840 0.047575 0.998579
1755487270.564284 34.028264 -1.822256 0.641147 0.002723 0.025984 0.048643 0.998474
1755487270.645944 34.118763 -1.821153 0.640390 0.002409 0.032296 0.051106 0.998168
1755487270.664280 34.136441 -1.820512 0.639782 0.002257 0.034025 0.051167 0.998108
1755487270.745553 34.221917 -1.816801 0.629706 0.001033 0.036888 0.047419 0.998193
1755487270.764209 34.238861 -1.815211 0.627491 0.000661 0.037782 0.046138 0.998220
1755487270.846132 34.320794 -1.806317 0.616430 -0.001554 0.036547 0.039667 0.998543
1755487270.864685 34.336644 -1.803727 0.615245 -0.001962 0.036173 0.038587 0.998598
1755487270.945659 34.412596 -1.792875 0.613303 -0.002688 0.027746 0.037199 0.998919
1755487270.965229 34.411068 -1.793230 0.612317 -0.002681 0.027668 0.037308 0.998917
1755487271.045420 34.488811 -1.784851 0.622506 -0.000021 0.019892 0.038558 0.999058
1755487271.064367 34.494718 -1.784145 0.624676 -0.000075 0.020045 0.037740 0.999087
1755487271.145544 34.576571 -1.780440 0.633375 0.000010 0.018103 0.022915 0.999574
1755487271.165746 34.579480 -1.780673 0.636019 0.000047 0.018473 0.022551 0.999575
1755487271.246089 34.668819 -1.785189 0.640897 0.003970 0.022759 0.013047 0.999648
1755487271.264240 34.669998 -1.785363 0.643071 0.003925 0.022919 0.013025 0.999645
1755487271.345556 34.765477 -1.794975 0.639841 0.007604 0.028357 0.007120 0.999544
1755487271.364663 34.770649 -1.796208 0.640726 0.007754 0.028772 0.007139 0.999530
1755487271.445636 34.867212 -1.812349 0.631910 0.011423 0.030967 0.003078 0.999450
1755487271.465038 34.890332 -1.816557 0.629742 0.011718 0.030706 0.003895 0.999452
1755487271.546258 34.980772 -1.833528 0.623503 0.012077 0.024357 0.005789 0.999614
1755487271.565703 35.002012 -1.836402 0.624642 0.010798 0.022648 0.003262 0.999680
1755487271.646308 35.088794 -1.847540 0.635030 0.006758 0.016988 -0.001572 0.999832
1755487271.665155 35.107969 -1.849691 0.637859 0.006150 0.016424 -0.000681 0.999846
1755487271.745853 35.189139 -1.855684 0.645851 0.003872 0.012569 0.004280 0.999904
1755487271.764601 35.206880 -1.855827 0.649438 0.002887 0.012914 0.004726 0.999901
1755487271.846250 35.288760 -1.856446 0.662432 -0.000178 0.013536 0.005514 0.999893
1755487271.864690 35.293190 -1.856614 0.663654 -0.000403 0.013721 0.005771 0.999889
1755487271.945556 35.375468 -1.856666 0.664477 -0.002247 0.014236 0.003798 0.999889
1755487271.964840 35.393850 -1.856692 0.663581 -0.002768 0.014799 0.002606 0.999883
1755487272.046096 35.478578 -1.855147 0.652699 -0.004588 0.015170 -0.007885 0.999843
1755487272.065258 35.483022 -1.854979 0.652453 -0.004776 0.015307 -0.008527 0.999835
1755487272.145110 35.568901 -1.849094 0.641687 -0.006300 0.012073 -0.015519 0.999787
1755487272.164279 35.587615 -1.847089 0.640836 -0.006632 0.010581 -0.015859 0.999796
1755487272.245447 35.672609 -1.837050 0.647791 -0.006000 0.003796 -0.011467 0.999909
1755487272.264859 35.691056 -1.834912 0.652175 -0.005743 0.003064 -0.013894 0.999882
1755487272.345625 35.774893 -1.827266 0.662115 -0.005952 0.001635 -0.024739 0.999675
1755487272.365141 35.776607 -1.827219 0.663869 -0.005967 0.001869 -0.025118 0.999665
1755487272.445422 35.866785 -1.827820 0.669889 -0.002208 0.007010 -0.031802 0.999467
1755487272.464805 35.874340 -1.828276 0.671058 -0.001805 0.007960 -0.032089 0.999452
1755487272.546272 35.972762 -1.833559 0.667858 0.003626 0.015643 -0.030828 0.999396
1755487272.565288 35.995262 -1.834998 0.666255 0.004368 0.017802 -0.029478 0.999397
1755487272.645756 36.093811 -1.842104 0.653821 0.008614 0.023490 -0.025619 0.999359
1755487272.664569 36.115445 -1.844014 0.650972 0.009343 0.024611 -0.023977 0.999366
1755487272.745826 36.211951 -1.852501 0.637946 0.012797 0.025712 -0.018478 0.999417
1755487272.764407 36.232304 -1.854280 0.636072 0.013123 0.025698 -0.015920 0.999457
1755487272.845588 36.323501 -1.859697 0.635892 0.015222 0.019538 -0.009781 0.999645
1755487272.865285 36.343973 -1.859511 0.639816 0.014373 0.018964 -0.010682 0.999660
1755487272.945254 36.429631 -1.854472 0.652102 0.009982 0.016859 -0.010297 0.999755
1755487272.964971 36.448046 -1.852301 0.654781 0.008388 0.016225 -0.009329 0.999790
1755487273.046238 36.531212 -1.844403 0.664197 0.003956 0.016552 -0.004980 0.999843
1755487273.065106 36.549300 -1.842848 0.667308 0.002988 0.017839 -0.004845 0.999825
1755487273.145808 36.631788 -1.837189 0.673770 0.000675 0.020858 -0.003608 0.999776
1755487273.165006 36.649887 -1.836124 0.674476 0.000126 0.022228 -0.002723 0.999749
1755487273.245553 36.731354 -1.831209 0.669166 -0.001385 0.023273 -0.003805 0.999721
1755487273.264900 36.749450 -1.829950 0.667340 -0.001940 0.024006 -0.004543 0.999700
1755487273.345910 36.831767 -1.822979 0.654963 -0.003404 0.022548 -0.008822 0.999701
1755487273.365175 36.849888 -1.821132 0.652731 -0.003852 0.022605 -0.009354 0.999693
1755487273.446290 36.929895 -1.811550 0.644791 -0.004400 0.014868 -0.011728 0.999811
1755487273.464760 36.934433 -1.811155 0.646030 -0.004395 0.014481 -0.011214 0.999823
1755487273.546877 37.017572 -1.802367 0.655192 -0.003165 0.007043 -0.009018 0.999930
1755487273.565187 37.035519 -1.801103 0.657712 -0.002944 0.006936 -0.011001 0.999911
1755487273.665823 37.136824 -1.798180 0.668159 -0.003066 0.009507 -0.024809 0.999642
1755487273.746000 37.227443 -1.803638 0.676424 0.000265 0.014884 -0.031343 0.999398
1755487273.765611 37.247783 -1.805707 0.677311 0.000955 0.017632 -0.031858 0.999336
1755487273.845887 37.338052 -1.814079 0.672395 0.003355 0.023507 -0.032487 0.999190
1755487273.865301 37.344224 -1.815088 0.673361 0.003488 0.024607 -0.032392 0.999166
1755487273.947822 37.439345 -1.828771 0.662347 0.007255 0.030454 -0.030790 0.999035
1755487273.967188 37.440074 -1.829470 0.663534 0.007311 0.030631 -0.030646 0.999034
1755487274.048361 37.533191 -1.847937 0.653581 0.012071 0.030313 -0.023852 0.999183
1755487274.068708 37.537940 -1.849589 0.653274 0.012289 0.030054 -0.022910 0.999210
1755487274.146785 37.619528 -1.865788 0.654885 0.014397 0.020173 -0.019914 0.999494
1755487274.164976 37.637222 -1.868850 0.657323 0.014129 0.018558 -0.017100 0.999582
1755487274.246340 37.715838 -1.877935 0.668885 0.012476 0.012098 -0.011804 0.999779
1755487274.266414 37.733430 -1.879305 0.672138 0.011698 0.011239 -0.008475 0.999832
1755487274.346709 37.808826 -1.883046 0.686150 0.010169 0.009105 -0.001588 0.999906
1755487274.365321 37.810611 -1.883335 0.688704 0.010121 0.009407 -0.001324 0.999904
1755487274.445963 37.889255 -1.884483 0.696740 0.007867 0.009832 0.001139 0.999920
1755487274.464700 37.906263 -1.884655 0.697534 0.007074 0.010687 0.000524 0.999918
1755487274.547164 37.985965 -1.883511 0.694064 0.004470 0.011051 -0.005747 0.999912
1755487274.566582 37.986308 -1.883280 0.695479 0.004360 0.011239 -0.005928 0.999910
1755487274.647296 38.067723 -1.879100 0.687401 0.001441 0.010726 -0.013909 0.999845
1755487274.665894 38.072327 -1.878612 0.687676 0.001282 0.010848 -0.014378 0.999837
1755487274.746545 38.154435 -1.872161 0.680272 0.000709 0.005584 -0.019459 0.999795
1755487274.765325 38.156486 -1.871979 0.680390 0.000670 0.005312 -0.019487 0.999796
1755487274.847069 38.240923 -1.864927 0.683953 0.002047 -0.002521 -0.017592 0.999840
1755487274.866134 38.246096 -1.864127 0.685452 0.002219 -0.002443 -0.018255 0.999828
1755487274.947601 38.332037 -1.860138 0.692208 0.003287 -0.003314 -0.030867 0.999513
1755487274.964885 38.349607 -1.860008 0.694087 0.003328 -0.001925 -0.033557 0.999429
1755487275.048215 38.439017 -1.861955 0.701148 0.004739 0.003000 -0.044784 0.998981
1755487275.065423 38.442771 -1.862406 0.702503 0.004857 0.003646 -0.045213 0.998959
1755487275.148824 38.532650 -1.866694 0.701445 0.005427 0.010041 -0.052462 0.998558
1755487275.165527 38.532158 -1.866874 0.702493 0.005463 0.010193 -0.052442 0.998557
1755487275.246879 38.619926 -1.874873 0.694213 0.006652 0.014697 -0.053814 0.998421
1755487275.267408 38.627015 -1.876001 0.693848 0.006893 0.015050 -0.053559 0.998427
1755487275.365521 38.728541 -1.893225 0.686410 0.010483 0.014955 -0.051499 0.998506
1755487275.446031 38.807183 -1.910318 0.682848 0.013984 0.007961 -0.046228 0.998801
