# time(s), pre_rot_eig1, pre_rot_eig2, pre_rot_eig3, pre_trans_eig1, pre_trans_eig2, pre_trans_eig3, post_rot_eig1, post_rot_eig2, post_rot_eig3, post_trans_eig1, post_trans_eig2, post_trans_eig3, cam_used[0], cam_used[1], cam_used[2], cam_used[3], level0_avg_total_rows
1646305719.128249645, 0.000000775, 0.000009519, 0.000011645, 0.000012028, 0.000018162, 0.000034974, 0.000000775, 0.000009519, 0.000011645, 0.000012028, 0.000018162, 0.000034974, 0, 1, 0, 0, 0.000000000
1646305719.203246832, 0.000002713, 0.000011454, 0.000013374, 0.000069082, 0.000074824, 0.000095845, 0.000002713, 0.000011454, 0.000013374, 0.000069082, 0.000074824, 0.000095845, 0, 0, 0, 1, 0.000000000
1646305719.228245735, 0.000001158, 0.000002728, 0.000008705, 0.000015037, 0.000019100, 0.000034776, 0.000001158, 0.000002728, 0.000008705, 0.000015037, 0.000019100, 0.000034776, 0, 1, 0, 0, 0.000000000
1646305719.253244877, 0.000000701, 0.000002198, 0.000002608, 0.000011182, 0.000019546, 0.000027629, 0.000000701, 0.000002198, 0.000002608, 0.000011182, 0.000019546, 0.000027629, 0, 0, 1, 0, 0.000000000
1646305719.278243780, 0.000000707, 0.000001666, 0.000002388, 0.000007526, 0.000015629, 0.000023453, 0.000000707, 0.000001666, 0.000002388, 0.000007526, 0.000015629, 0.000023453, 0, 1, 0, 0, 0.000000000
1646305719.303242922, 0.000000840, 0.000002235, 0.000002591, 0.000006908, 0.000008037, 0.000018595, 0.000000233, 0.000000414, 0.000001366, 0.000001409, 0.000002501, 0.000010899, 0, 0, 1, 0, 14.000000000
1646305719.328241825, 0.000000243, 0.000000830, 0.000000955, 0.000001852, 0.000002885, 0.000007489, 0.000000046, 0.000000178, 0.000000630, 0.000000385, 0.000001146, 0.000006192, 0, 1, 0, 0, 0.000000000
1646305719.353240728, 0.000000183, 0.000000564, 0.000001054, 0.000001031, 0.000001688, 0.000006769, 0.000000030, 0.000000117, 0.000000766, 0.000000161, 0.000000810, 0.000005948, 0, 1, 0, 0, 0.000000000
1646305719.378239870, 0.000000439, 0.000000515, 0.000000673, 0.000000813, 0.000001115, 0.000006932, 0.000000115, 0.000000148, 0.000000357, -0.000000191, 0.000000458, 0.000007092, 0, 1, 0, 0, 0.000000000
1646305719.403239012, 0.000000488, 0.000000721, 0.000000932, 0.000000578, 0.000000976, 0.000005563, 0.000000277, 0.000000665, 0.000000903, 0.000000587, 0.000000976, 0.000005530, 0, 0, 0, 1, 1.000000000
1646305719.428238153, 0.000000195, 0.000000527, 0.000001137, 0.000001300, 0.000001588, 0.000004841, 0.000000116, 0.000000494, 0.000001094, 0.000001317, 0.000001593, 0.000004949, 0, 1, 0, 0, 0.000000000
1646305719.453237057, 0.000000144, 0.000000639, 0.000001014, 0.000001898, 0.000002477, 0.000005137, 0.000000097, 0.000000575, 0.000001008, 0.000001901, 0.000002490, 0.000005215, 1, 0, 0, 0, 0.000000000
1646305719.478235960, 0.000000255, 0.000000308, 0.000001067, 0.000002083, 0.000002914, 0.000005361, 0.000000151, 0.000000277, 0.000001012, 0.000002088, 0.000002903, 0.000005302, 0, 1, 0, 0, 0.000000000
1646305719.503235102, 0.000000515, 0.000000968, 0.000001494, 0.000002388, 0.000002704, 0.000004726, 0.000000128, 0.000000350, 0.000000457, 0.000000294, 0.000000395, 0.000000979, 0, 0, 1, 0, 30.000000000
1646305719.528234005, 0.000000113, 0.000000409, 0.000000887, 0.000000430, 0.000000496, 0.000001137, 0.000000032, 0.000000184, 0.000000241, -0.000000000, 0.000000117, 0.000000478, 0, 1, 0, 0, 0.000000000
1646305719.553233147, 0.000000073, 0.000000314, 0.000000574, 0.000000173, 0.000000254, 0.000000694, 0.000000017, 0.000000093, 0.000000260, -0.000000016, 0.000000059, 0.000000292, 0, 1, 0, 0, 0.000000000
1646305719.578232050, 0.000000203, 0.000000221, 0.000000619, 0.000000203, 0.000000275, 0.000000501, 0.000000054, 0.000000110, 0.000000157, 0.000000010, 0.000000047, 0.000000200, 0, 1, 0, 0, 0.000000000
1646305719.603230953, 0.000000438, 0.000000770, 0.000000842, 0.000000251, 0.000000351, 0.000000431, 0.000000079, 0.000000237, 0.000000342, 0.000000138, 0.000000157, 0.000000271, 0, 0, 1, 0, 51.000000000
1646305719.628230095, 0.000000087, 0.000000294, 0.000000769, 0.000000321, 0.000000343, 0.000000521, 0.000000014, 0.000000115, 0.000000263, 0.000000131, 0.000000208, 0.000000333, 0, 1, 0, 0, 0.000000000
1646305719.653228998, 0.000000062, 0.000000343, 0.000000597, 0.000000160, 0.000000322, 0.000000581, 0.000000012, 0.000000152, 0.000000225, 0.000000065, 0.000000206, 0.000000377, 0, 1, 0, 0, 0.000000000
1646305719.678228140, 0.000000204, 0.000000229, 0.000000689, -0.000000010, 0.000000248, 0.000000595, 0.000000039, 0.000000103, 0.000000226, 0.000000001, 0.000000158, 0.000000381, 0, 1, 0, 0, 0.000000000
1646305719.703227043, 0.000000402, 0.000000754, 0.000000866, -0.000000061, 0.000000152, 0.000000539, 0.000000074, 0.000000257, 0.000000349, -0.000000082, 0.000000119, 0.000000358, 0, 0, 1, 0, 57.000000000
1646305719.728226185, 0.000000047, 0.000000145, 0.000000753, -0.000000110, 0.000000178, 0.000000513, 0.000000011, 0.000000051, 0.000000196, -0.000000147, 0.000000144, 0.000000349, 0, 1, 0, 0, 0.000000000
1646305719.753225327, 0.000000050, 0.000000137, 0.000000361, -0.000000046, 0.000000385, 0.000000589, 0.000000045, 0.000000130, 0.000000269, -0.000000031, 0.000000285, 0.000000418, 0, 0, 0, 1, 23.000000000
1646305719.778224230, 0.000000158, 0.000000182, 0.000000689, 0.000000315, 0.000000581, 0.000000670, 0.000000119, 0.000000159, 0.000000640, 0.000000336, 0.000000388, 0.000000506, 0, 1, 0, 0, 0.000000000
1646305719.803223133, 0.000000413, 0.000000750, 0.000001222, 0.000000631, 0.000000753, 0.000000964, 0.000000075, 0.000000285, 0.000000405, 0.000000220, 0.000000263, 0.000000441, 0, 0, 1, 0, 66.000000000
1646305719.828222275, 0.000000033, 0.000000053, 0.000000717, 0.000000378, 0.000000402, 0.000000648, 0.000000008, 0.000000019, 0.000000225, 0.000000092, 0.000000156, 0.000000471, 0, 1, 0, 0, 0.000000000
1646305719.853221178, 0.000000045, 0.000000083, 0.000000235, 0.000000179, 0.000000279, 0.000000687, 0.000000038, 0.000000079, 0.000000204, 0.000000154, 0.000000206, 0.000000455, 1, 0, 0, 0, 15.000000000
1646305719.878220320, 0.000000119, 0.000000161, 0.000000612, 0.000000319, 0.000000402, 0.000000711, 0.000000107, 0.000000153, 0.000000600, 0.000000252, 0.000000288, 0.000000575, 0, 1, 0, 0, 0.000000000
1646305719.903219223, 0.000000404, 0.000000719, 0.000001167, 0.000000454, 0.000000532, 0.000000886, 0.000000094, 0.000000203, 0.000000403, 0.000000237, 0.000000258, 0.000000562, 0, 0, 1, 0, 59.000000000
1646305719.928218365, 0.000000030, 0.000000046, 0.000000679, 0.000000389, 0.000000427, 0.000000707, 0.000000007, 0.000000018, 0.000000182, 0.000000174, 0.000000203, 0.000000569, 0, 1, 0, 0, 0.000000000
1646305719.953217268, 0.000000043, 0.000000062, 0.000000217, 0.000000317, 0.000000355, 0.000000778, 0.000000035, 0.000000059, 0.000000163, 0.000000218, 0.000000239, 0.000000552, 1, 0, 0, 0, 25.000000000
1646305719.978216410, 0.000000089, 0.000000117, 0.000000531, 0.000000411, 0.000000439, 0.000000800, 0.000000073, 0.000000112, 0.000000515, 0.000000263, 0.000000281, 0.000000724, 0, 1, 0, 0, 0.000000000
1646305720.003215313, 0.000000373, 0.000000545, 0.000001061, 0.000000471, 0.000000488, 0.000001040, 0.000000101, 0.000000184, 0.000000314, 0.000000306, 0.000000379, 0.000000642, 0, 0, 1, 0, 45.000000000
1646305720.028214455, 0.000000033, 0.000000050, 0.000000596, 0.000000499, 0.000000585, 0.000000763, 0.000000005, 0.000000022, 0.000000128, 0.000000326, 0.000000337, 0.000000657, 0, 1, 0, 0, 0.000000000
1646305720.053213358, 0.000000041, 0.000000055, 0.000000206, 0.000000504, 0.000000553, 0.000000851, 0.000000038, 0.000000054, 0.000000170, 0.000000399, 0.000000458, 0.000000731, 1, 0, 0, 0, 22.000000000
1646305720.078212500, 0.000000064, 0.000000075, 0.000000394, 0.000000654, 0.000000714, 0.000000968, 0.000000058, 0.000000074, 0.000000389, 0.000000512, 0.000000596, 0.000000892, 0, 1, 0, 0, 0.000000000
1646305720.103211403, 0.000000354, 0.000000508, 0.000000944, 0.000000778, 0.000000874, 0.000001174, 0.000000104, 0.000000245, 0.000000436, 0.000000471, 0.000000580, 0.000000901, 0, 0, 1, 0, 43.000000000
1646305720.128210545, 0.000000042, 0.000000075, 0.000000683, 0.000000649, 0.000000759, 0.000001015, 0.000000011, 0.000000050, 0.000000225, 0.000000416, 0.000000432, 0.000000915, 0, 1, 0, 0, 0.000000000
1646305720.153209448, 0.000000035, 0.000000046, 0.000000186, 0.000000555, 0.000000628, 0.000000971, 0.000000032, 0.000000045, 0.000000162, 0.000000473, 0.000000575, 0.000000846, 1, 0, 0, 0, 19.000000000
1646305720.178208590, 0.000000065, 0.000000077, 0.000000364, 0.000000714, 0.000000822, 0.000001079, 0.000000063, 0.000000073, 0.000000362, 0.000000621, 0.000000755, 0.000000983, 0, 1, 0, 0, 0.000000000
1646305720.203207493, 0.000000330, 0.000000513, 0.000000908, 0.000000855, 0.000001053, 0.000001286, 0.000000283, 0.000000492, 0.000000853, 0.000000812, 0.000001016, 0.000001179, 0, 0, 0, 1, 9.000000000
1646305720.228206635, 0.000000035, 0.000000053, 0.000000782, 0.000000863, 0.000001083, 0.000001379, 0.000000034, 0.000000050, 0.000000745, 0.000000836, 0.000001053, 0.000001279, 0, 1, 0, 0, 0.000000000
1646305720.253205538, 0.000000025, 0.000000040, 0.000000158, 0.000000655, 0.000001203, 0.000001524, 0.000000025, 0.000000039, 0.000000158, 0.000000641, 0.000001174, 0.000001419, 0, 0, 0, 1, 10.000000000
1646305720.278204441, 0.000000046, 0.000000059, 0.000000309, 0.000000821, 0.000001243, 0.000001575, 0.000000045, 0.000000059, 0.000000307, 0.000000802, 0.000001209, 0.000001452, 0, 1, 0, 0, 0.000000000
1646305720.303203583, 0.000000310, 0.000000429, 0.000000852, 0.000000961, 0.000001388, 0.000001884, 0.000000095, 0.000000223, 0.000000373, 0.000000788, 0.000001050, 0.000001247, 0, 0, 1, 0, 40.000000000
1646305720.328202486, 0.000000037, 0.000000068, 0.000000583, 0.000000776, 0.000001043, 0.000001387, 0.000000010, 0.000000048, 0.000000178, 0.000000632, 0.000000746, 0.000001062, 0, 1, 0, 0, 0.000000000
1646305720.353201628, 0.000000023, 0.000000034, 0.000000141, 0.000000586, 0.000000844, 0.000001099, 0.000000020, 0.000000031, 0.000000130, 0.000000515, 0.000000695, 0.000000921, 0, 0, 1, 0, 41.000000000
1646305720.378200531, 0.000000032, 0.000000040, 0.000000273, 0.000000699, 0.000000841, 0.000001114, 0.000000030, 0.000000037, 0.000000256, 0.000000596, 0.000000735, 0.000000966, 0, 1, 0, 0, 0.000000000
1646305720.403199434, 0.000000267, 0.000000505, 0.000000809, 0.000000815, 0.000000959, 0.000001290, 0.000000168, 0.000000262, 0.000000702, 0.000000690, 0.000000804, 0.000001047, 1, 0, 0, 1, 28.000000000
1646305720.453197718, 0.000000017, 0.000000030, 0.000000054, 0.000000587, 0.000000814, 0.000001354, 0.000000016, 0.000000028, 0.000000049, 0.000000531, 0.000000672, 0.000001003, 0, 0, 1, 0, 39.000000000
1646305720.478196859, 0.000000018, 0.000000025, 0.000000215, 0.000000669, 0.000000790, 0.000001255, 0.000000018, 0.000000026, 0.000000198, 0.000000586, 0.000000676, 0.000000967, 0, 1, 0, 0, 0.000000000
1646305720.503195763, 0.000000186, 0.000000438, 0.000000755, 0.000000779, 0.000000875, 0.000001332, 0.000000177, 0.000000423, 0.000000736, 0.000000754, 0.000000840, 0.000001252, 0, 1, 0, 1, 12.000000000
1646305720.553193808, 0.000000015, 0.000000035, 0.000000057, 0.000000590, 0.000000780, 0.000001632, 0.000000015, 0.000000031, 0.000000053, 0.000000540, 0.000000642, 0.000001028, 0, 0, 1, 0, 38.000000000
1646305720.578192711, 0.000000013, 0.000000022, 0.000000191, 0.000000641, 0.000000783, 0.000001264, 0.000000013, 0.000000023, 0.000000177, 0.000000523, 0.000000681, 0.000000882, 0, 1, 0, 0, 0.000000000
1646305720.603191853, 0.000000189, 0.000000419, 0.000000746, 0.000000728, 0.000000875, 0.000001191, 0.000000079, 0.000000212, 0.000000309, 0.000000594, 0.000000743, 0.000000991, 0, 0, 1, 0, 44.000000000
1646305720.628190756, 0.000000034, 0.000000055, 0.000000592, 0.000000644, 0.000000871, 0.000001171, 0.000000012, 0.000000038, 0.000000182, 0.000000567, 0.000000705, 0.000000997, 0, 1, 0, 0, 0.000000000
1646305720.653189659, 0.000000027, 0.000000062, 0.000000219, 0.000000648, 0.000000791, 0.000001182, 0.000000025, 0.000000060, 0.000000176, 0.000000578, 0.000000771, 0.000001042, 1, 0, 0, 0, 13.000000000
1646305720.678188801, 0.000000012, 0.000000018, 0.000000174, 0.000000739, 0.000000840, 0.000001312, 0.000000012, 0.000000018, 0.000000171, 0.000000694, 0.000000811, 0.000001172, 0, 1, 0, 0, 0.000000000
1646305720.703187943, 0.000000176, 0.000000355, 0.000000850, 0.000000858, 0.000001047, 0.000001650, 0.000000169, 0.000000343, 0.000000806, 0.000000826, 0.000001024, 0.000001535, 0, 0, 0, 1, 11.000000000
1646305720.728186846, 0.000000020, 0.000000045, 0.000000669, 0.000000717, 0.000000945, 0.000001811, 0.000000020, 0.000000045, 0.000000647, 0.000000703, 0.000000916, 0.000001708, 0, 1, 0, 0, 0.000000000
1646305720.753185749, 0.000000017, 0.000000040, 0.000000179, 0.000000548, 0.000000965, 0.000001789, 0.000000016, 0.000000039, 0.000000165, 0.000000539, 0.000000895, 0.000001456, 0, 0, 1, 0, 35.000000000
1646305720.778184891, 0.000000011, 0.000000018, 0.000000167, 0.000000684, 0.000000915, 0.000001644, 0.000000012, 0.000000018, 0.000000161, 0.000000664, 0.000000858, 0.000001368, 0, 1, 0, 0, 0.000000000
1646305720.803184032, 0.000000174, 0.000000282, 0.000000827, 0.000000853, 0.000001075, 0.000001862, 0.000000095, 0.000000168, 0.000000201, 0.000000760, 0.000000982, 0.000001543, 0, 0, 1, 0, 40.000000000
1646305720.828182936, 0.000000027, 0.000000050, 0.000000602, 0.000000703, 0.000000996, 0.000001718, 0.000000009, 0.000000033, 0.000000185, 0.000000662, 0.000000921, 0.000001426, 0, 1, 0, 0, 0.000000000
1646305720.853181839, 0.000000026, 0.000000065, 0.000000222, 0.000000692, 0.000000894, 0.000001594, 0.000000008, 0.000000023, 0.000000161, 0.000000668, 0.000000815, 0.000001332, 0, 1, 0, 0, 0.000000000
1646305720.878180981, 0.000000009, 0.000000015, 0.000000143, 0.000000773, 0.000000896, 0.000001510, 0.000000005, 0.000000015, 0.000000048, 0.000000702, 0.000000847, 0.000001269, 0, 1, 0, 0, 0.000000000
1646305720.903179884, 0.000000128, 0.000000238, 0.000000720, 0.000000898, 0.000001035, 0.000001742, 0.000000127, 0.000000231, 0.000000701, 0.000000874, 0.000000997, 0.000001641, 0, 0, 0, 1, 12.000000000
1646305720.928179026, 0.000000020, 0.000000040, 0.000000540, 0.000000707, 0.000000983, 0.000001831, 0.000000021, 0.000000040, 0.000000531, 0.000000692, 0.000000948, 0.000001738, 0, 1, 0, 0, 0.000000000
1646305720.953177929, 0.000000017, 0.000000046, 0.000000175, 0.000000562, 0.000000941, 0.000001795, 0.000000016, 0.000000043, 0.000000158, 0.000000542, 0.000000849, 0.000001354, 0, 0, 1, 0, 41.000000000
1646305720.978177071, 0.000000010, 0.000000015, 0.000000139, 0.000000680, 0.000000883, 0.000001523, 0.000000010, 0.000000016, 0.000000130, 0.000000634, 0.000000822, 0.000001185, 0, 1, 0, 0, 0.000000000
1646305721.003175974, 0.000000126, 0.000000261, 0.000000771, 0.000000824, 0.000001025, 0.000001633, 0.000000125, 0.000000251, 0.000000752, 0.000000792, 0.000000995, 0.000001531, 0, 0, 0, 1, 15.000000000
1646305721.028175116, 0.000000019, 0.000000040, 0.000000606, 0.000000690, 0.000000950, 0.000001740, 0.000000020, 0.000000040, 0.000000595, 0.000000670, 0.000000918, 0.000001645, 0, 1, 0, 0, 0.000000000
1646305721.053177595, 0.000000016, 0.000000043, 0.000000174, 0.000000543, 0.000000929, 0.000001720, 0.000000015, 0.000000041, 0.000000143, 0.000000483, 0.000000903, 0.000001233, 1, 0, 0, 0, 16.000000000
1646305721.078176737, 0.000000012, 0.000000017, 0.000000156, 0.000000640, 0.000000919, 0.000001436, 0.000000013, 0.000000017, 0.000000154, 0.000000587, 0.000000877, 0.000001128, 0, 1, 0, 0, 0.000000000
1646305721.103175640, 0.000000102, 0.000000242, 0.000000774, 0.000000768, 0.000001093, 0.000001553, 0.000000091, 0.000000140, 0.000000421, 0.000000698, 0.000000904, 0.000001191, 0, 0, 1, 0, 35.000000000
1646305721.128174543, 0.000000018, 0.000000037, 0.000000538, 0.000000656, 0.000000884, 0.000001363, 0.000000009, 0.000000031, 0.000000284, 0.000000588, 0.000000775, 0.000001039, 0, 1, 0, 0, 0.000000000
1646305721.153173685, 0.000000015, 0.000000041, 0.000000157, 0.000000524, 0.000000785, 0.000001215, 0.000000014, 0.000000039, 0.000000133, 0.000000463, 0.000000744, 0.000000953, 1, 0, 0, 0, 18.000000000
1646305721.178172827, 0.000000011, 0.000000015, 0.000000137, 0.000000622, 0.000000820, 0.000001181, 0.000000011, 0.000000015, 0.000000136, 0.000000568, 0.000000773, 0.000000978, 0, 1, 0, 0, 0.000000000
1646305721.203171968, 0.000000075, 0.000000232, 0.000000749, 0.000000750, 0.000001008, 0.000001384, 0.000000068, 0.000000117, 0.000000341, 0.000000667, 0.000000829, 0.000001080, 0, 0, 1, 0, 36.000000000
1646305721.228170872, 0.000000017, 0.000000037, 0.000000507, 0.000000635, 0.000000851, 0.000001269, 0.000000007, 0.000000030, 0.000000229, 0.000000560, 0.000000744, 0.000000982, 0, 1, 0, 0, 0.000000000
1646305721.253170013, 0.000000014, 0.000000039, 0.000000160, 0.000000512, 0.000000755, 0.000001164, 0.000000013, 0.000000037, 0.000000134, 0.000000451, 0.000000713, 0.000000916, 1, 0, 0, 0, 18.000000000
1646305721.278168917, 0.000000011, 0.000000015, 0.000000135, 0.000000610, 0.000000800, 0.000001144, 0.000000011, 0.000000015, 0.000000134, 0.000000555, 0.000000754, 0.000000949, 0, 1, 0, 0, 0.000000000
1646305721.303168058, 0.000000063, 0.000000222, 0.000000736, 0.000000730, 0.000000986, 0.000001338, 0.000000059, 0.000000130, 0.000000384, 0.000000656, 0.000000812, 0.000001052, 0, 0, 1, 0, 35.000000000
1646305721.328167200, 0.000000016, 0.000000034, 0.000000449, 0.000000629, 0.000000830, 0.000001233, 0.000000008, 0.000000029, 0.000000235, 0.000000556, 0.000000731, 0.000000954, 0, 1, 0, 0, 0.000000000
1646305721.353166103, 0.000000013, 0.000000039, 0.000000143, 0.000000498, 0.000000742, 0.000001132, 0.000000012, 0.000000036, 0.000000130, 0.000000470, 0.000000655, 0.000000937, 0, 0, 1, 0, 42.000000000
1646305721.378165245, 0.000000009, 0.000000012, 0.000000120, 0.000000614, 0.000000747, 0.000001152, 0.000000009, 0.000000013, 0.000000113, 0.000000568, 0.000000686, 0.000000960, 0, 1, 0, 0, 0.000000000
1646305721.403164148, 0.000000049, 0.000000177, 0.000000708, 0.000000754, 0.000000899, 0.000001351, 0.000000046, 0.000000082, 0.000000191, 0.000000628, 0.000000774, 0.000001050, 0, 0, 1, 0, 47.000000000
1646305721.428163290, 0.000000023, 0.000000038, 0.000000448, 0.000000628, 0.000000849, 0.000001231, 0.000000009, 0.000000030, 0.000000149, 0.000000546, 0.000000714, 0.000000981, 0, 1, 0, 0, 0.000000000
1646305721.453162432, 0.000000020, 0.000000060, 0.000000202, 0.000000603, 0.000000738, 0.000001144, 0.000000010, 0.000000026, 0.000000153, 0.000000530, 0.000000620, 0.000000919, 0, 1, 0, 0, 0.000000000
1646305721.478161335, 0.000000008, 0.000000011, 0.000000106, 0.000000667, 0.000000731, 0.000001099, 0.000000005, 0.000000013, 0.000000036, 0.000000549, 0.000000630, 0.000000906, 0, 1, 0, 0, 0.000000000
1646305721.503160477, 0.000000048, 0.000000216, 0.000000641, 0.000000758, 0.000000848, 0.000001206, 0.000000044, 0.000000080, 0.000000184, 0.000000632, 0.000000742, 0.000001036, 0, 0, 1, 0, 47.000000000
1646305721.528159618, 0.000000023, 0.000000037, 0.000000471, 0.000000630, 0.000000842, 0.000001200, 0.000000008, 0.000000028, 0.000000159, 0.000000561, 0.000000721, 0.000001027, 0, 1, 0, 0, 0.000000000
1646305721.553158522, 0.000000022, 0.000000066, 0.000000204, 0.000000634, 0.000000754, 0.000001200, 0.000000021, 0.000000059, 0.000000174, 0.000000536, 0.000000644, 0.000000968, 0, 0, 1, 0, 44.000000000
1646305721.578157663, 0.000000004, 0.000000009, 0.000000078, 0.000000648, 0.000000711, 0.000001130, 0.000000004, 0.000000011, 0.000000064, 0.000000552, 0.000000627, 0.000000926, 0, 1, 0, 0, 0.000000000
1646305721.603156567, 0.000000049, 0.000000218, 0.000000662, 0.000000763, 0.000000841, 0.000001250, 0.000000047, 0.000000109, 0.000000287, 0.000000620, 0.000000704, 0.000001034, 0, 0, 1, 0, 43.000000000
1646305721.628155708, 0.000000021, 0.000000036, 0.000000532, 0.000000612, 0.000000815, 0.000001171, 0.000000011, 0.000000029, 0.000000237, 0.000000521, 0.000000669, 0.000000977, 0, 1, 0, 0, 0.000000000
1646305721.653154850, 0.000000021, 0.000000065, 0.000000221, 0.000000611, 0.000000711, 0.000001136, 0.000000019, 0.000000058, 0.000000193, 0.000000526, 0.000000616, 0.000000951, 0, 0, 1, 0, 44.000000000
1646305721.678153992, 0.000000004, 0.000000009, 0.000000072, 0.000000635, 0.000000701, 0.000001110, 0.000000004, 0.000000010, 0.000000061, 0.000000550, 0.000000633, 0.000000931, 0, 1, 0, 0, 0.000000000
1646305721.703152895, 0.000000045, 0.000000224, 0.000000656, 0.000000764, 0.000000866, 0.000001258, 0.000000043, 0.000000112, 0.000000291, 0.000000638, 0.000000745, 0.000001052, 0, 0, 1, 0, 43.000000000
1646305721.728152037, 0.000000020, 0.000000036, 0.000000499, 0.000000625, 0.000000836, 0.000001202, 0.000000010, 0.000000030, 0.000000229, 0.000000546, 0.000000717, 0.000001002, 0, 1, 0, 0, 0.000000000
1646305721.753150940, 0.000000019, 0.000000069, 0.000000224, 0.000000621, 0.000000732, 0.000001183, 0.000000018, 0.000000060, 0.000000182, 0.000000504, 0.000000702, 0.000000870, 1, 1, 0, 0, 16.000000000
1646305721.803149223, 0.000000006, 0.000000010, 0.000000076, 0.000000701, 0.000000925, 0.000001422, 0.000000006, 0.000000009, 0.000000067, 0.000000655, 0.000000831, 0.000001100, 0, 0, 1, 0, 39.000000000
1646305721.828148127, 0.000000013, 0.000000031, 0.000000434, 0.000000593, 0.000000829, 0.000001295, 0.000000013, 0.000000029, 0.000000414, 0.000000559, 0.000000750, 0.000001040, 1, 0, 0, 0, 13.000000000
1646305721.853147030, 0.000000012, 0.000000051, 0.000000183, 0.000000515, 0.000000784, 0.000001226, 0.000000012, 0.000000049, 0.000000159, 0.000000477, 0.000000773, 0.000001041, 1, 0, 0, 0, 15.000000000
1646305721.878146172, 0.000000008, 0.000000011, 0.000000106, 0.000000610, 0.000000816, 0.000001241, 0.000000008, 0.000000012, 0.000000105, 0.000000578, 0.000000803, 0.000001093, 0, 1, 0, 0, 0.000000000
1646305721.903145313, 0.000000036, 0.000000189, 0.000000683, 0.000000764, 0.000001089, 0.000001507, 0.000000036, 0.000000159, 0.000000519, 0.000000740, 0.000001018, 0.000001331, 0, 0, 1, 0, 27.000000000
1646305721.928144455, 0.000000014, 0.000000031, 0.000000530, 0.000000667, 0.000000898, 0.000001513, 0.000000012, 0.000000028, 0.000000402, 0.000000648, 0.000000852, 0.000001321, 0, 1, 0, 0, 0.000000000
1646305721.953143358, 0.000000011, 0.000000053, 0.000000185, 0.000000560, 0.000000835, 0.000001456, 0.000000011, 0.000000051, 0.000000179, 0.000000547, 0.000000789, 0.000001272, 0, 0, 1, 0, 28.000000000
1646305721.978142500, 0.000000008, 0.000000011, 0.000000103, 0.000000668, 0.000000822, 0.000001415, 0.000000008, 0.000000012, 0.000000100, 0.000000651, 0.000000784, 0.000001246, 0, 1, 0, 0, 0.000000000
1646305722.003141642, 0.000000032, 0.000000162, 0.000000785, 0.000000838, 0.000001063, 0.000001655, 0.000000030, 0.000000096, 0.000000334, 0.000000767, 0.000000934, 0.000001331, 0, 0, 1, 0, 37.000000000
1646305722.028140545, 0.000000014, 0.000000032, 0.000000534, 0.000000665, 0.000000901, 0.000001460, 0.000000007, 0.000000024, 0.000000234, 0.000000607, 0.000000821, 0.000001157, 0, 1, 0, 0, 0.000000000
1646305722.053139687, 0.000000010, 0.000000055, 0.000000196, 0.000000574, 0.000000776, 0.000001318, 0.000000010, 0.000000051, 0.000000176, 0.000000521, 0.000000682, 0.000001052, 0, 0, 1, 0, 41.000000000
1646305722.078138590, 0.000000006, 0.000000010, 0.000000087, 0.000000646, 0.000000757, 0.000001215, 0.000000006, 0.000000011, 0.000000079, 0.000000581, 0.000000694, 0.000000981, 0, 1, 0, 0, 0.000000000
1646305722.103137732, 0.000000031, 0.000000173, 0.000000754, 0.000000801, 0.000000974, 0.000001360, 0.000000029, 0.000000097, 0.000000231, 0.000000656, 0.000000817, 0.000001078, 0, 0, 1, 0, 43.000000000
1646305722.128136635, 0.000000019, 0.000000033, 0.000000474, 0.000000655, 0.000000872, 0.000001222, 0.000000009, 0.000000024, 0.000000182, 0.000000555, 0.000000720, 0.000000976, 0, 1, 0, 0, 0.000000000
1646305722.153135777, 0.000000014, 0.000000064, 0.000000217, 0.000000602, 0.000000740, 0.000001149, 0.000000009, 0.000000030, 0.000000164, 0.000000520, 0.000000599, 0.000000928, 0, 1, 0, 0, 0.000000000
1646305722.178134918, 0.000000006, 0.000000009, 0.000000093, 0.000000653, 0.000000725, 0.000001094, 0.000000004, 0.000000011, 0.000000037, 0.000000526, 0.000000613, 0.000000898, 0, 1, 0, 0, 0.000000000
1646305722.203133821, 0.000000029, 0.000000173, 0.000000704, 0.000000777, 0.000000876, 0.000001225, 0.000000028, 0.000000082, 0.000000280, 0.000000635, 0.000000757, 0.000001048, 0, 0, 1, 0, 45.000000000
1646305722.228132963, 0.000000020, 0.000000034, 0.000000497, 0.000000656, 0.000000859, 0.000001179, 0.000000010, 0.000000026, 0.000000207, 0.000000570, 0.000000716, 0.000001002, 0, 1, 0, 0, 0.000000000
1646305722.253132105, 0.000000017, 0.000000070, 0.000000239, 0.000000633, 0.000000760, 0.000001175, 0.000000016, 0.000000063, 0.000000221, 0.000000540, 0.000000726, 0.000000922, 1, 0, 0, 0, 11.000000000
1646305722.278131008, 0.000000006, 0.000000009, 0.000000081, 0.000000658, 0.000000798, 0.000001122, 0.000000006, 0.000000010, 0.000000080, 0.000000578, 0.000000761, 0.000000922, 0, 1, 0, 0, 0.000000000
1646305722.303130150, 0.000000028, 0.000000156, 0.000000725, 0.000000781, 0.000001063, 0.000001328, 0.000000027, 0.000000098, 0.000000235, 0.000000713, 0.000000911, 0.000001096, 0, 0, 1, 0, 41.000000000
1646305722.328129053, 0.000000016, 0.000000032, 0.000000402, 0.000000669, 0.000000890, 0.000001293, 0.000000009, 0.000000023, 0.000000170, 0.000000609, 0.000000799, 0.000001048, 0, 1, 0, 0, 0.000000000
1646305722.353128195, 0.000000013, 0.000000064, 0.000000201, 0.000000614, 0.000000791, 0.000001261, 0.000000013, 0.000000063, 0.000000198, 0.000000602, 0.000000776, 0.000001207, 0, 0, 0, 1, 15.000000000
1646305722.378127337, 0.000000006, 0.000000009, 0.000000081, 0.000000704, 0.000000818, 0.000001370, 0.000000006, 0.000000009, 0.000000080, 0.000000697, 0.000000791, 0.000001307, 0, 1, 0, 0, 0.000000000
1646305722.403126240, 0.000000031, 0.000000156, 0.000000713, 0.000000907, 0.000001059, 0.000001792, 0.000000030, 0.000000097, 0.000000295, 0.000000836, 0.000000935, 0.000001409, 0, 0, 1, 0, 38.000000000
1646305722.428125381, 0.000000017, 0.000000032, 0.000000479, 0.000000711, 0.000000934, 0.000001566, 0.000000010, 0.000000024, 0.000000225, 0.000000654, 0.000000853, 0.000001234, 0, 1, 0, 0, 0.000000000
1646305722.453124523, 0.000000013, 0.000000067, 0.000000210, 0.000000647, 0.000000817, 0.000001388, 0.000000013, 0.000000059, 0.000000184, 0.000000564, 0.000000794, 0.000001071, 1, 0, 0, 0, 14.000000000
1646305722.478123426, 0.000000006, 0.000000009, 0.000000088, 0.000000672, 0.000000828, 0.000001248, 0.000000006, 0.000000010, 0.000000085, 0.000000599, 0.000000810, 0.000001017, 0, 1, 0, 0, 0.000000000
1646305722.503122568, 0.000000031, 0.000000160, 0.000000706, 0.000000795, 0.000001068, 0.000001407, 0.000000030, 0.000000116, 0.000000449, 0.000000738, 0.000000935, 0.000001145, 0, 0, 1, 0, 33.000000000
1646305722.528121471, 0.000000013, 0.000000028, 0.000000480, 0.000000702, 0.000000927, 0.000001357, 0.000000009, 0.000000023, 0.000000305, 0.000000653, 0.000000830, 0.000001098, 0, 1, 0, 0, 0.000000000
1646305722.553120613, 0.000000009, 0.000000057, 0.000000168, 0.000000594, 0.000000815, 0.000001269, 0.000000009, 0.000000052, 0.000000152, 0.000000541, 0.000000729, 0.000001065, 0, 0, 1, 0, 40.000000000
1646305722.578119516, 0.000000005, 0.000000009, 0.000000075, 0.000000656, 0.000000772, 0.000001214, 0.000000005, 0.000000010, 0.000000068, 0.000000598, 0.000000718, 0.000001023, 0, 1, 0, 0, 0.000000000
1646305722.603118658, 0.000000028, 0.000000156, 0.000000682, 0.000000801, 0.000000945, 0.000001387, 0.000000027, 0.000000096, 0.000000326, 0.000000702, 0.000000847, 0.000001171, 0, 0, 1, 0, 41.000000000
1646305722.628117800, 0.000000016, 0.000000033, 0.000000454, 0.000000716, 0.000000919, 0.000001344, 0.000000010, 0.000000027, 0.000000229, 0.000000653, 0.000000825, 0.000001127, 0, 1, 0, 0, 0.000000000
1646305722.653116941, 0.000000012, 0.000000065, 0.000000187, 0.000000623, 0.000000829, 0.000001297, 0.000000012, 0.000000058, 0.000000157, 0.000000537, 0.000000800, 0.000001036, 1, 0, 0, 0, 14.000000000
1646305722.678115845, 0.000000006, 0.000000009, 0.000000071, 0.000000654, 0.000000822, 0.000001205, 0.000000006, 0.000000009, 0.000000069, 0.000000589, 0.000000793, 0.000001002, 0, 1, 0, 0, 0.000000000
1646305722.703114986, 0.000000031, 0.000000209, 0.000000676, 0.000000772, 0.000001054, 0.000001385, 0.000000017, 0.000000204, 0.000000648, 0.000000703, 0.000000999, 0.000001181, 0, 1, 0, 0, 0.000000000
1646305722.728114128, 0.000000012, 0.000000027, 0.000000475, 0.000000696, 0.000000914, 0.000001367, 0.000000009, 0.000000023, 0.000000464, 0.000000613, 0.000000871, 0.000001109, 0, 1, 0, 0, 0.000000000
1646305722.753113031, 0.000000008, 0.000000057, 0.000000186, 0.000000551, 0.000000916, 0.000001252, 0.000000008, 0.000000054, 0.000000173, 0.000000519, 0.000000800, 0.000001019, 0, 0, 1, 0, 35.000000000
1646305722.778112173, 0.000000006, 0.000000009, 0.000000076, 0.000000645, 0.000000818, 0.000001182, 0.000000006, 0.000000010, 0.000000070, 0.000000602, 0.000000735, 0.000000979, 0, 1, 0, 0, 0.000000000
1646305722.803111076, 0.000000030, 0.000000214, 0.000000671, 0.000000797, 0.000000972, 0.000001339, 0.000000029, 0.000000112, 0.000000331, 0.000000697, 0.000000861, 0.000001125, 0, 0, 1, 0, 41.000000000
1646305722.828110218, 0.000000016, 0.000000030, 0.000000419, 0.000000718, 0.000000913, 0.000001288, 0.000000009, 0.000000025, 0.000000213, 0.000000650, 0.000000822, 0.000001074, 0, 1, 0, 0, 0.000000000
1646305722.853109121, 0.000000011, 0.000000062, 0.000000189, 0.000000619, 0.000000820, 0.000001243, 0.000000011, 0.000000057, 0.000000167, 0.000000551, 0.000000791, 0.000001030, 1, 0, 0, 0, 13.000000000
1646305722.878108263, 0.000000006, 0.000000009, 0.000000075, 0.000000662, 0.000000823, 0.000001195, 0.000000006, 0.000000009, 0.000000073, 0.000000605, 0.000000797, 0.000001022, 0, 1, 0, 0, 0.000000000
1646305722.903107405, 0.000000030, 0.000000187, 0.000000666, 0.000000768, 0.000001048, 0.000001404, 0.000000021, 0.000000185, 0.000000648, 0.000000704, 0.000001006, 0.000001221, 0, 1, 0, 0, 0.000000000
1646305722.928106546, 0.000000012, 0.000000028, 0.000000499, 0.000000699, 0.000000933, 0.000001413, 0.000000010, 0.000000024, 0.000000491, 0.000000624, 0.000000901, 0.000001190, 0, 1, 0, 0, 0.000000000
1646305722.953105450, 0.000000007, 0.000000053, 0.000000167, 0.000000543, 0.000000927, 0.000001296, 0.000000007, 0.000000049, 0.000000145, 0.000000482, 0.000000897, 0.000001075, 0, 1, 0, 0, 0.000000000
1646305722.978104591, 0.000000006, 0.000000009, 0.000000072, 0.000000605, 0.000000866, 0.000001241, 0.000000006, 0.000000009, 0.000000071, 0.000000550, 0.000000837, 0.000001070, 0, 1, 0, 0, 0.000000000
1646305723.003103495, 0.000000029, 0.000000192, 0.000000655, 0.000000722, 0.000001087, 0.000001443, 0.000000028, 0.000000106, 0.000000357, 0.000000654, 0.000000881, 0.000001089, 0, 0, 1, 0, 38.000000000
1646305723.028102636, 0.000000019, 0.000000030, 0.000000541, 0.000000721, 0.000000921, 0.000001247, 0.000000012, 0.000000021, 0.000000296, 0.000000638, 0.000000772, 0.000000977, 0, 1, 0, 0, 0.000000000
1646305723.053101540, 0.000000007, 0.000000051, 0.000000166, 0.000000552, 0.000000805, 0.000001113, 0.000000007, 0.000000046, 0.000000149, 0.000000486, 0.000000670, 0.000000942, 0, 0, 1, 0, 42.000000000
1646305723.078100681, 0.000000005, 0.000000008, 0.000000072, 0.000000618, 0.000000735, 0.000001070, 0.000000005, 0.000000009, 0.000000065, 0.000000536, 0.000000655, 0.000000903, 0, 1, 0, 0, 0.000000000
1646305723.103099823, 0.000000067, 0.000000259, 0.000000652, 0.000000782, 0.000000906, 0.000001253, 0.000000063, 0.000000123, 0.000000278, 0.000000658, 0.000000808, 0.000001093, 0, 0, 1, 0, 43.000000000
1646305723.128098726, 0.000000020, 0.000000034, 0.000000431, 0.000000759, 0.000000951, 0.000001251, 0.000000012, 0.000000024, 0.000000189, 0.000000674, 0.000000826, 0.000001096, 0, 1, 0, 0, 0.000000000
1646305723.153097868, 0.000000010, 0.000000061, 0.000000189, 0.000000626, 0.000000844, 0.000001224, 0.000000010, 0.000000056, 0.000000167, 0.000000550, 0.000000731, 0.000001048, 0, 0, 1, 0, 42.000000000
1646305723.178097010, 0.000000004, 0.000000008, 0.000000061, 0.000000663, 0.000000763, 0.000001160, 0.000000004, 0.000000009, 0.000000054, 0.000000593, 0.000000694, 0.000000980, 0, 1, 0, 0, 0.000000000
1646305723.203096151, 0.000000028, 0.000000195, 0.000000640, 0.000000815, 0.000000919, 0.000001337, 0.000000027, 0.000000102, 0.000000236, 0.000000697, 0.000000793, 0.000001131, 0, 0, 1, 0, 45.000000000
1646305723.228095055, 0.000000016, 0.000000030, 0.000000414, 0.000000729, 0.000000907, 0.000001296, 0.000000008, 0.000000023, 0.000000177, 0.000000654, 0.000000778, 0.000001090, 0, 1, 0, 0, 0.000000000
1646305723.253093958, 0.000000010, 0.000000062, 0.000000172, 0.000000602, 0.000000817, 0.000001228, 0.000000007, 0.000000035, 0.000000134, 0.000000543, 0.000000702, 0.000001035, 0, 1, 0, 0, 0.000000000
1646305723.278093100, 0.000000005, 0.000000008, 0.000000065, 0.000000677, 0.000000742, 0.000001166, 0.000000003, 0.000000009, 0.000000029, 0.000000597, 0.000000650, 0.000000979, 0, 1, 0, 0, 0.000000000
1646305723.303092241, 0.000000027, 0.000000210, 0.000000719, 0.000000827, 0.000000891, 0.000001337, 0.000000026, 0.000000097, 0.000000202, 0.000000715, 0.000000790, 0.000001150, 0, 0, 1, 0, 45.000000000
1646305723.328091145, 0.000000016, 0.000000031, 0.000000434, 0.000000743, 0.000000929, 0.000001338, 0.000000007, 0.000000022, 0.000000160, 0.000000676, 0.000000819, 0.000001137, 0, 1, 0, 0, 0.000000000
1646305723.353090286, 0.000000011, 0.000000063, 0.000000185, 0.000000631, 0.000000860, 0.000001298, 0.000000007, 0.000000025, 0.000000137, 0.000000578, 0.000000758, 0.000001104, 0, 1, 0, 0, 0.000000000
1646305723.378089190, 0.000000005, 0.000000008, 0.000000066, 0.000000713, 0.000000790, 0.000001237, 0.000000003, 0.000000009, 0.000000026, 0.000000636, 0.000000711, 0.000001045, 0, 1, 0, 0, 0.000000000
1646305723.403088331, 0.000000028, 0.000000202, 0.000000701, 0.000000867, 0.000000956, 0.000001436, 0.000000028, 0.000000193, 0.000000692, 0.000000843, 0.000000940, 0.000001389, 0, 0, 0, 1, 12.000000000
1646305723.428087473, 0.000000013, 0.000000028, 0.000000470, 0.000000774, 0.000000988, 0.000001628, 0.000000013, 0.000000028, 0.000000466, 0.000000758, 0.000000968, 0.000001583, 0, 1, 0, 0, 0.000000000
1646305723.453086615, 0.000000007, 0.000000054, 0.000000161, 0.000000599, 0.000000945, 0.000001626, 0.000000006, 0.000000049, 0.000000144, 0.000000542, 0.000000925, 0.000001267, 1, 0, 0, 0, 15.000000000
1646305723.478085518, 0.000000006, 0.000000008, 0.000000067, 0.000000662, 0.000000894, 0.000001391, 0.000000006, 0.000000009, 0.000000066, 0.000000609, 0.000000877, 0.000001147, 0, 1, 0, 0, 0.000000000
1646305723.503084421, 0.000000029, 0.000000206, 0.000000719, 0.000000815, 0.000001142, 0.000001570, 0.000000029, 0.000000155, 0.000000474, 0.000000781, 0.000001024, 0.000001333, 0, 0, 1, 0, 32.000000000
1646305723.528083563, 0.000000013, 0.000000027, 0.000000445, 0.000000762, 0.000001000, 0.000001545, 0.000000010, 0.000000022, 0.000000296, 0.000000738, 0.000000912, 0.000001303, 0, 1, 0, 0, 0.000000000
1646305723.553082705, 0.000000006, 0.000000054, 0.000000158, 0.000000581, 0.000000897, 0.000001420, 0.000000006, 0.000000048, 0.000000133, 0.000000508, 0.000000816, 0.000001045, 1, 0, 1, 0, 49.000000000
1646305723.603080750, 0.000000007, 0.000000009, 0.000000059, 0.000000766, 0.000000948, 0.000001516, 0.000000007, 0.000000009, 0.000000055, 0.000000714, 0.000000853, 0.000001207, 0, 0, 1, 0, 35.000000000
1646305723.628079891, 0.000000013, 0.000000027, 0.000000361, 0.000000698, 0.000000922, 0.000001413, 0.000000013, 0.000000027, 0.000000334, 0.000000649, 0.000000827, 0.000001113, 0, 1, 0, 0, 0.000000000
1646305723.653078794, 0.000000007, 0.000000051, 0.000000181, 0.000000591, 0.000000819, 0.000001282, 0.000000007, 0.000000047, 0.000000169, 0.000000533, 0.000000786, 0.000001053, 1, 0, 0, 0, 18.000000000
1646305723.678077936, 0.000000009, 0.000000012, 0.000000106, 0.000000672, 0.000000850, 0.000001225, 0.000000010, 0.000000012, 0.000000104, 0.000000621, 0.000000815, 0.000001040, 0, 1, 0, 0, 0.000000000
1646305723.703077078, 0.000000126, 0.000000298, 0.000000722, 0.000000835, 0.000001102, 0.000001459, 0.000000114, 0.000000201, 0.000000476, 0.000000773, 0.000000929, 0.000001227, 0, 0, 1, 0, 29.000000000
1646305723.728075981, 0.000000028, 0.000000049, 0.000000613, 0.000000909, 0.000001118, 0.000001501, 0.000000022, 0.000000039, 0.000000379, 0.000000857, 0.000000950, 0.000001259, 0, 1, 0, 0, 0.000000000
1646305723.753075123, 0.000000039, 0.000000118, 0.000000456, 0.000000905, 0.000001198, 0.000001507, 0.000000034, 0.000000113, 0.000000396, 0.000000765, 0.000001122, 0.000001368, 1, 0, 0, 0, 16.000000000
1646305723.778074026, 0.000000075, 0.000000084, 0.000000574, 0.000000993, 0.000001254, 0.000001606, 0.000000068, 0.000000080, 0.000000560, 0.000000883, 0.000001197, 0.000001470, 0, 1, 0, 0, 0.000000000
1646305723.803073168, 0.000000090, 0.000000317, 0.000001114, 0.000001072, 0.000001537, 0.000001935, 0.000000090, 0.000000308, 0.000001104, 0.000001046, 0.000001524, 0.000001855, 0, 0, 0, 1, 11.000000000
1646305723.828072309, 0.000000036, 0.000000054, 0.000000995, 0.000001120, 0.000001426, 0.000002023, 0.000000036, 0.000000053, 0.000000989, 0.000001091, 0.000001415, 0.000001958, 0, 1, 0, 0, 0.000000000
1646305723.853071213, 0.000000045, 0.000000266, 0.000000507, 0.000001089, 0.000001564, 0.000002194, 0.000000042, 0.000000261, 0.000000500, 0.000001002, 0.000001542, 0.000002068, 1, 0, 0, 0, 20.000000000
1646305723.878070354, 0.000000042, 0.000000055, 0.000000286, 0.000001105, 0.000001444, 0.000002163, 0.000000042, 0.000000054, 0.000000283, 0.000001050, 0.000001417, 0.000002056, 0, 1, 0, 0, 0.000000000
1646305723.903069258, 0.000000357, 0.000000682, 0.000000862, 0.000001242, 0.000001673, 0.000002492, 0.000000247, 0.000000570, 0.000000601, 0.000001202, 0.000001626, 0.000002406, 0, 0, 1, 0, 15.000000000
1646305723.928068399, 0.000000040, 0.000000056, 0.000000762, 0.000001126, 0.000001518, 0.000002303, 0.000000033, 0.000000041, 0.000000511, 0.000001139, 0.000001467, 0.000002224, 0, 1, 0, 0, 0.000000000
1646305723.953067541, 0.000000043, 0.000000148, 0.000000370, 0.000001026, 0.000001491, 0.000002474, 0.000000040, 0.000000144, 0.000000341, 0.000000960, 0.000001456, 0.000002444, 0, 0, 1, 0, 36.000000000
1646305723.978066444, 0.000000043, 0.000000047, 0.000000256, 0.000001069, 0.000001334, 0.000002249, 0.000000042, 0.000000046, 0.000000243, 0.000001054, 0.000001301, 0.000002234, 0, 1, 0, 0, 0.000000000
1646305724.003065586, 0.000000221, 0.000000322, 0.000000733, 0.000001200, 0.000001565, 0.000002622, 0.000000206, 0.000000300, 0.000000687, 0.000001200, 0.000001505, 0.000002594, 0, 1, 0, 0, 0.000000000
1646305724.028064728, 0.000000036, 0.000000076, 0.000000634, 0.000001095, 0.000001423, 0.000002635, 0.000000033, 0.000000071, 0.000000600, 0.000001081, 0.000001324, 0.000002591, 0, 1, 0, 0, 0.000000000
1646305724.053060055, 0.000000036, 0.000000086, 0.000000198, 0.000000846, 0.000001429, 0.000002450, 0.000000035, 0.000000086, 0.000000196, 0.000000831, 0.000001412, 0.000002430, 0, 0, 1, 0, 42.000000000
1646305724.078059196, 0.000000049, 0.000000062, 0.000000311, 0.000001001, 0.000001344, 0.000001880, 0.000000048, 0.000000062, 0.000000309, 0.000000997, 0.000001327, 0.000001870, 0, 1, 0, 0, 0.000000000
1646305724.103058338, 0.000000437, 0.000000649, 0.000000842, 0.000001250, 0.000001797, 0.000002229, 0.000000421, 0.000000645, 0.000000816, 0.000001247, 0.000001786, 0.000002221, 0, 0, 1, 0, 46.000000000
1646305724.128057241, 0.000000038, 0.000000068, 0.000001004, 0.000001390, 0.000001607, 0.000002648, 0.000000038, 0.000000064, 0.000000972, 0.000001395, 0.000001591, 0.000002638, 0, 1, 0, 0, 0.000000000
1646305724.153056383, 0.000000034, 0.000000066, 0.000000135, 0.000000871, 0.000001671, 0.000002492, 0.000000034, 0.000000066, 0.000000135, 0.000000868, 0.000001669, 0.000002491, 1, 0, 0, 0, 11.000000000
1646305724.178055525, 0.000000090, 0.000000109, 0.000000359, 0.000001083, 0.000001565, 0.000001774, 0.000000089, 0.000000109, 0.000000359, 0.000001081, 0.000001564, 0.000001773, 0, 1, 0, 0, 0.000000000
1646305724.203054428, 0.000000542, 0.000000703, 0.000000846, 0.000001426, 0.000002069, 0.000002262, 0.000000538, 0.000000702, 0.000000842, 0.000001426, 0.000002068, 0.000002261, 0, 0, 1, 0, 51.000000000
1646305724.228053570, 0.000000053, 0.000000069, 0.000000579, 0.000001525, 0.000001760, 0.000002331, 0.000000053, 0.000000069, 0.000000577, 0.000001526, 0.000001759, 0.000002330, 0, 1, 0, 0, 0.000000000
1646305724.253052711, 0.000000046, 0.000000054, 0.000000095, 0.000000857, 0.000001751, 0.000002108, 0.000000046, 0.000000054, 0.000000095, 0.000000857, 0.000001751, 0.000002108, 0, 0, 1, 0, 49.000000000
1646305724.278051615, 0.000000084, 0.000000164, 0.000000387, 0.000001043, 0.000001462, 0.000001747, 0.000000084, 0.000000164, 0.000000387, 0.000001043, 0.000001462, 0.000001746, 0, 1, 0, 0, 0.000000000
1646305724.303050756, 0.000000623, 0.000000792, 0.000000981, 0.000001444, 0.000001986, 0.000002321, 0.000000623, 0.000000791, 0.000000981, 0.000001444, 0.000001986, 0.000002321, 0, 0, 1, 0, 55.000000000
1646305724.328049660, 0.000000073, 0.000000083, 0.000000457, 0.000001695, 0.000001828, 0.000002101, 0.000000073, 0.000000083, 0.000000457, 0.000001695, 0.000001828, 0.000002101, 0, 1, 0, 0, 0.000000000
1646305724.353048801, 0.000000045, 0.000000057, 0.000000072, 0.000000943, 0.000001596, 0.000001882, 0.000000045, 0.000000057, 0.000000072, 0.000000943, 0.000001596, 0.000001882, 0, 0, 1, 0, 47.000000000
1646305724.378047943, 0.000000057, 0.000000144, 0.000000453, 0.000001122, 0.000001359, 0.000001761, 0.000000057, 0.000000144, 0.000000453, 0.000001122, 0.000001359, 0.000001761, 0, 1, 0, 0, 0.000000000
1646305724.403046846, 0.000000577, 0.000000768, 0.000001067, 0.000001583, 0.000001893, 0.000002211, 0.000000577, 0.000000768, 0.000001067, 0.000001583, 0.000001893, 0.000002211, 0, 0, 1, 0, 42.000000000
1646305724.428045988, 0.000000076, 0.000000087, 0.000000323, 0.000001607, 0.000001838, 0.000002034, 0.000000076, 0.000000087, 0.000000323, 0.000001607, 0.000001838, 0.000002034, 0, 1, 0, 0, 0.000000000
1646305724.453045130, 0.000000038, 0.000000067, 0.000000068, 0.000000959, 0.000001302, 0.000001884, 0.000000038, 0.000000067, 0.000000068, 0.000000959, 0.000001302, 0.000001884, 0, 0, 1, 0, 41.000000000
1646305724.478044033, 0.000000047, 0.000000128, 0.000000435, 0.000001156, 0.000001209, 0.000001778, 0.000000047, 0.000000128, 0.000000435, 0.000001156, 0.000001209, 0.000001778, 0, 1, 0, 0, 0.000000000
1646305724.503043175, 0.000000652, 0.000000867, 0.000001168, 0.000001650, 0.000001720, 0.000002171, 0.000000652, 0.000000867, 0.000001168, 0.000001650, 0.000001720, 0.000002171, 0, 1, 0, 0, 0.000000000
1646305724.528042078, 0.000000066, 0.000000080, 0.000000225, 0.000001438, 0.000001920, 0.000002040, 0.000000066, 0.000000080, 0.000000225, 0.000001438, 0.000001920, 0.000002040, 0, 1, 0, 0, 0.000000000
1646305724.553041220, 0.000000037, 0.000000059, 0.000000085, 0.000000929, 0.000001235, 0.000001883, 0.000000037, 0.000000059, 0.000000085, 0.000000929, 0.000001235, 0.000001883, 1, 0, 0, 0, 28.000000000
1646305724.578040361, 0.000000037, 0.000000078, 0.000000368, 0.000001113, 0.000001166, 0.000001753, 0.000000037, 0.000000078, 0.000000368, 0.000001113, 0.000001166, 0.000001753, 0, 1, 0, 0, 0.000000000
1646305724.603039265, 0.000000699, 0.000000805, 0.000001088, 0.000001609, 0.000001712, 0.000002299, 0.000000699, 0.000000805, 0.000001088, 0.000001609, 0.000001712, 0.000002299, 0, 0, 1, 0, 54.000000000
1646305724.628038406, 0.000000046, 0.000000062, 0.000000148, 0.000001343, 0.000001915, 0.000001956, 0.000000046, 0.000000062, 0.000000148, 0.000001343, 0.000001915, 0.000001956, 0, 1, 0, 0, 0.000000000
1646305724.653037310, 0.000000039, 0.000000048, 0.000000090, 0.000000882, 0.000001265, 0.000001868, 0.000000039, 0.000000048, 0.000000090, 0.000000882, 0.000001265, 0.000001867, 0, 1, 0, 0, 0.000000000
1646305724.678036451, 0.000000031, 0.000000043, 0.000000283, 0.000001042, 0.000001240, 0.000001613, 0.000000031, 0.000000043, 0.000000283, 0.000001042, 0.000001240, 0.000001613, 0, 1, 0, 0, 0.000000000
1646305724.703035593, 0.000000723, 0.000000755, 0.000000986, 0.000001493, 0.000001824, 0.000002267, 0.000000723, 0.000000755, 0.000000986, 0.000001493, 0.000001824, 0.000002267, 0, 0, 0, 1, 9.000000000
1646305724.728034735, 0.000000035, 0.000000044, 0.000000140, 0.000001513, 0.000001647, 0.000001874, 0.000000035, 0.000000044, 0.000000140, 0.000001513, 0.000001647, 0.000001874, 0, 1, 0, 0, 0.000000000
1646305724.753033638, 0.000000040, 0.000000045, 0.000000099, 0.000000809, 0.000001569, 0.000001681, 0.000000040, 0.000000045, 0.000000099, 0.000000809, 0.000001569, 0.000001681, 1, 0, 0, 0, 21.000000000
1646305724.778032541, 0.000000025, 0.000000034, 0.000000211, 0.000000961, 0.000001409, 0.000001959, 0.000000025, 0.000000034, 0.000000211, 0.000000961, 0.000001409, 0.000001959, 0, 1, 0, 0, 0.000000000
1646305724.803031683, 0.000000715, 0.000000732, 0.000000908, 0.000001401, 0.000002026, 0.000002785, 0.000000715, 0.000000732, 0.000000908, 0.000001401, 0.000002026, 0.000002785, 0, 0, 1, 0, 45.000000000
1646305724.828030825, 0.000000041, 0.000000072, 0.000000197, 0.000001451, 0.000001849, 0.000002691, 0.000000041, 0.000000072, 0.000000197, 0.000001451, 0.000001849, 0.000002691, 0, 1, 0, 0, 0.000000000
1646305724.853029728, 0.000000036, 0.000000059, 0.000000097, 0.000000843, 0.000001537, 0.000001867, 0.000000036, 0.000000059, 0.000000097, 0.000000843, 0.000001537, 0.000001867, 0, 1, 0, 0, 0.000000000
1646305724.878028870, 0.000000026, 0.000000039, 0.000000293, 0.000001007, 0.000001618, 0.000002443, 0.000000026, 0.000000039, 0.000000293, 0.000001007, 0.000001618, 0.000002443, 0, 1, 0, 0, 0.000000000
1646305724.903027773, 0.000000701, 0.000000723, 0.000000976, 0.000001465, 0.000002314, 0.000003368, 0.000000701, 0.000000723, 0.000000976, 0.000001465, 0.000002314, 0.000003368, 0, 0, 1, 0, 51.000000000
1646305724.928027153, 0.000000040, 0.000000066, 0.000000140, 0.000000849, 0.000001218, 0.000001635, 0.000000040, 0.000000066, 0.000000140, 0.000000849, 0.000001218, 0.000001635, 0, 1, 0, 0, 0.000000000
1646305724.953026056, 0.000000022, 0.000000047, 0.000000103, 0.000000829, 0.000001144, 0.000001212, 0.000000022, 0.000000047, 0.000000103, 0.000000829, 0.000001144, 0.000001212, 0, 1, 0, 0, 0.000000000
1646305724.978025198, 0.000000044, 0.000000055, 0.000000370, 0.000001072, 0.000001490, 0.000001599, 0.000000044, 0.000000055, 0.000000370, 0.000001072, 0.000001490, 0.000001599, 0, 1, 0, 0, 0.000000000
1646305725.003024101, 0.000000712, 0.000000722, 0.000001037, 0.000001556, 0.000002177, 0.000002311, 0.000000712, 0.000000722, 0.000001037, 0.000001556, 0.000002177, 0.000002311, 0, 0, 1, 0, 48.000000000
1646305725.028023243, 0.000000100, 0.000000254, 0.000000715, 0.000000604, 0.000001384, 0.000002178, 0.000000100, 0.000000254, 0.000000715, 0.000000604, 0.000001384, 0.000002178, 0, 1, 0, 0, 0.000000000
1646305725.053022146, 0.000000044, 0.000000046, 0.000000166, 0.000000727, 0.000001327, 0.000001935, 0.000000044, 0.000000046, 0.000000166, 0.000000727, 0.000001327, 0.000001935, 1, 0, 0, 0, 0.000000000
1646305725.078021288, 0.000000158, 0.000000249, 0.000000655, 0.000001098, 0.000001592, 0.000002598, 0.000000158, 0.000000249, 0.000000655, 0.000001098, 0.000001592, 0.000002598, 0, 1, 0, 0, 0.000000000
1646305725.103020430, 0.000000817, 0.000000894, 0.000001275, 0.000001709, 0.000002134, 0.000003564, 0.000000817, 0.000000894, 0.000001275, 0.000001709, 0.000002134, 0.000003564, 0, 0, 1, 0, 54.000000000
1646305725.128019333, 0.000000324, 0.000000609, 0.000001198, 0.000000635, 0.000001752, 0.000004110, 0.000000324, 0.000000609, 0.000001198, 0.000000635, 0.000001752, 0.000004110, 0, 1, 0, 0, 0.000000000
1646305725.153018475, 0.000000046, 0.000000077, 0.000000330, 0.000000722, 0.000001558, 0.000003635, 0.000000046, 0.000000077, 0.000000330, 0.000000722, 0.000001558, 0.000003634, 0, 0, 0, 1, 45.000000000
1646305725.178017616, 0.000000539, 0.000000634, 0.000000721, 0.000000858, 0.000002029, 0.000004544, 0.000000539, 0.000000634, 0.000000721, 0.000000858, 0.000002029, 0.000004544, 0, 1, 0, 0, 0.000000000
1646305725.203016520, 0.000001138, 0.000001210, 0.000001304, 0.000001343, 0.000002595, 0.000005469, 0.000001138, 0.000001209, 0.000001304, 0.000001343, 0.000002595, 0.000005469, 0, 0, 1, 0, 53.000000000
1646305725.228015661, 0.000001397, 0.000001544, 0.000001904, 0.000001546, 0.000003400, 0.000007018, 0.000001397, 0.000001543, 0.000001904, 0.000001546, 0.000003400, 0.000007018, 0, 1, 0, 0, 0.000000000
1646305725.253014565, 0.000000097, 0.000000107, 0.000000482, 0.000001577, 0.000002657, 0.000005152, 0.000000097, 0.000000107, 0.000000482, 0.000001577, 0.000002657, 0.000005152, 1, 0, 0, 0, 0.000000000
1646305725.278013706, 0.000000535, 0.000000642, 0.000000738, 0.000001304, 0.000003300, 0.000006122, 0.000000534, 0.000000642, 0.000000738, 0.000001304, 0.000003300, 0.000006122, 0, 1, 0, 0, 0.000000000
1646305725.303012848, 0.000001093, 0.000001261, 0.000001299, 0.000001847, 0.000003854, 0.000007162, 0.000001093, 0.000001260, 0.000001299, 0.000001847, 0.000003854, 0.000007162, 0, 1, 0, 0, 0.000000000
1646305725.328011751, 0.000001315, 0.000001459, 0.000001878, 0.000001732, 0.000004657, 0.000008904, 0.000001315, 0.000001459, 0.000001878, 0.000001732, 0.000004657, 0.000008904, 0, 1, 0, 0, 0.000000000
1646305725.353010893, 0.000000101, 0.000000173, 0.000000678, 0.000001588, 0.000002591, 0.000005964, 0.000000101, 0.000000173, 0.000000678, 0.000001588, 0.000002591, 0.000005964, 0, 1, 0, 0, 0.000000000
1646305725.378009796, 0.000000476, 0.000000668, 0.000000822, 0.000001387, 0.000003037, 0.000006737, 0.000000476, 0.000000668, 0.000000822, 0.000001387, 0.000003037, 0.000006737, 0, 1, 0, 0, 0.000000000
1646305725.403008938, 0.000001048, 0.000001303, 0.000001454, 0.000001945, 0.000003565, 0.000008101, 0.000001048, 0.000001303, 0.000001454, 0.000001945, 0.000003565, 0.000008101, 0, 0, 1, 0, 58.000000000
1646305725.428008080, 0.000001016, 0.000001318, 0.000001880, 0.000001624, 0.000004164, 0.000009846, 0.000001016, 0.000001317, 0.000001880, 0.000001624, 0.000004164, 0.000009845, 0, 1, 0, 0, 0.000000000
1646305725.453006983, 0.000000063, 0.000000214, 0.000000431, 0.000001395, 0.000001856, 0.000006258, 0.000000063, 0.000000214, 0.000000431, 0.000001395, 0.000001856, 0.000006258, 0, 1, 0, 0, 0.000000000
1646305725.478006124, 0.000000458, 0.000000609, 0.000000791, 0.000001362, 0.000002175, 0.000007602, 0.000000458, 0.000000609, 0.000000790, 0.000001362, 0.000002175, 0.000007601, 0, 1, 0, 0, 0.000000000
1646305725.503005028, 0.000000854, 0.000001144, 0.000001350, 0.000001847, 0.000002738, 0.000008479, 0.000000854, 0.000001144, 0.000001350, 0.000001847, 0.000002738, 0.000008478, 0, 0, 0, 1, 48.000000000
1646305725.528004169, 0.000000471, 0.000000918, 0.000001564, 0.000001580, 0.000003223, 0.000008411, 0.000000471, 0.000000918, 0.000001564, 0.000001580, 0.000003223, 0.000008411, 0, 1, 0, 0, 0.000000000
1646305725.553003311, 0.000000039, 0.000000116, 0.000000188, 0.000001205, 0.000001386, 0.000004915, 0.000000039, 0.000000116, 0.000000188, 0.000001205, 0.000001386, 0.000004914, 0, 0, 1, 0, 66.000000000
1646305725.578002453, 0.000000270, 0.000000400, 0.000000495, 0.000001270, 0.000001861, 0.000005780, 0.000000270, 0.000000400, 0.000000495, 0.000001270, 0.000001861, 0.000005780, 0, 1, 0, 0, 0.000000000
1646305725.603001356, 0.000000746, 0.000000934, 0.000001029, 0.000001774, 0.000002221, 0.000006830, 0.000000746, 0.000000934, 0.000001029, 0.000001774, 0.000002221, 0.000006828, 0, 0, 0, 1, 58.000000000
1646305725.628000259, 0.000000069, 0.000000167, 0.000000396, 0.000000560, 0.000001802, 0.000002706, 0.000000069, 0.000000167, 0.000000396, 0.000000560, 0.000001802, 0.000002705, 0, 1, 0, 0, 0.000000000
1646305725.652999401, 0.000000024, 0.000000078, 0.000000084, 0.000000618, 0.000000969, 0.000002449, 0.000000024, 0.000000078, 0.000000084, 0.000000618, 0.000000969, 0.000002449, 1, 0, 0, 0, 5.000000000
1646305725.677998543, 0.000000088, 0.000000095, 0.000000385, 0.000000884, 0.000001279, 0.000002655, 0.000000088, 0.000000095, 0.000000385, 0.000000884, 0.000001279, 0.000002655, 0, 1, 0, 0, 0.000000000
1646305725.702997684, 0.000000550, 0.000000691, 0.000000913, 0.000001369, 0.000001655, 0.000003516, 0.000000549, 0.000000691, 0.000000913, 0.000001369, 0.000001655, 0.000003515, 0, 0, 1, 0, 67.000000000
1646305725.727996588, 0.000000065, 0.000000081, 0.000000227, 0.000000660, 0.000001528, 0.000001727, 0.000000065, 0.000000081, 0.000000227, 0.000000660, 0.000001528, 0.000001727, 0, 1, 0, 0, 0.000000000
1646305725.752995729, 0.000000025, 0.000000043, 0.000000072, 0.000000741, 0.000000937, 0.000001729, 0.000000025, 0.000000043, 0.000000072, 0.000000741, 0.000000937, 0.000001729, 0, 0, 1, 0, 50.000000000
1646305725.777994633, 0.000000048, 0.000000055, 0.000000238, 0.000001054, 0.000001242, 0.000001866, 0.000000048, 0.000000055, 0.000000238, 0.000001054, 0.000001242, 0.000001866, 0, 1, 0, 0, 0.000000000
1646305725.802993774, 0.000000299, 0.000000371, 0.000000830, 0.000001604, 0.000001672, 0.000002515, 0.000000299, 0.000000371, 0.000000830, 0.000001604, 0.000001672, 0.000002515, 0, 0, 1, 0, 58.000000000
1646305725.827992916, 0.000000046, 0.000000054, 0.000000276, 0.000000918, 0.000001250, 0.000001781, 0.000000046, 0.000000054, 0.000000276, 0.000000918, 0.000001250, 0.000001781, 0, 1, 0, 0, 0.000000000
1646305725.852991819, 0.000000031, 0.000000036, 0.000000065, 0.000000935, 0.000001034, 0.000001354, 0.000000031, 0.000000036, 0.000000065, 0.000000935, 0.000001034, 0.000001354, 1, 0, 0, 0, 3.000000000
1646305725.877990961, 0.000000034, 0.000000039, 0.000000172, 0.000001184, 0.000001243, 0.000001491, 0.000000034, 0.000000039, 0.000000172, 0.000001184, 0.000001243, 0.000001491, 0, 1, 0, 0, 0.000000000
1646305725.902989864, 0.000000173, 0.000000191, 0.000000763, 0.000001664, 0.000001766, 0.000002093, 0.000000173, 0.000000191, 0.000000763, 0.000001664, 0.000001766, 0.000002093, 0, 0, 1, 0, 36.000000000
1646305725.927989006, 0.000000045, 0.000000063, 0.000000408, 0.000001432, 0.000001946, 0.000002228, 0.000000045, 0.000000063, 0.000000408, 0.000001432, 0.000001946, 0.000002228, 0, 1, 0, 0, 0.000000000
1646305725.952988148, 0.000000032, 0.000000049, 0.000000065, 0.000001024, 0.000001532, 0.000001573, 0.000000032, 0.000000049, 0.000000065, 0.000001024, 0.000001532, 0.000001573, 0, 0, 1, 0, 40.000000000
1646305725.977987051, 0.000000019, 0.000000031, 0.000000134, 0.000001106, 0.000001259, 0.000001767, 0.000000019, 0.000000031, 0.000000134, 0.000001106, 0.000001259, 0.000001767, 0, 1, 0, 0, 0.000000000
1646305726.002986193, 0.000000147, 0.000000150, 0.000000727, 0.000001504, 0.000001650, 0.000002296, 0.000000147, 0.000000150, 0.000000727, 0.000001504, 0.000001650, 0.000002296, 0, 0, 1, 0, 40.000000000
1646305726.027985334, 0.000000045, 0.000000050, 0.000000144, 0.000000840, 0.000001178, 0.000001661, 0.000000045, 0.000000050, 0.000000144, 0.000000840, 0.000001178, 0.000001661, 0, 1, 0, 0, 0.000000000
1646305726.052984238, 0.000000041, 0.000000049, 0.000000063, 0.000000917, 0.000001095, 0.000001173, 0.000000041, 0.000000049, 0.000000063, 0.000000917, 0.000001095, 0.000001173, 1, 0, 0, 0, 23.000000000
1646305726.077983379, 0.000000017, 0.000000029, 0.000000137, 0.000000877, 0.000001170, 0.000001375, 0.000000017, 0.000000029, 0.000000137, 0.000000877, 0.000001170, 0.000001375, 0, 1, 0, 0, 0.000000000
1646305726.102982283, 0.000000076, 0.000000182, 0.000000740, 0.000001229, 0.000001577, 0.000001801, 0.000000076, 0.000000182, 0.000000740, 0.000001229, 0.000001577, 0.000001801, 0, 0, 1, 0, 42.000000000
1646305726.127981424, 0.000000051, 0.000000074, 0.000000175, 0.000001333, 0.000001501, 0.000002004, 0.000000051, 0.000000074, 0.000000175, 0.000001333, 0.000001501, 0.000002004, 0, 1, 0, 0, 0.000000000
1646305726.152980328, 0.000000042, 0.000000078, 0.000000096, 0.000001049, 0.000001511, 0.000001766, 0.000000042, 0.000000078, 0.000000096, 0.000001049, 0.000001511, 0.000001766, 0, 0, 1, 0, 43.000000000
1646305726.177979469, 0.000000021, 0.000000031, 0.000000139, 0.000001021, 0.000001333, 0.000001730, 0.000000021, 0.000000031, 0.000000139, 0.000001021, 0.000001333, 0.000001730, 0, 1, 0, 0, 0.000000000
1646305726.202978611, 0.000000158, 0.000000332, 0.000000729, 0.000001413, 0.000001819, 0.000002225, 0.000000158, 0.000000332, 0.000000729, 0.000001413, 0.000001819, 0.000002225, 0, 1, 0, 0, 0.000000000
1646305726.227977753, 0.000000046, 0.000000060, 0.000000100, 0.000001187, 0.000001659, 0.000002127, 0.000000046, 0.000000060, 0.000000100, 0.000001187, 0.000001659, 0.000002127, 0, 1, 0, 0, 0.000000000
1646305726.252976656, 0.000000043, 0.000000094, 0.000000149, 0.000001028, 0.000001431, 0.000001841, 0.000000043, 0.000000094, 0.000000149, 0.000001028, 0.000001431, 0.000001841, 0, 0, 1, 0, 39.000000000
1646305726.277975798, 0.000000018, 0.000000027, 0.000000087, 0.000000923, 0.000001268, 0.000001678, 0.000000018, 0.000000027, 0.000000087, 0.000000923, 0.000001268, 0.000001678, 0, 1, 0, 0, 0.000000000
1646305726.302974701, 0.000000303, 0.000000446, 0.000000534, 0.000001329, 0.000001740, 0.000002085, 0.000000303, 0.000000446, 0.000000534, 0.000001329, 0.000001740, 0.000002085, 0, 0, 0, 1, 20.000000000
1646305726.327973843, 0.000000035, 0.000000044, 0.000000066, 0.000001089, 0.000001468, 0.000001948, 0.000000035, 0.000000044, 0.000000066, 0.000001089, 0.000001468, 0.000001948, 0, 1, 0, 0, 0.000000000
1646305726.352972746, 0.000000036, 0.000000040, 0.000000115, 0.000001069, 0.000001138, 0.000001546, 0.000000036, 0.000000040, 0.000000115, 0.000001069, 0.000001138, 0.000001546, 1, 0, 0, 0, 49.000000000
1646305726.377971888, 0.000000017, 0.000000026, 0.000000090, 0.000000959, 0.000001315, 0.000001431, 0.000000017, 0.000000026, 0.000000090, 0.000000959, 0.000001315, 0.000001431, 0, 1, 0, 0, 0.000000000
1646305726.402971029, 0.000000360, 0.000000374, 0.000000715, 0.000001385, 0.000001672, 0.000001927, 0.000000360, 0.000000374, 0.000000715, 0.000001385, 0.000001672, 0.000001927, 0, 0, 0, 1, 24.000000000
1646305726.427969933, 0.000000034, 0.000000042, 0.000000077, 0.000001258, 0.000001555, 0.000001661, 0.000000034, 0.000000042, 0.000000077, 0.000001258, 0.000001555, 0.000001661, 0, 1, 0, 0, 0.000000000
1646305726.452969074, 0.000000024, 0.000000039, 0.000000130, 0.000000879, 0.000001276, 0.000001535, 0.000000024, 0.000000039, 0.000000130, 0.000000879, 0.000001276, 0.000001535, 0, 1, 0, 0, 0.000000000
1646305726.477968216, 0.000000017, 0.000000025, 0.000000107, 0.000001046, 0.000001128, 0.000001806, 0.000000017, 0.000000025, 0.000000107, 0.000001046, 0.000001128, 0.000001806, 0, 1, 0, 0, 0.000000000
1646305726.502967358, 0.000000218, 0.000000348, 0.000000723, 0.000001498, 0.000001540, 0.000002321, 0.000000218, 0.000000348, 0.000000723, 0.000001498, 0.000001540, 0.000002321, 0, 0, 0, 1, 34.000000000
1646305726.527966261, 0.000000030, 0.000000049, 0.000000069, 0.000001183, 0.000001493, 0.000001982, 0.000000030, 0.000000049, 0.000000069, 0.000001183, 0.000001493, 0.000001982, 0, 1, 0, 0, 0.000000000
1646305726.552965403, 0.000000019, 0.000000045, 0.000000086, 0.000000876, 0.000001229, 0.000001947, 0.000000019, 0.000000045, 0.000000086, 0.000000876, 0.000001229, 0.000001947, 1, 0, 0, 0, 31.000000000
1646305726.577964306, 0.000000021, 0.000000033, 0.000000120, 0.000001110, 0.000001138, 0.000002358, 0.000000021, 0.000000033, 0.000000120, 0.000001110, 0.000001138, 0.000002358, 0, 1, 0, 0, 0.000000000
1646305726.602963448, 0.000000279, 0.000000400, 0.000000730, 0.000001461, 0.000001589, 0.000002952, 0.000000279, 0.000000400, 0.000000730, 0.000001461, 0.000001589, 0.000002952, 1, 0, 0, 0, 23.000000000
1646305726.627962351, 0.000000029, 0.000000046, 0.000000086, 0.000001206, 0.000001505, 0.000002343, 0.000000029, 0.000000046, 0.000000086, 0.000001206, 0.000001505, 0.000002343, 0, 1, 0, 0, 0.000000000
1646305726.652961493, 0.000000023, 0.000000040, 0.000000061, 0.000000966, 0.000001314, 0.000002230, 0.000000023, 0.000000040, 0.000000061, 0.000000966, 0.000001314, 0.000002230, 1, 0, 0, 0, 23.000000000
1646305726.677960634, 0.000000029, 0.000000039, 0.000000166, 0.000001157, 0.000001377, 0.000002720, 0.000000029, 0.000000039, 0.000000166, 0.000001157, 0.000001377, 0.000002720, 0, 1, 0, 0, 0.000000000
1646305726.702959538, 0.000000257, 0.000000521, 0.000000756, 0.000001472, 0.000001962, 0.000003556, 0.000000257, 0.000000520, 0.000000756, 0.000001472, 0.000001962, 0.000003556, 0, 0, 0, 1, 48.000000000
1646305726.727958679, 0.000000030, 0.000000048, 0.000000083, 0.000001129, 0.000001692, 0.000002399, 0.000000030, 0.000000048, 0.000000083, 0.000001129, 0.000001692, 0.000002399, 0, 1, 0, 0, 1.000000000
1646305726.752957821, 0.000000027, 0.000000049, 0.000000060, 0.000001002, 0.000001370, 0.000002350, 0.000000027, 0.000000049, 0.000000060, 0.000001002, 0.000001370, 0.000002350, 0, 1, 0, 0, 1.000000000
1646305726.777956724, 0.000000034, 0.000000041, 0.000000218, 0.000001149, 0.000001473, 0.000002926, 0.000000034, 0.000000041, 0.000000218, 0.000001149, 0.000001473, 0.000002926, 0, 1, 0, 0, 1.000000000
1646305726.802955866, 0.000000396, 0.000000651, 0.000000794, 0.000001484, 0.000002059, 0.000003681, 0.000000396, 0.000000651, 0.000000793, 0.000001484, 0.000002059, 0.000003681, 0, 0, 0, 1, 70.000000000
1646305726.827954769, 0.000000028, 0.000000049, 0.000000081, 0.000001186, 0.000001789, 0.000002283, 0.000000028, 0.000000049, 0.000000081, 0.000001186, 0.000001789, 0.000002283, 0, 1, 0, 0, 1.000000000
1646305726.852953911, 0.000000026, 0.000000042, 0.000000090, 0.000001105, 0.000001438, 0.000002256, 0.000000026, 0.000000042, 0.000000090, 0.000001105, 0.000001438, 0.000002256, 1, 0, 0, 0, 8.000000000
1646305726.877953053, 0.000000041, 0.000000054, 0.000000230, 0.000001216, 0.000001564, 0.000002820, 0.000000041, 0.000000054, 0.000000230, 0.000001216, 0.000001564, 0.000002820, 0, 1, 0, 0, 2.000000000
1646305726.902951956, 0.000000399, 0.000000465, 0.000000779, 0.000001532, 0.000002174, 0.000003628, 0.000000399, 0.000000465, 0.000000779, 0.000001532, 0.000002174, 0.000003628, 0, 0, 1, 0, 34.000000000
1646305726.927951097, 0.000000031, 0.000000052, 0.000000082, 0.000001237, 0.000001853, 0.000002169, 0.000000031, 0.000000052, 0.000000082, 0.000001237, 0.000001853, 0.000002169, 0, 1, 0, 0, 2.000000000
1646305726.952950239, 0.000000023, 0.000000035, 0.000000081, 0.000001170, 0.000001503, 0.000002042, 0.000000023, 0.000000035, 0.000000081, 0.000001170, 0.000001503, 0.000002042, 0, 0, 1, 0, 54.000000000
1646305726.977949142, 0.000000039, 0.000000051, 0.000000189, 0.000001286, 0.000001656, 0.000002465, 0.000000039, 0.000000051, 0.000000189, 0.000001286, 0.000001656, 0.000002465, 0, 1, 0, 0, 2.000000000
1646305727.002948284, 0.000000420, 0.000000673, 0.000000700, 0.000001650, 0.000002298, 0.000003229, 0.000000420, 0.000000673, 0.000000700, 0.000001650, 0.000002298, 0.000003229, 0, 0, 0, 1, 80.000000000
1646305727.027947187, 0.000000027, 0.000000031, 0.000000058, 0.000000664, 0.000000778, 0.000001137, 0.000000027, 0.000000031, 0.000000058, 0.000000664, 0.000000778, 0.000001137, 0, 1, 0, 0, 2.000000000
1646305727.052946329, 0.000000028, 0.000000034, 0.000000060, 0.000000761, 0.000000916, 0.000001214, 0.000000028, 0.000000034, 0.000000060, 0.000000761, 0.000000916, 0.000001214, 1, 0, 0, 0, 4.000000000
1646305727.077945232, 0.000000032, 0.000000039, 0.000000157, 0.000001036, 0.000001286, 0.000001424, 0.000000032, 0.000000039, 0.000000157, 0.000001036, 0.000001286, 0.000001424, 0, 1, 0, 0, 1.000000000
1646305727.102944374, 0.000000721, 0.000000730, 0.000000782, 0.000001389, 0.000001932, 0.000002087, 0.000000721, 0.000000730, 0.000000782, 0.000001389, 0.000001932, 0.000002087, 0, 0, 1, 0, 60.000000000
1646305727.127943516, 0.000000035, 0.000000063, 0.000000149, 0.000001293, 0.000001707, 0.000001827, 0.000000035, 0.000000063, 0.000000149, 0.000001293, 0.000001707, 0.000001827, 0, 1, 0, 0, 2.000000000
1646305727.152942419, 0.000000037, 0.000000042, 0.000000096, 0.000001202, 0.000001693, 0.000001867, 0.000000037, 0.000000042, 0.000000096, 0.000001202, 0.000001693, 0.000001867, 1, 0, 0, 0, 3.000000000
1646305727.177941561, 0.000000031, 0.000000048, 0.000000166, 0.000001467, 0.000001929, 0.000002443, 0.000000031, 0.000000048, 0.000000166, 0.000001467, 0.000001929, 0.000002443, 0, 1, 0, 0, 3.000000000
1646305727.202940702, 0.000000653, 0.000000704, 0.000000780, 0.000001750, 0.000002667, 0.000003293, 0.000000653, 0.000000704, 0.000000780, 0.000001750, 0.000002667, 0.000003293, 0, 1, 0, 0, 2.000000000
1646305727.227939844, 0.000000031, 0.000000037, 0.000000060, 0.000000678, 0.000000857, 0.000001242, 0.000000031, 0.000000037, 0.000000060, 0.000000678, 0.000000857, 0.000001242, 0, 1, 0, 0, 0.000000000
1646305727.252938747, 0.000000025, 0.000000048, 0.000000105, 0.000000784, 0.000000878, 0.000001372, 0.000000025, 0.000000048, 0.000000105, 0.000000784, 0.000000878, 0.000001372, 1, 0, 0, 0, 3.000000000
1646305727.277937651, 0.000000022, 0.000000036, 0.000000116, 0.000001086, 0.000001250, 0.000001427, 0.000000022, 0.000000036, 0.000000116, 0.000001086, 0.000001250, 0.000001427, 0, 1, 0, 0, 1.000000000
1646305727.302936792, 0.000000542, 0.000000694, 0.000000752, 0.000001459, 0.000001805, 0.000002065, 0.000000542, 0.000000694, 0.000000752, 0.000001459, 0.000001805, 0.000002065, 0, 1, 0, 0, 1.000000000
1646305727.327935934, 0.000000040, 0.000000045, 0.000000172, 0.000001433, 0.000001628, 0.000001769, 0.000000040, 0.000000045, 0.000000172, 0.000001433, 0.000001628, 0.000001769, 0, 1, 0, 0, 1.000000000
1646305727.352934837, 0.000000028, 0.000000092, 0.000000219, 0.000001244, 0.000001514, 0.000001970, 0.000000028, 0.000000092, 0.000000219, 0.000001244, 0.000001514, 0.000001970, 1, 0, 0, 0, 7.000000000
1646305727.377933979, 0.000000021, 0.000000032, 0.000000098, 0.000001538, 0.000001797, 0.000002025, 0.000000021, 0.000000032, 0.000000098, 0.000001538, 0.000001797, 0.000002025, 0, 1, 0, 0, 1.000000000
1646305727.402932882, 0.000000196, 0.000000231, 0.000000684, 0.000001923, 0.000002422, 0.000002714, 0.000000196, 0.000000231, 0.000000684, 0.000001923, 0.000002422, 0.000002714, 0, 0, 0, 1, 87.000000000
1646305727.427932262, 0.000000033, 0.000000046, 0.000000163, 0.000001526, 0.000001773, 0.000002054, 0.000000033, 0.000000046, 0.000000163, 0.000001526, 0.000001773, 0.000002054, 0, 1, 0, 0, 1.000000000
1646305727.452931166, 0.000000044, 0.000000055, 0.000000428, 0.000001179, 0.000001580, 0.000001795, 0.000000044, 0.000000055, 0.000000428, 0.000001179, 0.000001580, 0.000001795, 0, 0, 1, 0, 56.000000000
1646305727.477930307, 0.000000023, 0.000000038, 0.000000151, 0.000001496, 0.000001822, 0.000002095, 0.000000023, 0.000000038, 0.000000151, 0.000001496, 0.000001822, 0.000002095, 0, 1, 0, 0, 1.000000000
1646305727.502929211, 0.000000113, 0.000000167, 0.000000671, 0.000001841, 0.000002436, 0.000002830, 0.000000113, 0.000000167, 0.000000671, 0.000001841, 0.000002436, 0.000002830, 0, 0, 1, 0, 57.000000000
1646305727.527928352, 0.000000024, 0.000000027, 0.000000069, 0.000000736, 0.000000923, 0.000001143, 0.000000024, 0.000000027, 0.000000069, 0.000000736, 0.000000923, 0.000001143, 0, 1, 0, 0, 1.000000000
1646305727.552927256, 0.000000020, 0.000000055, 0.000000130, 0.000000831, 0.000000934, 0.000001145, 0.000000020, 0.000000055, 0.000000130, 0.000000831, 0.000000934, 0.000001145, 0, 1, 0, 0, 1.000000000
1646305727.577926397, 0.000000024, 0.000000040, 0.000000295, 0.000000871, 0.000001129, 0.000001266, 0.000000024, 0.000000040, 0.000000295, 0.000000871, 0.000001129, 0.000001266, 0, 1, 0, 0, 1.000000000
1646305727.602925539, 0.000000087, 0.000000129, 0.000000609, 0.000001165, 0.000001638, 0.000001883, 0.000000087, 0.000000129, 0.000000609, 0.000001165, 0.000001638, 0.000001883, 0, 0, 1, 0, 62.000000000
1646305727.627924442, 0.000000019, 0.000000020, 0.000000078, 0.000000756, 0.000000805, 0.000000904, 0.000000019, 0.000000020, 0.000000078, 0.000000756, 0.000000805, 0.000000904, 0, 1, 0, 0, 1.000000000
1646305727.652923584, 0.000000021, 0.000000030, 0.000000075, 0.000000727, 0.000000901, 0.000000984, 0.000000021, 0.000000030, 0.000000075, 0.000000727, 0.000000901, 0.000000984, 0, 1, 0, 0, 0.000000000
1646305727.677922726, 0.000000036, 0.000000049, 0.000000450, 0.000001060, 0.000001265, 0.000001331, 0.000000036, 0.000000049, 0.000000450, 0.000001060, 0.000001265, 0.000001331, 0, 1, 0, 0, 0.000000000
1646305727.702921629, 0.000000065, 0.000000070, 0.000000641, 0.000001366, 0.000001812, 0.000001970, 0.000000065, 0.000000070, 0.000000641, 0.000001366, 0.000001812, 0.000001970, 0, 0, 1, 0, 57.000000000
1646305727.727920771, 0.000000020, 0.000000024, 0.000000072, 0.000000778, 0.000001021, 0.000001044, 0.000000020, 0.000000024, 0.000000072, 0.000000778, 0.000001021, 0.000001044, 0, 1, 0, 0, 0.000000000
1646305727.752919674, 0.000000020, 0.000000026, 0.000000075, 0.000000740, 0.000000968, 0.000001095, 0.000000020, 0.000000026, 0.000000075, 0.000000740, 0.000000968, 0.000001095, 0, 1, 0, 0, 0.000000000
1646305727.777918816, 0.000000043, 0.000000058, 0.000000508, 0.000001078, 0.000001312, 0.000001524, 0.000000043, 0.000000058, 0.000000508, 0.000001078, 0.000001312, 0.000001524, 0, 1, 0, 0, 0.000000000
1646305727.802917957, 0.000000062, 0.000000083, 0.000000560, 0.000001366, 0.000001851, 0.000002192, 0.000000062, 0.000000083, 0.000000560, 0.000001366, 0.000001851, 0.000002192, 0, 0, 0, 1, 60.000000000
1646305727.827916861, 0.000000028, 0.000000033, 0.000000098, 0.000000784, 0.000001039, 0.000001437, 0.000000028, 0.000000033, 0.000000098, 0.000000784, 0.000001039, 0.000001437, 0, 1, 0, 0, 0.000000000
1646305727.852916002, 0.000000015, 0.000000026, 0.000000058, 0.000000746, 0.000000990, 0.000001317, 0.000000015, 0.000000026, 0.000000058, 0.000000746, 0.000000990, 0.000001317, 1, 0, 0, 0, 6.000000000
1646305727.877914906, 0.000000277, 0.000000317, 0.000000696, 0.000001118, 0.000001479, 0.000001879, 0.000000277, 0.000000317, 0.000000696, 0.000001118, 0.000001479, 0.000001879, 0, 1, 0, 0, 0.000000000
1646305727.902914047, 0.000000065, 0.000000076, 0.000000561, 0.000001446, 0.000002013, 0.000002534, 0.000000065, 0.000000076, 0.000000561, 0.000001446, 0.000002013, 0.000002534, 0, 0, 1, 0, 52.000000000
1646305727.927913189, 0.000000023, 0.000000027, 0.000000057, 0.000000881, 0.000001195, 0.000001380, 0.000000023, 0.000000027, 0.000000057, 0.000000881, 0.000001195, 0.000001380, 0, 1, 0, 0, 3.000000000
1646305727.952912331, 0.000000020, 0.000000026, 0.000000058, 0.000000761, 0.000001090, 0.000001299, 0.000000020, 0.000000026, 0.000000058, 0.000000761, 0.000001090, 0.000001299, 0, 0, 1, 0, 57.000000000
1646305727.977911234, 0.000000080, 0.000000590, 0.000000669, 0.000001128, 0.000001590, 0.000001844, 0.000000080, 0.000000590, 0.000000669, 0.000001128, 0.000001590, 0.000001844, 0, 1, 0, 0, 2.000000000
1646305728.002910137, 0.000000102, 0.000000142, 0.000001022, 0.000001522, 0.000002199, 0.000002520, 0.000000102, 0.000000142, 0.000001022, 0.000001522, 0.000002199, 0.000002520, 0, 0, 1, 0, 61.000000000
1646305728.027909279, 0.000000020, 0.000000022, 0.000000042, 0.000000997, 0.000001101, 0.000001704, 0.000000020, 0.000000022, 0.000000042, 0.000000997, 0.000001101, 0.000001704, 0, 1, 0, 0, 0.000000000
1646305728.052899837, 0.000000014, 0.000000021, 0.000000061, 0.000000787, 0.000001109, 0.000001255, 0.000000014, 0.000000021, 0.000000061, 0.000000787, 0.000001109, 0.000001255, 1, 0, 0, 0, 0.000000000
1646305728.077898979, 0.000000115, 0.000000431, 0.000000674, 0.000001152, 0.000001601, 0.000001792, 0.000000115, 0.000000431, 0.000000674, 0.000001152, 0.000001601, 0.000001792, 0, 1, 0, 0, 0.000000000
1646305728.102897882, 0.000000162, 0.000000270, 0.000001110, 0.000001638, 0.000002247, 0.000002484, 0.000000162, 0.000000270, 0.000001110, 0.000001638, 0.000002247, 0.000002484, 0, 0, 1, 0, 55.000000000
1646305728.127897024, 0.000000020, 0.000000021, 0.000000042, 0.000001074, 0.000001157, 0.000001233, 0.000000020, 0.000000021, 0.000000042, 0.000001074, 0.000001157, 0.000001233, 0, 1, 0, 0, 1.000000000
1646305728.152895927, 0.000000012, 0.000000019, 0.000000073, 0.000000741, 0.000001167, 0.000001278, 0.000000012, 0.000000019, 0.000000073, 0.000000741, 0.000001167, 0.000001278, 0, 0, 1, 0, 56.000000000
1646305728.177895069, 0.000000067, 0.000000141, 0.000000539, 0.000001089, 0.000001652, 0.000001763, 0.000000067, 0.000000141, 0.000000539, 0.000001089, 0.000001652, 0.000001763, 0, 1, 0, 0, 2.000000000
1646305728.177895069, 0.000000695, 0.000000770, 0.000001170, 0.000001636, 0.000002385, 0.000002528, 0.000000695, 0.000000770, 0.000001170, 0.000001636, 0.000002385, 0.000002528, 0, 1, 0, 0, 2.000000000
1646305728.227893114, 0.000000005, 0.000000014, 0.000000015, 0.000000416, 0.000000483, 0.000000612, 0.000000005, 0.000000014, 0.000000015, 0.000000416, 0.000000483, 0.000000612, 0, 1, 0, 0, 2.000000000
1646305728.252892017, 0.000000076, 0.000000105, 0.000000348, 0.000000633, 0.000000707, 0.000000851, 0.000000076, 0.000000105, 0.000000348, 0.000000633, 0.000000707, 0.000000851, 1, 0, 0, 0, 8.000000000
1646305728.252892017, 0.000001456, 0.000001485, 0.000001732, 0.000001626, 0.000001740, 0.000001964, 0.000001456, 0.000001485, 0.000001732, 0.000001626, 0.000001740, 0.000001964, 0, 0, 0, 1, 45.000000000
1646305728.327888966, 0.000000007, 0.000000010, 0.000000012, 0.000000332, 0.000000368, 0.000000439, 0.000000007, 0.000000010, 0.000000012, 0.000000332, 0.000000368, 0.000000439, 0, 1, 0, 0, 1.000000000
1646305728.327888966, 0.000002005, 0.000002008, 0.000002010, 0.000001483, 0.000001579, 0.000001746, 0.000002005, 0.000002008, 0.000002010, 0.000001483, 0.000001579, 0.000001746, 0, 0, 1, 0, 54.000000000
1646305728.427885056, 0.000000005, 0.000000009, 0.000000012, 0.000000267, 0.000000320, 0.000000423, 0.000000005, 0.000000009, 0.000000012, 0.000000267, 0.000000320, 0.000000423, 0, 1, 0, 0, 2.000000000
1646305728.427885056, 0.000001985, 0.000001989, 0.000001993, 0.000001312, 0.000001449, 0.000001717, 0.000001985, 0.000001989, 0.000001993, 0.000001312, 0.000001449, 0.000001717, 0, 0, 1, 0, 50.000000000
1646305728.527881145, 0.000000005, 0.000000008, 0.000000011, 0.000000244, 0.000000304, 0.000000412, 0.000000005, 0.000000008, 0.000000011, 0.000000244, 0.000000304, 0.000000412, 0, 1, 0, 0, 1.000000000
1646305728.527881145, 0.000001968, 0.000001972, 0.000001975, 0.000001242, 0.000001405, 0.000001662, 0.000001968, 0.000001972, 0.000001975, 0.000001242, 0.000001405, 0.000001662, 0, 0, 1, 0, 50.000000000
1646305728.627877235, 0.000000007, 0.000000008, 0.000000013, 0.000000269, 0.000000320, 0.000000436, 0.000000007, 0.000000008, 0.000000013, 0.000000269, 0.000000320, 0.000000436, 0, 1, 0, 0, 1.000000000
1646305728.627877235, 0.000001956, 0.000001958, 0.000001963, 0.000001302, 0.000001433, 0.000001721, 0.000001956, 0.000001958, 0.000001963, 0.000001302, 0.000001433, 0.000001721, 0, 0, 1, 0, 50.000000000
1646305728.727873325, 0.000000007, 0.000000007, 0.000000015, 0.000000258, 0.000000333, 0.000000413, 0.000000007, 0.000000007, 0.000000015, 0.000000258, 0.000000333, 0.000000413, 0, 1, 0, 0, 0.000000000
1646305728.727873325, 0.000001944, 0.000001944, 0.000001952, 0.000001261, 0.000001457, 0.000001650, 0.000001944, 0.000001944, 0.000001952, 0.000001261, 0.000001457, 0.000001650, 0, 0, 0, 1, 76.000000000
1646305728.827869177, 0.000000008, 0.000000009, 0.000000015, 0.000000308, 0.000000327, 0.000000528, 0.000000008, 0.000000009, 0.000000015, 0.000000308, 0.000000327, 0.000000528, 0, 1, 0, 0, 0.000000000
1646305728.827869177, 0.000001934, 0.000001935, 0.000001941, 0.000001391, 0.000001435, 0.000001960, 0.000001934, 0.000001935, 0.000001941, 0.000001391, 0.000001435, 0.000001960, 0, 0, 1, 0, 42.000000000
1646305728.927865267, 0.000000014, 0.000000019, 0.000000022, 0.000000328, 0.000000424, 0.000000843, 0.000000014, 0.000000019, 0.000000022, 0.000000328, 0.000000424, 0.000000843, 0, 1, 0, 0, 0.000000000
1646305728.927865267, 0.000001930, 0.000001935, 0.000001939, 0.000001436, 0.000001681, 0.000002655, 0.000001930, 0.000001935, 0.000001939, 0.000001436, 0.000001681, 0.000002655, 0, 0, 1, 0, 36.000000000
