# timestamp tx ty tz qx qy qz qw
1646305719.128250 -0.001301 0.000503 -0.000277 -0.000049 -0.000156 0.000106 1.000000
1646305719.203247 -0.001182 0.000428 -0.000574 0.000001 -0.000111 0.000101 1.000000
1646305719.228246 -0.002520 -0.000400 -0.000030 0.000014 -0.000089 0.000136 1.000000
1646305719.253245 -0.002047 -0.000404 -0.000002 -0.000023 -0.000014 0.000149 1.000000
1646305719.278244 -0.001686 -0.000480 -0.000124 -0.000102 -0.000065 -0.000042 1.000000
1646305719.303243 -0.000129 -0.000172 0.000006 -0.000131 -0.000021 -0.000083 1.000000
1646305719.328242 0.006644 -0.002723 -0.002249 -0.000712 0.002542 -0.000605 0.999996
1646305719.353241 0.007369 -0.002961 -0.002050 -0.000555 0.001835 -0.000318 0.999998
1646305719.378240 0.007105 -0.002431 -0.001680 -0.000015 0.001674 -0.000082 0.999999
1646305719.403239 0.005239 -0.000430 -0.002395 -0.000032 0.001734 -0.000151 0.999998
1646305719.428238 0.004269 0.000891 -0.002593 -0.000289 0.001702 -0.000062 0.999999
1646305719.453237 0.003627 0.001445 -0.001978 -0.000468 0.000841 -0.000133 1.000000
1646305719.478236 0.002702 0.001422 -0.001116 -0.000110 0.000665 -0.000016 1.000000
1646305719.503235 0.002034 0.001637 -0.000622 -0.000098 0.000722 0.000066 1.000000
1646305719.528234 0.008467 -0.003971 -0.013781 -0.001135 0.000640 -0.000788 0.999999
1646305719.553233 0.008744 -0.004324 -0.015251 -0.001131 0.000585 -0.000485 0.999999
1646305719.578232 0.009143 -0.004267 -0.016761 0.000313 0.000080 0.000170 1.000000
1646305719.603231 0.009051 -0.004417 -0.017915 0.000514 0.000397 0.000113 1.000000
1646305719.628230 0.010979 -0.005239 -0.019370 -0.001177 0.006207 -0.000520 0.999980
1646305719.653229 0.012797 -0.005843 -0.022061 -0.002500 0.002860 -0.000408 0.999993
1646305719.678228 0.014667 -0.005506 -0.024483 0.000275 0.002095 0.000196 0.999998
1646305719.703227 0.015914 -0.005902 -0.027297 0.000574 0.002742 0.000335 0.999996
1646305719.728226 0.016836 -0.006782 -0.029723 -0.001577 0.003015 -0.001154 0.999994
1646305719.753225 0.017448 -0.007436 -0.031182 -0.002603 0.002217 -0.000812 0.999994
1646305719.778224 0.017733 -0.008208 -0.030364 0.000433 0.001301 0.000337 0.999999
1646305719.803223 0.016758 -0.008220 -0.030555 0.000984 0.002192 0.000368 0.999997
1646305719.828222 0.017287 -0.005676 -0.032196 -0.001573 0.003122 -0.001138 0.999993
1646305719.853221 0.016837 -0.005663 -0.033102 -0.002584 0.002272 -0.000854 0.999994
1646305719.878220 0.015673 -0.005597 -0.035318 0.000271 0.001737 0.000090 0.999998
1646305719.903219 0.014589 -0.005303 -0.035928 0.000558 0.002474 0.000185 0.999997
1646305719.928218 0.013595 -0.003159 -0.035885 -0.001656 0.004460 -0.000874 0.999988
1646305719.953217 0.013260 -0.002547 -0.036651 -0.002825 0.002262 -0.000665 0.999993
1646305719.978216 0.010963 -0.002380 -0.038789 0.000126 0.001447 -0.000060 0.999999
1646305720.003215 0.009780 -0.001793 -0.039425 0.000322 0.001852 0.000097 0.999998
1646305720.028214 0.009342 -0.001391 -0.038899 -0.001623 0.004315 -0.000653 0.999989
1646305720.053213 0.009925 -0.000909 -0.038856 -0.002821 0.002168 -0.000480 0.999994
1646305720.078212 0.009341 -0.000969 -0.038763 0.000373 0.001524 -0.000105 0.999999
1646305720.103211 0.008690 -0.000610 -0.038496 0.000465 0.001818 -0.000049 0.999998
1646305720.128211 0.009290 -0.000170 -0.038053 -0.001523 0.003266 -0.000572 0.999993
1646305720.153209 0.010855 0.000030 -0.037177 -0.002762 0.002159 -0.000542 0.999994
1646305720.178209 0.010243 -0.000004 -0.037480 0.000144 0.001682 -0.000175 0.999999
1646305720.203207 0.009818 -0.000223 -0.036956 0.000189 0.001940 -0.000029 0.999998
1646305720.228207 0.009583 -0.001126 -0.034587 -0.001516 0.002857 -0.000660 0.999995
1646305720.253206 0.011462 -0.002130 -0.031909 -0.002628 0.002339 -0.000547 0.999994
1646305720.278204 0.011453 -0.002817 -0.026898 0.000015 0.001964 -0.000047 0.999998
1646305720.303204 0.010905 -0.003044 -0.025078 0.000089 0.002092 -0.000129 0.999998
1646305720.328202 0.010470 -0.002552 -0.022650 -0.001140 0.002687 -0.000630 0.999996
1646305720.353202 0.012028 -0.003119 -0.020126 -0.002136 0.002712 -0.000514 0.999994
1646305720.378201 0.011991 -0.003279 -0.017163 -0.000118 0.002193 0.000007 0.999998
1646305720.403199 0.011365 -0.003523 -0.015136 -0.000031 0.002254 -0.000054 0.999997
1646305720.453198 0.011917 -0.003525 -0.011976 -0.001138 0.002757 -0.000655 0.999995
1646305720.478197 0.011436 -0.003078 -0.010103 -0.000241 0.002314 -0.000094 0.999997
1646305720.503196 0.010606 -0.003143 -0.008478 -0.000200 0.002298 -0.000060 0.999997
1646305720.553194 0.011291 -0.003615 -0.007081 -0.000977 0.002844 -0.000597 0.999995
1646305720.578193 0.010731 -0.003098 -0.005591 -0.000334 0.002295 -0.000054 0.999997
1646305720.603192 0.009997 -0.003089 -0.004548 -0.000179 0.002351 -0.000043 0.999997
1646305720.628191 0.009084 -0.002574 -0.004589 -0.000741 0.001503 -0.000573 0.999998
1646305720.653190 0.010466 -0.002862 -0.004017 -0.000922 0.002645 -0.000481 0.999996
1646305720.678189 0.010066 -0.002250 -0.004298 -0.000356 0.002268 -0.000077 0.999997
1646305720.703188 0.009446 -0.002168 -0.004113 -0.000235 0.002301 -0.000067 0.999997
1646305720.728187 0.008920 -0.002625 -0.003835 -0.000829 0.002711 -0.000545 0.999996
1646305720.753186 0.010970 -0.003157 -0.005134 -0.001042 0.002838 -0.000493 0.999995
1646305720.778185 0.010714 -0.002583 -0.004877 -0.000346 0.002330 -0.000050 0.999997
1646305720.803184 0.010154 -0.002587 -0.005118 -0.000278 0.002385 -0.000003 0.999997
1646305720.828183 0.008962 -0.002003 -0.005524 -0.000806 0.001488 -0.000562 0.999998
1646305720.853182 0.010116 -0.002367 -0.005871 -0.000767 0.002548 -0.000491 0.999996
1646305720.878181 0.009843 -0.002132 -0.005874 -0.000332 0.002271 -0.000086 0.999997
1646305720.903180 0.009258 -0.002219 -0.006170 -0.000266 0.002339 -0.000076 0.999997
1646305720.928179 0.008594 -0.002547 -0.007530 -0.000863 0.002435 -0.000566 0.999997
1646305720.953178 0.010367 -0.003031 -0.008020 -0.001096 0.002662 -0.000497 0.999996
1646305720.978177 0.009816 -0.002412 -0.006981 -0.000315 0.002254 -0.000083 0.999997
1646305721.003176 0.009482 -0.002483 -0.007292 -0.000236 0.002334 0.000002 0.999997
1646305721.028175 0.008896 -0.002644 -0.008544 -0.000870 0.002466 -0.000582 0.999996
1646305721.053178 0.010386 -0.002965 -0.008598 -0.001077 0.002619 -0.000485 0.999996
1646305721.078177 0.010299 -0.002485 -0.009661 -0.000272 0.002229 -0.000054 0.999997
1646305721.103176 0.009958 -0.002491 -0.010048 -0.000188 0.002317 0.000069 0.999997
1646305721.128175 0.009379 -0.002418 -0.010926 -0.000958 0.002548 -0.000579 0.999996
1646305721.153174 0.010594 -0.002590 -0.010473 -0.001186 0.002585 -0.000493 0.999996
1646305721.178173 0.010444 -0.002207 -0.010358 -0.000262 0.002215 -0.000070 0.999998
1646305721.203172 0.009946 -0.002291 -0.010513 -0.000200 0.002261 -0.000053 0.999997
1646305721.228171 0.009536 -0.002403 -0.010997 -0.000927 0.002477 -0.000620 0.999996
1646305721.253170 0.010600 -0.002601 -0.010348 -0.001202 0.002617 -0.000492 0.999996
1646305721.278169 0.010421 -0.002366 -0.010115 -0.000248 0.002252 -0.000070 0.999997
1646305721.303168 0.009967 -0.002496 -0.010057 -0.000205 0.002313 0.000012 0.999997
1646305721.328167 0.009435 -0.002645 -0.010568 -0.000938 0.002563 -0.000605 0.999996
1646305721.353166 0.010351 -0.002784 -0.009892 -0.001130 0.002577 -0.000491 0.999996
1646305721.378165 0.010003 -0.002519 -0.008569 -0.000296 0.002244 -0.000088 0.999997
1646305721.403164 0.009544 -0.002518 -0.008230 -0.000209 0.002355 -0.000013 0.999997
1646305721.428163 0.009017 -0.002016 -0.007610 -0.000831 0.001781 -0.000566 0.999998
1646305721.453162 0.009650 -0.002206 -0.007065 -0.000871 0.002465 -0.000429 0.999996
1646305721.478161 0.009324 -0.002060 -0.006353 -0.000318 0.002241 -0.000092 0.999997
1646305721.503160 0.008959 -0.001923 -0.005985 -0.000232 0.002276 0.000008 0.999997
1646305721.528160 0.008276 -0.001638 -0.005464 -0.000771 0.001514 -0.000560 0.999998
1646305721.553159 0.009123 -0.001964 -0.005192 -0.000736 0.002387 -0.000413 0.999997
1646305721.578158 0.008181 -0.001624 -0.004682 -0.000357 0.002227 -0.000118 0.999997
1646305721.603157 0.008089 -0.001396 -0.004428 -0.000286 0.002260 -0.000036 0.999997
1646305721.628156 0.007589 -0.001276 -0.004745 -0.000751 0.001574 -0.000483 0.999998
1646305721.653155 0.008740 -0.001678 -0.004600 -0.000700 0.002436 -0.000356 0.999997
1646305721.678154 0.008242 -0.001524 -0.004619 -0.000358 0.002217 -0.000107 0.999997
1646305721.703153 0.008232 -0.001327 -0.004662 -0.000289 0.002272 0.000016 0.999997
1646305721.728152 0.007833 -0.001367 -0.005013 -0.000755 0.001626 -0.000491 0.999998
1646305721.753151 0.008970 -0.001828 -0.005142 -0.000670 0.002354 -0.000403 0.999997
1646305721.803149 0.009150 -0.001559 -0.006243 -0.000319 0.002274 -0.000089 0.999997
1646305721.828148 0.008886 -0.002197 -0.007515 -0.000847 0.002313 -0.000573 0.999997
1646305721.853147 0.009923 -0.002565 -0.008363 -0.000997 0.002519 -0.000463 0.999996
1646305721.878146 0.009980 -0.002496 -0.008229 -0.000297 0.002235 -0.000073 0.999997
1646305721.903145 0.009847 -0.002402 -0.008559 -0.000223 0.002324 0.000012 0.999997
1646305721.928144 0.009211 -0.002536 -0.009259 -0.000879 0.002347 -0.000580 0.999997
1646305721.953143 0.010124 -0.002795 -0.009060 -0.001035 0.002493 -0.000450 0.999996
1646305721.978142 0.010133 -0.002830 -0.008628 -0.000287 0.002215 -0.000063 0.999998
1646305722.003142 0.009797 -0.002877 -0.008816 -0.000220 0.002263 0.000004 0.999997
1646305722.028141 0.009319 -0.002757 -0.009519 -0.000896 0.002391 -0.000601 0.999997
1646305722.053140 0.009742 -0.002879 -0.009152 -0.000983 0.002439 -0.000427 0.999996
1646305722.078139 0.009136 -0.002587 -0.008632 -0.000288 0.002190 -0.000078 0.999998
1646305722.103138 0.008765 -0.002577 -0.008587 -0.000196 0.002264 0.000076 0.999997
1646305722.128137 0.008440 -0.002450 -0.008664 -0.000819 0.001778 -0.000541 0.999998
1646305722.153136 0.009123 -0.002584 -0.008252 -0.000854 0.002335 -0.000385 0.999997
1646305722.178135 0.009024 -0.002239 -0.007587 -0.000303 0.002199 -0.000095 0.999998
1646305722.203134 0.008701 -0.002067 -0.007412 -0.000249 0.002303 -0.000024 0.999997
1646305722.228133 0.008102 -0.001987 -0.006889 -0.000763 0.001343 -0.000508 0.999999
1646305722.253132 0.008656 -0.002229 -0.006480 -0.000642 0.002237 -0.000388 0.999997
1646305722.278131 0.008585 -0.001718 -0.006942 -0.000318 0.002223 -0.000092 0.999997
1646305722.303130 0.008351 -0.001475 -0.006930 -0.000246 0.002285 0.000016 0.999997
1646305722.328129 0.007955 -0.001500 -0.006567 -0.000770 0.001766 -0.000532 0.999998
1646305722.353128 0.008787 -0.001847 -0.006460 -0.000724 0.002296 -0.000391 0.999997
1646305722.378127 0.009040 -0.001755 -0.005567 -0.000351 0.002239 -0.000095 0.999997
1646305722.403126 0.009013 -0.001975 -0.005458 -0.000277 0.002322 0.000032 0.999997
1646305722.428125 0.008508 -0.001821 -0.005236 -0.000748 0.001741 -0.000547 0.999998
1646305722.453125 0.009208 -0.002147 -0.005360 -0.000728 0.002382 -0.000400 0.999997
1646305722.478123 0.009246 -0.001871 -0.005638 -0.000355 0.002243 -0.000104 0.999997
1646305722.503123 0.009027 -0.001754 -0.005677 -0.000242 0.002317 0.000003 0.999997
1646305722.528121 0.008796 -0.002179 -0.007045 -0.000816 0.002214 -0.000547 0.999997
1646305722.553121 0.009257 -0.002485 -0.007148 -0.000810 0.002390 -0.000411 0.999997
1646305722.578120 0.008867 -0.002340 -0.007080 -0.000318 0.002205 -0.000104 0.999998
1646305722.603119 0.008611 -0.002257 -0.007182 -0.000244 0.002301 -0.000004 0.999997
1646305722.628118 0.008272 -0.001994 -0.006876 -0.000772 0.001682 -0.000518 0.999998
1646305722.653117 0.008750 -0.002307 -0.006816 -0.000705 0.002258 -0.000374 0.999997
1646305722.678116 0.008699 -0.001925 -0.007117 -0.000315 0.002202 -0.000109 0.999998
1646305722.703115 0.008476 -0.001763 -0.007145 -0.000271 0.002267 -0.000017 0.999997
1646305722.728114 0.008041 -0.002076 -0.007133 -0.000818 0.002120 -0.000547 0.999997
1646305722.753113 0.008855 -0.002634 -0.007194 -0.000815 0.002350 -0.000391 0.999997
1646305722.778112 0.009016 -0.002325 -0.007427 -0.000302 0.002222 -0.000092 0.999997
1646305722.803111 0.008900 -0.002344 -0.007473 -0.000225 0.002306 0.000005 0.999997
1646305722.828110 0.008588 -0.002237 -0.007185 -0.000779 0.001707 -0.000533 0.999998
1646305722.853109 0.009115 -0.002545 -0.006968 -0.000770 0.002333 -0.000374 0.999997
1646305722.878108 0.009071 -0.002186 -0.007020 -0.000316 0.002213 -0.000088 0.999997
1646305722.903107 0.008854 -0.002101 -0.007062 -0.000241 0.002274 -0.000006 0.999997
1646305722.928107 0.008354 -0.002366 -0.006975 -0.000814 0.002273 -0.000550 0.999997
1646305722.953105 0.009111 -0.002725 -0.007023 -0.000829 0.002391 -0.000405 0.999997
1646305722.978105 0.009009 -0.002374 -0.006512 -0.000336 0.002231 -0.000100 0.999997
1646305723.003103 0.008807 -0.002266 -0.006456 -0.000265 0.002335 -0.000014 0.999997
1646305723.028103 0.008888 -0.002215 -0.008153 -0.000841 0.002442 -0.000544 0.999997
1646305723.053102 0.009422 -0.002416 -0.007975 -0.000866 0.002402 -0.000406 0.999997
1646305723.078101 0.009087 -0.002301 -0.007830 -0.000300 0.002212 -0.000084 0.999998
1646305723.103100 0.008908 -0.002358 -0.007856 -0.000290 0.002286 -0.000184 0.999997
1646305723.128099 0.008278 -0.001745 -0.007614 -0.000789 0.001771 -0.000502 0.999998
1646305723.153098 0.008773 -0.001996 -0.007278 -0.000773 0.002296 -0.000395 0.999997
1646305723.178097 0.008336 -0.001970 -0.006875 -0.000330 0.002224 -0.000109 0.999997
1646305723.203096 0.008152 -0.001904 -0.006830 -0.000258 0.002242 -0.000061 0.999997
1646305723.228095 0.007551 -0.001561 -0.006193 -0.000752 0.001742 -0.000487 0.999998
1646305723.253094 0.008479 -0.001821 -0.005959 -0.000692 0.002288 -0.000378 0.999997
1646305723.278093 0.008546 -0.001695 -0.005504 -0.000350 0.002216 -0.000123 0.999997
1646305723.303092 0.008458 -0.001597 -0.005299 -0.000277 0.002248 -0.000054 0.999997
1646305723.328091 0.008025 -0.001439 -0.005158 -0.000759 0.001579 -0.000525 0.999998
1646305723.353090 0.008642 -0.001801 -0.005147 -0.000691 0.002338 -0.000383 0.999997
1646305723.378089 0.008557 -0.001748 -0.004974 -0.000360 0.002225 -0.000100 0.999997
1646305723.403088 0.008592 -0.001692 -0.004892 -0.000267 0.002293 0.000037 0.999997
1646305723.428087 0.008241 -0.002069 -0.005603 -0.000788 0.002233 -0.000516 0.999997
1646305723.453087 0.009185 -0.002488 -0.005923 -0.000745 0.002392 -0.000405 0.999997
1646305723.478086 0.009243 -0.002145 -0.006077 -0.000335 0.002236 -0.000089 0.999997
1646305723.503084 0.009142 -0.002219 -0.006292 -0.000261 0.002267 -0.000033 0.999997
1646305723.528084 0.008797 -0.002425 -0.007455 -0.000815 0.002294 -0.000545 0.999997
1646305723.553083 0.009350 -0.002786 -0.007587 -0.000830 0.002379 -0.000399 0.999997
1646305723.603081 0.009759 -0.002418 -0.008911 -0.000270 0.002194 -0.000075 0.999998
1646305723.628080 0.009344 -0.002498 -0.009447 -0.000852 0.002174 -0.000513 0.999997
1646305723.653079 0.009633 -0.002554 -0.007810 -0.000977 0.002545 -0.000405 0.999996
1646305723.678078 0.010288 -0.002583 -0.007425 -0.000593 0.002265 -0.000225 0.999997
1646305723.703077 0.010629 -0.004037 -0.008872 -0.001900 0.002032 -0.001649 0.999995
1646305723.728076 0.008924 -0.007072 -0.015170 -0.001397 0.003130 -0.004812 0.999983
1646305723.753075 0.008795 -0.009815 -0.023196 -0.002349 0.005253 -0.008263 0.999949
1646305723.778074 0.006943 -0.012254 -0.036818 -0.002144 0.014435 -0.009942 0.999844
1646305723.803073 0.004469 -0.014196 -0.053667 -0.005112 0.025421 -0.012220 0.999589
1646305723.828072 0.000438 -0.017216 -0.073945 -0.004879 0.038682 -0.014823 0.999130
1646305723.853071 -0.000247 -0.019480 -0.098750 -0.005064 0.048793 -0.016724 0.998656
1646305723.878070 -0.000399 -0.017783 -0.125820 -0.004715 0.052838 -0.017150 0.998445
1646305723.903069 0.002278 -0.016700 -0.154158 -0.002436 0.050879 -0.017022 0.998557
1646305723.928068 0.005694 -0.013103 -0.184859 0.002636 0.042841 -0.014233 0.998977
1646305723.953068 0.012747 -0.008441 -0.216083 0.008966 0.033066 -0.009618 0.999367
1646305723.978066 0.019121 0.000818 -0.248430 0.017512 0.023288 -0.002915 0.999571
1646305724.003066 0.024731 0.011098 -0.284106 0.029203 0.012400 0.005544 0.999481
1646305724.028065 0.030202 0.022791 -0.322338 0.045241 0.004239 0.015982 0.998839
1646305724.053060 0.036604 0.036269 -0.357977 0.063346 -0.003934 0.027801 0.997597
1646305724.078059 0.041776 0.052216 -0.394600 0.082061 -0.007470 0.040838 0.995762
1646305724.103058 0.045634 0.069133 -0.433838 0.099165 -0.008652 0.054753 0.993526
1646305724.128057 0.049528 0.086124 -0.469918 0.115791 -0.006949 0.068859 0.990860
1646305724.153056 0.052715 0.103615 -0.507113 0.130111 -0.001839 0.082376 0.988070
1646305724.178056 0.056673 0.121466 -0.540714 0.141335 0.004512 0.095001 0.985383
1646305724.203054 0.060472 0.139448 -0.576046 0.151647 0.011746 0.106962 0.982560
1646305724.228054 0.064654 0.157036 -0.615170 0.160256 0.020845 0.117890 0.979788
1646305724.253053 0.068448 0.173770 -0.647324 0.168662 0.027185 0.127527 0.977011
1646305724.278052 0.073762 0.193562 -0.673283 0.176680 0.034832 0.134679 0.974388
1646305724.303051 0.079577 0.213155 -0.699961 0.184009 0.041661 0.140483 0.971941
1646305724.328050 0.086800 0.232186 -0.723269 0.189764 0.047108 0.144063 0.970060
1646305724.353049 0.093185 0.252719 -0.747505 0.191957 0.051048 0.145095 0.969275
1646305724.378048 0.102095 0.272977 -0.766127 0.191820 0.054170 0.144540 0.969216
1646305724.403047 0.110944 0.293782 -0.783489 0.189398 0.056116 0.144935 0.969522
1646305724.428046 0.121068 0.315723 -0.797677 0.186920 0.057139 0.146597 0.969694
1646305724.453045 0.130004 0.337359 -0.811927 0.184933 0.057833 0.147987 0.969822
1646305724.478044 0.140489 0.360555 -0.821947 0.184888 0.057997 0.148925 0.969677
1646305724.503043 0.150585 0.384389 -0.829851 0.183462 0.057231 0.151196 0.969642
1646305724.528042 0.160910 0.410015 -0.834352 0.181124 0.054944 0.155514 0.969531
1646305724.553041 0.170693 0.436226 -0.840180 0.177236 0.052178 0.160864 0.969530
1646305724.578040 0.181293 0.463337 -0.842806 0.171607 0.048159 0.167698 0.969592
1646305724.603039 0.192044 0.491427 -0.844012 0.162292 0.043350 0.177478 0.969682
1646305724.628038 0.204828 0.519043 -0.841624 0.147909 0.037310 0.190265 0.969809
1646305724.653037 0.215409 0.549733 -0.841681 0.129251 0.032358 0.203564 0.969953
1646305724.678036 0.225980 0.580753 -0.840228 0.108309 0.026100 0.217649 0.969648
1646305724.703036 0.235722 0.614064 -0.837428 0.086733 0.020121 0.233148 0.968357
1646305724.728035 0.245741 0.648667 -0.835258 0.064156 0.013650 0.250098 0.965996
1646305724.753034 0.252703 0.686391 -0.833531 0.042115 0.004178 0.267417 0.962651
1646305724.778033 0.258862 0.725846 -0.834716 0.020964 -0.008155 0.284772 0.958331
1646305724.803032 0.265517 0.766503 -0.836750 -0.000235 -0.022704 0.302856 0.952766
1646305724.828031 0.272525 0.808350 -0.839416 -0.019522 -0.037879 0.320828 0.946178
1646305724.853030 0.278204 0.852325 -0.846220 -0.036052 -0.052784 0.338698 0.938721
1646305724.878029 0.282077 0.893427 -0.854226 -0.054280 -0.065985 0.355688 0.930691
1646305724.903028 0.287958 0.933877 -0.864544 -0.076870 -0.079652 0.370708 0.922129
1646305724.928027 0.308447 0.968704 -0.867571 -0.104147 -0.093188 0.381503 0.913742
1646305724.953026 0.315182 1.004825 -0.880559 -0.133316 -0.106293 0.392425 0.903842
1646305724.978025 0.324440 1.040339 -0.891311 -0.163885 -0.119527 0.399796 0.893878
1646305725.003024 0.337102 1.074490 -0.902088 -0.196259 -0.132787 0.403234 0.883885
1646305725.028023 0.366709 1.107590 -0.912274 -0.231225 -0.146247 0.407239 0.871380
1646305725.053022 0.387128 1.134670 -0.920711 -0.267576 -0.155242 0.399996 0.862732
1646305725.078021 0.403145 1.164612 -0.927644 -0.302447 -0.162401 0.395118 0.852076
1646305725.103020 0.422862 1.193143 -0.933617 -0.335684 -0.165629 0.387701 0.842361
1646305725.128019 0.450872 1.222362 -0.942906 -0.366286 -0.162957 0.381227 0.833034
1646305725.153018 0.472050 1.247918 -0.947642 -0.388621 -0.160598 0.366837 0.829827
1646305725.178018 0.495929 1.272680 -0.951922 -0.407433 -0.156032 0.356143 0.826326
1646305725.203017 0.521534 1.295979 -0.955593 -0.421931 -0.151073 0.344860 0.824756
1646305725.228016 0.550809 1.316759 -0.958839 -0.431266 -0.145120 0.334068 0.825439
1646305725.253015 0.568842 1.339351 -0.963495 -0.434536 -0.138960 0.322052 0.829549
1646305725.278014 0.599643 1.356491 -0.964127 -0.435430 -0.132204 0.310122 0.834714
1646305725.303013 0.631176 1.371530 -0.964001 -0.434873 -0.126307 0.296432 0.840868
1646305725.328012 0.665089 1.383636 -0.962097 -0.432392 -0.119990 0.282054 0.847989
1646305725.353011 0.689671 1.396388 -0.961657 -0.424362 -0.113149 0.266579 0.857934
1646305725.378010 0.724031 1.403575 -0.956910 -0.410951 -0.104705 0.251038 0.870136
1646305725.403009 0.758459 1.408838 -0.953689 -0.394015 -0.096477 0.234671 0.883388
1646305725.428008 0.795698 1.412290 -0.950823 -0.374202 -0.088001 0.219236 0.896752
1646305725.453007 0.821488 1.416831 -0.948975 -0.352734 -0.080338 0.202479 0.910015
1646305725.478006 0.856143 1.417101 -0.943307 -0.331414 -0.071717 0.187321 0.921918
1646305725.503005 0.891137 1.416045 -0.939350 -0.310771 -0.062126 0.171963 0.932733
1646305725.528004 0.927692 1.413520 -0.936253 -0.290844 -0.050451 0.157059 0.942442
1646305725.553003 0.960752 1.413110 -0.934796 -0.271302 -0.038329 0.140026 0.951483
1646305725.578002 0.994800 1.409679 -0.930754 -0.252866 -0.025449 0.124038 0.959180
1646305725.603001 1.030775 1.406540 -0.928374 -0.237027 -0.013331 0.108670 0.965314
1646305725.628000 1.077559 1.399751 -0.928569 -0.222877 -0.001276 0.096829 0.970025
1646305725.652999 1.106643 1.400723 -0.929443 -0.207794 0.008156 0.086222 0.974331
1646305725.677999 1.140412 1.398681 -0.931900 -0.194282 0.017342 0.078645 0.977634
1646305725.702998 1.175457 1.400354 -0.936517 -0.180840 0.026025 0.070695 0.980623
1646305725.727997 1.213968 1.411233 -0.944555 -0.165943 0.036618 0.063514 0.983406
1646305725.752996 1.244307 1.419044 -0.952564 -0.148089 0.045371 0.060587 0.986073
1646305725.777995 1.277494 1.426419 -0.962455 -0.128346 0.055617 0.061419 0.988262
1646305725.802994 1.312361 1.437467 -0.973889 -0.106772 0.064774 0.062517 0.990200
1646305725.827993 1.346725 1.446513 -0.988182 -0.081937 0.073079 0.065810 0.991774
1646305725.852992 1.380252 1.460230 -0.998883 -0.055068 0.077585 0.071354 0.992903
1646305725.877991 1.412820 1.475795 -1.011320 -0.029976 0.082431 0.078546 0.993044
1646305725.902990 1.445323 1.491905 -1.023148 -0.004925 0.086708 0.086049 0.992498
1646305725.927989 1.476971 1.508955 -1.034200 0.018050 0.089652 0.093123 0.991446
1646305725.952988 1.509466 1.526905 -1.040137 0.041726 0.093240 0.101445 0.989583
1646305725.977987 1.539960 1.546868 -1.048905 0.065246 0.098083 0.109697 0.986960
1646305726.002986 1.570538 1.567473 -1.055463 0.088569 0.104238 0.117824 0.983569
1646305726.027985 1.601823 1.588981 -1.057450 0.109857 0.110663 0.127570 0.979495
1646305726.052984 1.630353 1.611844 -1.058966 0.129038 0.117312 0.137217 0.975068
1646305726.077983 1.659544 1.635681 -1.059128 0.145366 0.123760 0.145343 0.970787
1646305726.102982 1.688851 1.658084 -1.058248 0.158756 0.129995 0.152322 0.966797
1646305726.127981 1.717518 1.681428 -1.058115 0.167868 0.135291 0.160459 0.963208
1646305726.152980 1.743481 1.704283 -1.056134 0.172271 0.138917 0.167525 0.960708
1646305726.177979 1.771319 1.729220 -1.052046 0.171760 0.141809 0.172801 0.959442
1646305726.202979 1.799824 1.752383 -1.047747 0.168554 0.142583 0.177875 0.958968
1646305726.227978 1.829483 1.776114 -1.042309 0.162638 0.141189 0.184011 0.959038
1646305726.252977 1.856370 1.801911 -1.037405 0.155194 0.136582 0.190296 0.959712
1646305726.277976 1.886434 1.826698 -1.031799 0.145145 0.129275 0.195833 0.961182
1646305726.302975 1.915593 1.852719 -1.026522 0.133216 0.117465 0.202747 0.962990
1646305726.327974 1.944215 1.878329 -1.019027 0.119875 0.102363 0.212018 0.964469
1646305726.352973 1.971183 1.905046 -1.012770 0.106726 0.084421 0.221685 0.965577
1646305726.377972 1.998424 1.930922 -1.007843 0.095082 0.065788 0.231368 0.965971
1646305726.402971 2.024804 1.958627 -1.002362 0.084912 0.049346 0.241471 0.965426
1646305726.427970 2.051441 1.986337 -0.996287 0.076127 0.036633 0.251542 0.964152
1646305726.452969 2.076955 2.016099 -0.990691 0.065903 0.027255 0.261161 0.962657
1646305726.477968 2.102897 2.043322 -0.985718 0.054641 0.020783 0.271060 0.960785
1646305726.502967 2.128902 2.072755 -0.980438 0.042322 0.017603 0.281240 0.958542
1646305726.527966 2.153665 2.102207 -0.975893 0.030147 0.017796 0.291437 0.955949
1646305726.552965 2.178049 2.134308 -0.971586 0.017781 0.019142 0.302143 0.952905
1646305726.577964 2.203268 2.162333 -0.968238 0.005443 0.021049 0.313228 0.949429
1646305726.602963 2.227952 2.192349 -0.964801 -0.005130 0.023012 0.323410 0.945965
1646305726.627962 2.251729 2.222174 -0.963666 -0.014507 0.024823 0.332972 0.942498
1646305726.652961 2.276443 2.253608 -0.962119 -0.023930 0.024027 0.342570 0.938880
1646305726.677961 2.302195 2.282656 -0.961222 -0.033280 0.020201 0.352316 0.935071
1646305726.702960 2.328513 2.312276 -0.960546 -0.042163 0.013763 0.362525 0.930918
1646305726.727959 2.355941 2.340305 -0.961316 -0.048571 0.005593 0.373016 0.926536
1646305726.752958 2.381146 2.371304 -0.963123 -0.052431 -0.003019 0.383984 0.921845
1646305726.777957 2.407187 2.400313 -0.965832 -0.056497 -0.010259 0.392874 0.917798
1646305726.802956 2.432806 2.428514 -0.968174 -0.060714 -0.015611 0.399159 0.914736
1646305726.827955 2.456114 2.454532 -0.970490 -0.065178 -0.018882 0.401631 0.913284
1646305726.852954 2.480006 2.481582 -0.974671 -0.071475 -0.021732 0.404044 0.911684
1646305726.877953 2.505969 2.505865 -0.978026 -0.079489 -0.025026 0.404838 0.910583
1646305726.902952 2.531907 2.530334 -0.981265 -0.087769 -0.028140 0.403738 0.910220
1646305726.927951 2.557091 2.553127 -0.982235 -0.094569 -0.029407 0.400621 0.910876
1646305726.952950 2.581672 2.577523 -0.984568 -0.100110 -0.029441 0.398987 0.911000
1646305726.977949 2.609581 2.600466 -0.985217 -0.105942 -0.028601 0.396228 0.911571
1646305727.002948 2.638218 2.624173 -0.984756 -0.112068 -0.026834 0.392619 0.912453
1646305727.027947 2.665415 2.641526 -0.983479 -0.118516 -0.024156 0.386079 0.914502
1646305727.052946 2.693616 2.665279 -0.981993 -0.122961 -0.021114 0.380362 0.916384
1646305727.077945 2.723121 2.687554 -0.979721 -0.125894 -0.016917 0.372370 0.919350
1646305727.102944 2.753161 2.709774 -0.977331 -0.128169 -0.013807 0.362934 0.922855
1646305727.127944 2.783257 2.731936 -0.974044 -0.130617 -0.011869 0.351459 0.926971
1646305727.152942 2.812980 2.755064 -0.973074 -0.132363 -0.010692 0.341603 0.930416
1646305727.177942 2.844824 2.775292 -0.971357 -0.133499 -0.010711 0.329716 0.934532
1646305727.202941 2.878653 2.795547 -0.969850 -0.134918 -0.012819 0.315616 0.939159
1646305727.227940 2.909835 2.808395 -0.967565 -0.135062 -0.015853 0.298537 0.944660
1646305727.252939 2.941544 2.826227 -0.967078 -0.133595 -0.020207 0.282815 0.949610
1646305727.277938 2.973451 2.842377 -0.966125 -0.130616 -0.024401 0.266412 0.954656
1646305727.302937 3.006547 2.857245 -0.965182 -0.127154 -0.028833 0.249308 0.959607
1646305727.327936 3.037613 2.871734 -0.962718 -0.122240 -0.033113 0.230935 0.964692
1646305727.352935 3.068640 2.887798 -0.962587 -0.115780 -0.037140 0.214868 0.969044
1646305727.377934 3.098672 2.900891 -0.960606 -0.108939 -0.040089 0.200329 0.972828
1646305727.402933 3.129284 2.914601 -0.958463 -0.102567 -0.042174 0.185870 0.976296
1646305727.427932 3.157674 2.927210 -0.955313 -0.096723 -0.043470 0.171559 0.979450
1646305727.452931 3.188133 2.942677 -0.953507 -0.091779 -0.044034 0.158881 0.982036
1646305727.477930 3.217299 2.956115 -0.950049 -0.086837 -0.044418 0.148527 0.984086
1646305727.502929 3.246729 2.968357 -0.946214 -0.083330 -0.043564 0.138788 0.985848
1646305727.527928 3.272342 2.974252 -0.941547 -0.079450 -0.040857 0.129843 0.987501
1646305727.552927 3.301395 2.986679 -0.937839 -0.073358 -0.038637 0.123774 0.988841
1646305727.577926 3.327640 2.997827 -0.933272 -0.066264 -0.035802 0.119826 0.989934
1646305727.602926 3.355278 3.007929 -0.929374 -0.060463 -0.034217 0.117178 0.990678
1646305727.627924 3.378639 3.015295 -0.926631 -0.055306 -0.033129 0.115709 0.991189
1646305727.652924 3.408283 3.025379 -0.923979 -0.048825 -0.033416 0.114825 0.991622
1646305727.677923 3.434451 3.034782 -0.920966 -0.040886 -0.033856 0.114469 0.992008
1646305727.702922 3.461748 3.043061 -0.918042 -0.033654 -0.034829 0.113169 0.992395
1646305727.727921 3.481482 3.049893 -0.917130 -0.027051 -0.036267 0.111729 0.992708
1646305727.752920 3.512352 3.058376 -0.914922 -0.019572 -0.039253 0.109710 0.992995
1646305727.777919 3.537860 3.065446 -0.912794 -0.012158 -0.042512 0.108064 0.993160
1646305727.802918 3.563910 3.071850 -0.910974 -0.005893 -0.046027 0.107381 0.993134
1646305727.827917 3.582080 3.074946 -0.908930 -0.000991 -0.048910 0.108209 0.992924
1646305727.852916 3.612155 3.080852 -0.906447 0.003936 -0.050634 0.108728 0.992773
1646305727.877915 3.636992 3.085727 -0.904562 0.007285 -0.050809 0.109153 0.992699
1646305727.902914 3.662624 3.090054 -0.902567 0.008593 -0.050071 0.109338 0.992706
1646305727.927913 3.682783 3.093862 -0.902088 0.006379 -0.048089 0.109914 0.992757
1646305727.952912 3.715031 3.096563 -0.899107 0.003827 -0.046025 0.108749 0.992996
1646305727.977911 3.741966 3.098348 -0.896874 0.000560 -0.043984 0.106752 0.993312
1646305728.002910 3.770017 3.099462 -0.894313 -0.002087 -0.042124 0.104332 0.993648
1646305728.027909 3.800445 3.104717 -0.892468 -0.003928 -0.041070 0.101626 0.993967
1646305728.052900 3.832933 3.107642 -0.889653 -0.003750 -0.040720 0.097974 0.994348
1646305728.077899 3.863195 3.109577 -0.888202 -0.003262 -0.041194 0.094917 0.994627
1646305728.102898 3.893947 3.111324 -0.887073 -0.000718 -0.041417 0.090325 0.995050
1646305728.127897 3.911176 3.104400 -0.887820 0.003239 -0.042174 0.084865 0.995494
1646305728.152896 3.946661 3.105372 -0.887814 0.008139 -0.042387 0.077597 0.996050
1646305728.177895 3.976570 3.105888 -0.888820 0.012377 -0.043235 0.070922 0.996468
1646305728.177895 3.976570 3.105888 -0.888820 0.012377 -0.043235 0.070922 0.996468
1646305728.227893 4.044603 3.098473 -0.897949 0.016964 -0.040485 0.057616 0.997373
1646305728.252892 4.076071 3.096118 -0.901374 0.020789 -0.040015 0.049705 0.997745
1646305728.252892 4.076071 3.096118 -0.901374 0.020789 -0.040015 0.049705 0.997745
1646305728.327889 4.161725 3.102373 -0.910666 0.027139 -0.035894 0.033965 0.998409
1646305728.327889 4.161725 3.102373 -0.910666 0.027139 -0.035894 0.033965 0.998409
1646305728.427885 4.288015 3.120240 -0.903473 0.027079 -0.016955 0.024569 0.999187
1646305728.427885 4.288015 3.120240 -0.903473 0.027079 -0.016955 0.024569 0.999187
1646305728.527881 4.408087 3.145282 -0.891468 0.024964 -0.010497 0.045190 0.998611
1646305728.527881 4.408087 3.145282 -0.891468 0.024964 -0.010497 0.045190 0.998611
1646305728.627877 4.537231 3.172773 -0.893768 0.019835 -0.022226 0.091537 0.995356
1646305728.627877 4.537231 3.172773 -0.893768 0.019835 -0.022226 0.091537 0.995356
1646305728.727873 4.649660 3.212755 -0.916384 -0.011689 -0.026438 0.140811 0.989614
1646305728.727873 4.649660 3.212755 -0.916384 -0.011689 -0.026438 0.140811 0.989614
1646305728.827869 4.767340 3.253027 -0.939235 -0.080361 -0.015111 0.186710 0.979006
1646305728.827869 4.767340 3.253027 -0.939235 -0.080361 -0.015111 0.186710 0.979006
1646305728.927865 4.884231 3.285615 -0.955616 -0.147982 0.004064 0.210484 0.966324
1646305728.927865 4.884231 3.285615 -0.955616 -0.147982 0.004064 0.210484 0.966324
